2D_landslide/Landslide/figures/0h.txt
ncols   200
nrows   200
xllcorner   0
yllcorner   0
cellsize   12.5
NODATA_value   -9999.00000
[rows 57 to 75 of 200, columns 88 to 131 of 200]
49.96626663208008 59.85187530517578 65.45409393310547 67.85079193115234 69.23333740234375 73.25921630859375 80.21397399902344 83.36141204833984 85.3825912475586 85.5212173461914 90.23917388916016 92.91364288330078 92.18193054199219 94.07592010498047 97.42301940917969 99.57119750976562 102.57315063476562 101.84931182861328 105.34306335449219 106.42253875732422 109.92543029785156 115.32879638671875 119.36229705810547 118.2575454711914 114.10540008544922 108.87244415283203 101.496826171875 94.78813934326172 82.83528900146484 73.26042938232422 57.22229766845703 44.17965316772461 21.27239418029785 2.326672077178955 2.0425665378570557 1.6519997119903564 1.2886444330215454 1.05843985080719 0.8572900295257568 0.5996302366256714 0.36411020159721375 0.21640634536743164 0.06262681633234024 0.0
52.75193405151367 62.12507629394531 63.891841888427734 64.81083679199219 67.77500915527344 68.60767364501953 73.07726287841797 77.68634033203125 78.46565246582031 79.62792205810547 85.98631286621094 86.26644897460938 87.66018676757812 88.2477035522461 90.54340362548828 94.60981750488281 98.09283447265625 99.0295181274414 102.32098388671875 102.36192321777344 106.48762512207031 109.85517883300781 112.91604614257812 113.05487823486328 108.75143432617188 103.67887115478516 97.20581817626953 88.18284606933594 74.59606170654297 63.803504943847656 49.53076171875 38.41291809082031 16.346759796142578 2.5748140811920166 2.2846431732177734 1.9432356357574463 1.5656239986419678 1.2278602123260498 1.0193583965301514 0.7938908934593201 0.5281080603599548 0.3200943171977997 0.15712293982505798 0.008243194781243801
55.9132194519043 62.77058410644531 63.60908508300781 66.16704559326172 67.81877136230469 68.49824523925781 72.60009002685547 76.94266510009766 76.91281127929688 79.64107513427734 86.2226791381836 86.33000946044922 87.18314361572266 87.80809020996094 91.5396728515625 94.82706451416016 99.02951049804688 99.8603744506836 101.90951538085938 101.7641372680664 105.17976379394531 109.29670715332031 109.5800552368164 108.06704711914062 104.11143493652344 100.53775024414062 95.2283706665039 86.5837631225586 73.41506958007812 64.07489776611328 50.10283660888672 39.12675094604492 15.365602493286133 2.7758216857910156 2.466458559036255 2.128361940383911 1.7788541316986084 1.4204353094100952 1.1579276323318481 0.9432944059371948 0.6742264628410339 0.4159476161003113 0.23151181638240814 0.0564221628010273
60.84577941894531 64.32613372802734 67.83199310302734 69.89716339111328 71.19844055175781 71.79409790039062 75.97200012207031 79.46927642822266 81.20429229736328 84.21527099609375 90.7752685546875 94.2962417602539 94.3521728515625 93.64258575439453 97.49846649169922 101.08258056640625 102.91719818115234 103.77877044677734 105.44818878173828 106.20085144042969 109.70608520507812 111.28491973876953 113.49028015136719 110.69878387451172 105.32386016845703 103.6760025024414 98.16825103759766 90.67041778564453 76.78620147705078 66.08303833007812 53.35544204711914 42.22496795654297 20.455631256103516 2.965333938598633 2.633284091949463 2.288625717163086 1.9812135696411133 1.6005862951278687 1.295310378074646 1.0795204639434814 0.8256809711456299 0.539862871170044 0.31399399042129517 0.1260097622871399
58.49949264526367 62.48221206665039 66.36017608642578 68.1620864868164 71.1318588256836 71.63944244384766 76.1234359741211 78.78333282470703 82.09927368164062 86.51759338378906 90.57144927978516 95.26630401611328 96.27445983886719 93.01840209960938 98.12432098388672 102.7148208618164 102.68925476074219 104.30488586425781 104.02217864990234 104.94197845458984 108.47188568115234 111.58857727050781 112.80764770507812 110.20050811767578 106.33960723876953 105.22383880615234 98.93216705322266 91.62886047363281 76.40857696533203 65.40270233154297 51.513851165771484 40.77199935913086 21.836503982543945 5.9037299156188965 2.7702295780181885 2.4110465049743652 2.106232166290283 1.7522742748260498 1.4145220518112183 1.1916998624801636 0.9560616612434387 0.6656215786933899 0.4065016806125641 0.1979353427886963
44.74694061279297 53.06707000732422 60.86513137817383 62.01760482788086 66.43376922607422 68.51290893554688 71.87638092041016 74.15237426757812 78.8780517578125 83.6922607421875 89.11246490478516 93.03103637695312 95.25995635986328 94.74736022949219 97.3634262084961 98.95317077636719 100.85115051269531 97.6606674194336 95.7398910522461 98.38723754882812 103.58112335205078 106.98149108886719 107.55667114257812 105.61063385009766 103.45658874511719 100.8719482421875 94.64974975585938 84.5715560913086 68.67096710205078 58.92176818847656 44.891136169433594 33.973052978515625 16.39065933227539 4.740238189697266 2.9050276279449463 2.54367995262146 2.246014356613159 1.885055661201477 1.5173416137695312 1.2633066177368164 1.0348286628723145 0.7556962966918945 0.4867086708545685 0.27542394399642944
40.22376251220703 47.18183135986328 58.80117416381836 61.14162826538086 66.0108871459961 68.28305053710938 72.51940155029297 73.21404266357422 76.9825439453125 84.45439147949219 89.93858337402344 94.1131362915039 96.95404815673828 95.50618743896484 97.03136444091797 99.6275634765625 99.55651092529297 96.24555969238281 97.16569519042969 98.68638610839844 102.11741638183594 106.5357894897461 106.13121795654297 103.38201904296875 99.89469909667969 98.38661193847656 91.92054748535156 82.03050231933594 66.95306396484375 59.03318786621094 43.189517974853516 32.29975891113281 14.665886878967285 5.833978176116943 2.928616523742676 2.5357167720794678 2.2290565967559814 1.8546674251556396 1.5128926038742065 1.3033796548843384 1.093004822731018 0.8226450085639954 0.5435417890548706 0.31434181332588196
38.30808639526367 46.37482452392578 59.028629302978516 62.214786529541016 66.49736785888672 69.90618896484375 74.18346405029297 77.55880737304688 83.47554016113281 87.36272430419922 95.3967514038086 96.92349243164062 100.25138092041016 100.40336608886719 99.33355712890625 100.50704956054688 101.7711410522461 102.56694030761719 102.66166687011719 104.23482513427734 108.39253234863281 110.29752349853516 107.65148162841797 103.83939361572266 99.92276763916016 97.09324645996094 89.67569732666016 82.7091064453125 67.79197692871094 60.27207946777344 46.70376205444336 33.34870147705078 15.045343399047852 7.957321643829346 2.8965530395507812 2.4673144817352295 2.1175875663757324 1.7458823919296265 1.477857232093811 1.3139771223068237 1.111077070236206 0.8514693975448608 0.5738165378570557 0.32746773958206177
33.67487716674805 40.052085876464844 53.0872917175293 58.6710319519043 63.27605056762695 66.3480224609375 71.11751556396484 74.1337661743164 83.38906860351562 87.32222747802734 92.77582550048828 95.51372528076172 98.22400665283203 99.67369079589844 94.67108917236328 96.95394897460938 99.18062591552734 103.0536117553711 103.49658966064453 105.17232513427734 110.93569946289062 110.75031280517578 107.04659271240234 104.3049087524414 97.98612213134766 95.2149429321289 89.33307647705078 81.49866485595703 67.25009155273438 59.83654022216797 47.432861328125 34.70543670654297 16.380207061767578 9.127363204956055 2.8240678310394287 2.3522794246673584 1.946526050567627 1.608251929283142 1.4423551559448242 1.2819088697433472 1.0768629312515259 0.8291569352149963 0.5610581040382385 0.31055933237075806
19.96385955810547 28.52402687072754 40.926475524902344 47.97180938720703 52.03904724121094 57.80567932128906 62.95138168334961 67.015380859375 73.46286010742188 77.76285552978516 81.85035705566406 84.54460906982422 86.0566177368164 84.90634155273438 84.12467193603516 87.18640899658203 90.98602294921875 98.27384948730469 103.84664916992188 106.9425048828125 110.3675537109375 110.2713394165039 105.88701629638672 100.9538803100586 95.2481689453125 92.92115020751953 84.93529510498047 78.6414566040039 63.32264709472656 55.05908203125 44.727088928222656 34.51394271850586 17.573400497436523 9.141407012939453 4.5041823387146 2.20443058013916 1.7580978870391846 1.5126038789749146 1.3716593980789185 1.1901867389678955 0.9831753969192505 0.7429198622703552 0.4819120466709137 0.24733233451843262
18.240463256835938 25.679283142089844 37.01447296142578 43.94619369506836 49.37139129638672 55.476219177246094 61.978275299072266 65.74798583984375 71.93927764892578 75.00918579101562 77.87971496582031 79.30651092529297 80.43119812011719 81.73479461669922 81.28275299072266 84.39920043945312 88.98970031738281 94.91619110107422 102.64336395263672 105.32759857177734 108.22632598876953 107.92926788330078 106.87601470947266 101.39930725097656 95.3532943725586 93.38939666748047 84.58783721923828 75.70121765136719 62.51939010620117 55.193363189697266 44.683475494384766 35.510921478271484 19.578144073486328 10.689191818237305 5.3696794509887695 1.9564021825790405 1.6048849821090698 1.4522696733474731 1.2622973918914795 1.0609031915664673 0.8442398309707642 0.6061127185821533 0.360461950302124 0.1535814106464386
16.79515838623047 24.22221565246582 35.697269439697266 42.78756332397461 50.804203033447266 54.65446853637695 64.50240325927734 67.30158233642578 72.6435546875 75.43843078613281 76.94879150390625 78.29821014404297 81.5272216796875 83.93460845947266 81.68707275390625 83.2028579711914 90.81462097167969 99.06134796142578 102.62672424316406 103.41006469726562 106.37057495117188 108.60911560058594 107.10498046875 101.9618911743164 95.56653594970703 92.42340087890625 84.52816009521484 76.37352752685547 62.43122863769531 53.91657638549805 43.641361236572266 35.078338623046875 24.03835105895996 18.772640228271484 13.088651657104492 1.794221043586731 1.5706000328063965 1.368086576461792 1.128507137298584 0.8905290365219116 0.6572299003601074 0.41626858711242676 0.19944708049297333 0.051227569580078125
14.3440523147583 20.60880470275879 32.08254623413086 40.52772521972656 49.09590148925781 51.74153518676758 62.573219299316406 65.66368865966797 70.43038177490234 72.87804412841797 76.41119384765625 76.64482879638672 80.53857421875 84.00885772705078 82.49702453613281 83.51642608642578 91.47390747070312 97.92022705078125 100.51521301269531 101.56400299072266 102.19036102294922 103.98662567138672 103.22212982177734 98.6580810546875 88.48723602294922 85.37950897216797 77.5313720703125 70.14217376708984 58.46548080444336 50.59722137451172 39.45845413208008 33.995445251464844 26.03280258178711 21.078289031982422 16.566390991210938 1.7761199474334717 1.5273555517196655 1.2642335891723633 0.9811472296714783 0.6996594667434692 0.43457165360450745 0.20482274889945984 0.047374702990055084 0.0
4.603603839874268 10.833946228027344 25.032577514648438 32.79798126220703 45.45326232910156 50.84060287475586 60.829063415527344 63.057857513427734 68.11710357666016 70.52656555175781 72.63504028320312 75.21012878417969 78.58574676513672 79.05245971679688 80.71843719482422 81.16301727294922 86.37541961669922 90.64746856689453 94.74169158935547 93.26844787597656 92.13642120361328 91.344482421875 90.85209655761719 89.6038589477539 75.00733947753906 70.24425506591797 60.13938522338867 54.597129821777344 46.50334548950195 40.0611572265625 32.48070526123047 29.351694107055664 23.350627899169922 20.19248390197754 15.063323974609375 1.7274423837661743 1.4372265338897705 1.132344126701355 0.8052296042442322 0.494975745677948 0.22914814949035645 0.04864194244146347 0.0 0.0
1.6326234340667725 7.4734086990356445 23.76020050048828 32.064353942871094 45.04437255859375 50.684879302978516 58.52570343017578 64.21830749511719 69.0142822265625 70.11231231689453 75.99711608886719 77.13336944580078 77.3769760131836 77.59159088134766 81.66620635986328 81.97702026367188 87.42081451416016 91.96004486083984 94.56602478027344 94.20006561279297 88.73522186279297 88.52777862548828 87.29534912109375 85.6039047241211 74.5420150756836 68.29459381103516 58.91282653808594 52.23958969116211 42.32668685913086 37.577762603759766 32.04212951660156 31.014713287353516 25.79538345336914 22.749813079833984 17.37122344970703 12.024977684020996 1.3366931676864624 0.9996949434280396 0.6552094221115112 0.348603218793869 0.11009114980697632 0.0 0.0 0.0
1.5956863164901733 1.8904049396514893 26.327245712280273 33.776824951171875 48.16206359863281 53.96009826660156 61.999324798583984 66.72777557373047 72.60923767089844 74.82627868652344 80.8226547241211 81.65571594238281 79.96803283691406 81.15896606445312 83.90727996826172 86.70634460449219 91.25724792480469 95.86616516113281 98.36148834228516 96.60944366455078 92.21530151367188 90.2865982055664 87.14614868164062 86.46981811523438 75.77391815185547 69.46910858154297 62.149627685546875 56.46738815307617 45.5749397277832 39.958404541015625 38.356781005859375 36.613433837890625 32.32950973510742 27.855010986328125 22.106689453125 16.49763298034668 1.2149163484573364 0.8620765805244446 0.5292574763298035 0.25241759419441223 0.04256455600261688 0.0 0.0 0.0
1.5321240425109863 1.820238471031189 25.105138778686523 30.524147033691406 47.78962707519531 54.88003921508789 63.083980560302734 66.90480041503906 72.5606918334961 74.597900390625 80.4980239868164 79.84994506835938 81.00325775146484 81.88923645019531 82.92727661132812 83.02338409423828 90.39334869384766 96.73074340820312 98.1468505859375 96.27098083496094 91.50484466552734 89.33777618408203 84.47189331054688 83.51145935058594 74.47655487060547 68.40870666503906 62.19133377075195 56.381004333496094 46.84775924682617 42.626373291015625 41.231849670410156 39.60283660888672 35.108612060546875 30.650327682495117 22.274456024169922 17.623077392578125 1.0743814706802368 0.7300240993499756 0.43297773599624634 0.17604441940784454 0.0002520475536584854 0.0 0.0 0.0
1.444740653038025 1.7288525104522705 19.608190536499023 28.62291145324707 41.0417366027832 50.73295974731445 58.09164047241211 62.06850814819336 66.0681381225586 64.95240020751953 76.34050750732422 73.97097778320312 73.50421905517578 73.802734375 75.47718048095703 73.37535095214844 77.42642211914062 83.15572357177734 84.99200439453125 85.43611907958984 75.89715576171875 74.64734649658203 72.31055450439453 70.86372375488281 62.62910842895508 59.8325309753418 53.876102447509766 51.76542282104492 44.173072814941406 39.84259796142578 37.45366668701172 36.041404724121094 30.633676528930664 23.54122543334961 18.24099349975586 14.028721809387207 0.9147347807884216 0.6065893769264221 0.346666544675827 0.11145681142807007 0.0 0.0 0.0 0.0
1.2631750106811523 1.4867935180664062 1.7267444133758545 24.812698364257812 38.72909927368164 48.502159118652344 55.6583251953125 59.33096694946289 62.212646484375 63.521400451660156 71.9723129272461 72.00472259521484 70.57915496826172 71.84339904785156 70.49622344970703 70.4112548828125 74.57401275634766 78.43402862548828 81.12651062011719 79.00762176513672 69.84561920166016 68.70033264160156 65.27857208251953 64.18282318115234 57.42433547973633 55.11423873901367 50.5600471496582 49.821407318115234 43.98091506958008 39.27427291870117 36.87123107910156 35.78753662109375 28.98402214050293 20.92595100402832 14.347578048706055 1.0938332080841064 0.7784008383750916 0.5044611692428589 0.2577340602874756 0.04890899360179901 0.0 0.0 0.0 0.0
