2D_landslide/Landslide/figures/0h.txt
ncols   200
nrows   200
xllcorner   0
yllcorner   0
cellsize   12.5
NODATA_value   -9999.00000
[rows 95 to 113 of 200, columns 132 to 175 of 200]
0.0 0.0 0.0 0.0 0.0 0.0 0.0027099554426968098 0.004841416142880917 0.005321449600160122 0.005478274077177048 0.005571491084992886 0.005755091551691294 0.005875168368220329 0.006126660853624344 0.0064347293227910995 0.006763717625290155 0.007007827516645193 0.007169562391936779 0.007241139654070139 0.007266428787261248 0.00727388309314847 0.0072760977782309055 0.007276805583387613 0.00727705517783761 0.007277130614966154 0.0072770859114825726 0.007276801858097315 0.007275780197232962 0.007272061891853809 0.007261712569743395 0.00724212359637022 0.0072227357886731625 0.007222500629723072 0.007245774846524 0.007266957312822342 0.0072756120935082436 0.007277328986674547 0.007277532014995813 0.007277547847479582 0.007277549244463444 0.007277549244463444 0.007277549244463444 0.007277549244463444 0.007277549244463444
0.0 0.0 0.0 0.0 0.0 0.0 0.0 0.0019073155708611012 0.002311892807483673 0.002708613406866789 0.003039564471691847 0.003405151655897498 0.0037082110065966845 0.004291857592761517 0.004872380755841732 0.005579471122473478 0.006202644668519497 0.006730180233716965 0.00705736642703414 0.0072027225978672504 0.007254826370626688 0.007270480040460825 0.007275010459125042 0.007276220712810755 0.007276582531630993 0.007276569493114948 0.007276143878698349 0.007274750154465437 0.0072704944759607315 0.007262378931045532 0.007253202609717846 0.007251127157360315 0.00725922454148531 0.007270413916558027 0.007276018615812063 0.007277361117303371 0.007277533877640963 0.007277548313140869 0.007277549244463444 0.007277549244463444 0.007277549244463444 0.007277549244463444 0.007277549244463444 0.007277549244463444
0.0 0.0 0.0 0.0 0.0 0.0 0.0 0.0 0.0 0.0 0.0 0.000233454629778862 0.0007818830199539661 0.0014482238329946995 0.002079311292618513 0.0030365153215825558 0.004061735235154629 0.005234063602983952 0.00623095128685236 0.006844618823379278 0.007126702927052975 0.007231372408568859 0.007264662999659777 0.007273235358297825 0.007275293581187725 0.007275629788637161 0.007275218144059181 0.007273828610777855 0.0072705126367509365 0.007266657892614603 0.007265384308993816 0.007268608082085848 0.007273594383150339 0.00727654667571187 0.007277408614754677 0.007277537137269974 0.007277548313140869 0.007277549244463444 0.007277549244463444 0.007277549244463444 0.007277549244463444 0.007277549244463444 0.007277549244463444 0.007277549244463444
0.0 0.0 0.0 0.0 0.0 0.0 0.0 0.0 0.0 0.0 0.0 0.0 0.0 0.0 0.0 0.0 0.0 0.0014181002043187618 0.003565869526937604 0.005384469870477915 0.006532755214720964 0.007037200033664703 0.007214666344225407 0.007261679042130709 0.007272342685610056 0.007274285424500704 0.0072745331563055515 0.0072741322219371796 0.007273302413523197 0.00727307703346014 0.0072740959003567696 0.007275898475199938 0.007277063559740782 0.007277472876012325 0.007277541793882847 0.0072775487788021564 0.007277549244463444 0.007277549244463444 0.007277549244463444 0.007277549244463444 0.007277549244463444 0.007277549244463444 0.007277549244463444 0.007277549244463444
0.0 0.0 0.0 0.0 0.0 0.0 0.0 0.0 0.0 0.0 0.0 0.0 0.0 0.0 0.0 0.0 0.0 0.0 0.0 0.002329652663320303 0.005021709017455578 0.006508700083941221 0.00707915797829628 0.0072349379770457745 0.007267822977155447 0.007273185066878796 0.007274627685546875 0.007275218144059181 0.007275647018104792 0.007276232820004225 0.0072768921963870525 0.007277347147464752 0.0072775110602378845 0.007277544122189283 0.007277548313140869 0.007277549244463444 0.007277549244463444 0.007277549244463444 0.007277549244463444 0.007277549244463444 0.007277549244463444 0.007277549244463444 0.007277549244463444 0.007277549244463444
0.0 0.0 0.0 0.0 0.0 0.0 0.0 0.0 0.0 0.0 0.0 0.0 0.0 0.0 0.0 0.0 0.0 0.0 0.0 0.0 0.0024332725442945957 0.005458804313093424 0.006792414467781782 0.0071799615398049355 0.007260710932314396 0.007272789254784584 0.007275470998138189 0.007276427466422319 0.00727697042748332 0.007277292665094137 0.007277468219399452 0.007277531083673239 0.007277545053511858 0.007277547847479582 0.0072775487788021564 0.007277549244463444 0.007277549244463444 0.007277549244463444 0.007277549244463444 0.007277549244463444 0.007277549244463444 0.007277549244463444 0.007277549244463444 0.007277549244463444
0.0 0.0 0.0 0.0 0.0 0.0 0.0 0.0 0.0 0.0 0.0 0.0 0.0 0.0 0.0 0.0 0.0 0.0 0.0 0.0 0.0 0.004009043797850609 0.006356598809361458 0.00709341699257493 0.007248553913086653 0.007272497285157442 0.007276253309100866 0.007277130149304867 0.007277416996657848 0.007277511525899172 0.007277539931237698 0.007277545984834433 0.007277547847479582 0.0072775487788021564 0.007277549244463444 0.007277549244463444 0.007277549244463444 0.007277549244463444 0.007277549244463444 0.007277549244463444 0.007277549244463444 0.007277549244463444 0.007277549244463444 0.007277549244463444
0.0 0.0 0.0 0.0 0.0 0.0 0.0 0.0 0.0 0.0 0.0 0.0 0.0 0.0 0.0 0.0 0.0 0.0 0.0 0.0 0.0 0.002027534879744053 0.005620297975838184 0.006910766940563917 0.007216434460133314 0.00726796081289649 0.00727590499445796 0.007277282420545816 0.007277507800608873 0.007277540862560272 0.00727754645049572 0.007277547847479582 0.0072775487788021564 0.0072775487788021564 0.007277549244463444 0.007277549244463444 0.007277549244463444 0.007277549244463444 0.007277549244463444 0.007277549244463444 0.007277549244463444 0.007277549244463444 0.007277549244463444 0.007277549244463444
0.0 0.0 0.0 0.0 0.0 0.0 0.0 0.0 0.0 0.0 0.0 0.0 0.0 0.0 0.0 0.0 0.0 0.0 0.0 0.0 0.0 0.000403400044888258 0.004888724535703659 0.00667546084150672 0.00716513441875577 0.007256723940372467 0.00727362185716629 0.0072769769467413425 0.007277501281350851 0.007277544122189283 0.007277547847479582 0.0072775487788021564 0.0072775487788021564 0.007277549244463444 0.007277549244463444 0.007277549244463444 0.007277549244463444 0.007277549244463444 0.007277549244463444 0.007277549244463444 0.007277549244463444 0.007277549244463444 0.007277549244463444 0.007277549244463444
0.0 0.0 0.0 0.0 0.0 0.0 0.0 0.0013799704611301422 0.0025251349434256554 0.002622867003083229 0.0017419490031898022 0.0 0.0 0.0 0.0 0.0 0.0 0.0 0.0 0.0 0.0 0.0 0.004221496172249317 0.00642542215064168 0.007090440485626459 0.007235863711684942 0.007267829496413469 0.007275531068444252 0.007277362979948521 0.00727753946557641 0.007277548313140869 0.0072775487788021564 0.007277549244463444 0.007277549244463444 0.007277549244463444 0.007277549244463444 0.007277549244463444 0.007277549244463444 0.007277549244463444 0.007277549244463444 0.007277549244463444 0.007277549244463444 0.007277549244463444 0.007277549244463444
0.0 0.0 0.0 0.0 0.000944982748478651 0.0022495267912745476 0.0036711543798446655 0.0044934432953596115 0.00493078026920557 0.004708703141659498 0.0038501524832099676 0.001830222550779581 0.0 0.0 0.0 0.0 0.0 0.0 0.0 0.0 0.0 0.0 0.003888048231601715 0.006248330697417259 0.007019345182925463 0.007213658187538385 0.007260234095156193 0.007273108698427677 0.007276942953467369 0.007277507800608873 0.007277546916157007 0.0072775487788021564 0.007277549244463444 0.007277549244463444 0.007277549244463444 0.007277549244463444 0.007277549244463444 0.007277549244463444 0.007277549244463444 0.007277549244463444 0.007277549244463444 0.007277549244463444 0.007277549244463444 0.007277549244463444
0.0 0.0 0.0007688635960221291 0.0025978339836001396 0.0036221772897988558 0.004594661295413971 0.005486428737640381 0.005904392804950476 0.006047870963811874 0.00581641960889101 0.005026274360716343 0.0030932300724089146 0.0 0.0 0.0 0.0 0.0 0.0 0.0 0.0 0.0 0.0 0.0038567741867154837 0.00615752674639225 0.006969253532588482 0.0071933940052986145 0.007251712493598461 0.007269497495144606 0.007275872863829136 0.007277324330061674 0.007277503143996 0.007277532946318388 0.007277545053511858 0.007277548313140869 0.0072775487788021564 0.007277549244463444 0.007277549244463444 0.007277549244463444 0.007277549244463444 0.007277549244463444 0.007277549244463444 0.007277549244463444 0.007277549244463444 0.007277549244463444
0.0 0.0013311682268977165 0.004038951825350523 0.004912068136036396 0.0054793572053313255 0.006161598954349756 0.006520582363009453 0.0066749295219779015 0.006678533740341663 0.0064539010636508465 0.005819519981741905 0.004360003396868706 0.0015161782503128052 0.0 0.0 0.0 0.0 0.0 0.0 0.0 0.0 0.000967823900282383 0.004533244296908379 0.006343015935271978 0.007003713399171829 0.0071961767971515656 0.007249284069985151 0.007267537992447615 0.007274635136127472 0.0072765713557600975 0.007276907563209534 0.0072772386483848095 0.007277451455593109 0.007277517579495907 0.007277539931237698 0.0072775473818182945 0.0072775487788021564 0.007277549244463444 0.007277549244463444 0.007277549244463444 0.007277549244463444 0.007277549244463444 0.007277549244463444 0.007277549244463444
0.00010557053610682487 0.0037937238812446594 0.005298212170600891 0.005954674445092678 0.006389004178345203 0.006738156545907259 0.006916823796927929 0.006991284433752298 0.006935251411050558 0.0067381239496171474 0.006229915656149387 0.005097322165966034 0.002897738479077816 0.0 0.0 0.0 0.0 0.0 0.0 0.0 0.0 0.003166967537254095 0.005511375609785318 0.00665696244686842 0.007080594077706337 0.007213474716991186 0.007252270355820656 0.007267340552061796 0.007272949442267418 0.00727376202121377 0.007273620925843716 0.007273898459970951 0.0072762020863592625 0.0072770374827086926 0.007277390453964472 0.007277503143996 0.007277538534253836 0.007277544122189283 0.00727754645049572 0.007277547847479582 0.0072775487788021564 0.007277549244463444 0.007277549244463444 0.007277549244463444
0.002241878304630518 0.004738492891192436 0.005894874222576618 0.006464184261858463 0.006827301345765591 0.00702067231759429 0.007115856744349003 0.007137051783502102 0.007083843927830458 0.006932940799742937 0.0065739392302930355 0.0058150142431259155 0.004380722995847464 0.0022085211239755154 0.0 0.0 0.0 0.0 0.0 0.0014703753404319286 0.0037641404196619987 0.005526203196495771 0.006551681086421013 0.00701270904392004 0.007179571315646172 0.00723729282617569 0.007259231526404619 0.007268664892762899 0.007271451409906149 0.007270338945090771 0.007268788293004036 0.007269333116710186 0.007271846756339073 0.007274245377629995 0.007276003714650869 0.007276841439306736 0.007277196738868952 0.007277313619852066 0.0072774202562868595 0.007277506869286299 0.0072775413282215595 0.007277548313140869 0.007277549244463444 0.007277549244463444
0.0020128204487264156 0.004961779806762934 0.0061375414952635765 0.006727216765284538 0.007020210847258568 0.007146209478378296 0.00719174649566412 0.007195968180894852 0.007160488981753588 0.007056727074086666 0.00682861777022481 0.006379051599651575 0.0055871689692139626 0.004475622903555632 0.0033595524728298187 0.0026803375221788883 0.0027059847488999367 0.0034020557068288326 0.004481935407966375 0.0055686719715595245 0.006391832139343023 0.0068831373937428 0.007119806949049234 0.007213270291686058 0.007246882189065218 0.007257938385009766 0.007265233900398016 0.007269526366144419 0.007269741035997868 0.0072679403237998486 0.007266523782163858 0.007266653701663017 0.007267355918884277 0.007268913555890322 0.007269077468663454 0.007266172673553228 0.007265185937285423 0.007268235087394714 0.007273138966411352 0.007276269141584635 0.007277366239577532 0.007277532014995813 0.007277548313140869 0.007277549244463444
0.0036955445539206266 0.005560210440307856 0.006456082686781883 0.006905352231115103 0.007109590340405703 0.00719107361510396 0.007218553218990564 0.007218283135443926 0.007190348580479622 0.0071183121763169765 0.006973975338041782 0.006716440431773663 0.006321102846413851 0.005869470536708832 0.00556560605764389 0.005578439217060804 0.005895806010812521 0.006350666284561157 0.0067588649690151215 0.007030267268419266 0.007173615507781506 0.007236648350954056 0.007260149344801903 0.007266899570822716 0.007268416695296764 0.00726831890642643 0.007269265595823526 0.0072698211297392845 0.007268915418535471 0.0072675528936088085 0.007266179658472538 0.007266157306730747 0.007264904212206602 0.007256471551954746 0.007230264134705067 0.007182295434176922 0.007146424148231745 0.0071592777967453 0.0072172353975474834 0.007260600570589304 0.007275209296494722 0.007277356926351786 0.007277540396898985 0.0072775487788021564
0.0043388488702476025 0.005726401228457689 0.006523240357637405 0.006933994125574827 0.007117972243577242 0.007191430777311325 0.007216617465019226 0.007216853555291891 0.007194838020950556 0.0071434518322348595 0.007049987092614174 0.006900946144014597 0.006714128889143467 0.006579133216291666 0.006599322892725468 0.006769199389964342 0.006980698090046644 0.007139638066291809 0.0072246817871928215 0.007259772624820471 0.007271644659340382 0.007274698931723833 0.007274354808032513 0.007272450719028711 0.007270013447850943 0.007268707733601332 0.00726788304746151 0.007267683744430542 0.007267687935382128 0.007267663720995188 0.007268462795764208 0.007267795503139496 0.007258281577378511 0.0072150202468037605 0.007087630685418844 0.006856278516352177 0.006654771044850349 0.006674670614302158 0.006930000148713589 0.007164508569985628 0.007260861806571484 0.007276224438101053 0.007277487777173519 0.0072775473818182945
0.004308367148041725 0.0055212099105119705 0.006363608408719301 0.006834018509835005 0.00705459201708436 0.007147418335080147 0.007181640714406967 0.00718556996434927 0.007167702075093985 0.007128351368010044 0.007061546202749014 0.006962009239941835 0.0068636550568044186 0.006854396779090166 0.00696971733123064 0.0071219936944544315 0.007221212610602379 0.0072619011625647545 0.007273813709616661 0.007276572752743959 0.007276816759258509 0.007275376934558153 0.0072715855203568935 0.00726577453315258 0.007260304410010576 0.007257793098688126 0.007258772384375334 0.007261771708726883 0.0072652418166399 0.0072685410268604755 0.007270870730280876 0.0072688935324549675 0.007245996966958046 0.007142328657209873 0.006834930274635553 0.00628124363720417 0.005780703388154507 0.005765511654317379 0.006304474547505379 0.006916860118508339 0.0072142318822443485 0.007271650712937117 0.00727726798504591 0.007277539931237698
