2D_landslide/Landslide/figures/0h.txt
ncols   200
nrows   200
xllcorner   0
yllcorner   0
cellsize   12.5
NODATA_value   -9999.00000
[rows 152 to 170 of 200, columns 44 to 87 of 200]
0.007277549244463444 0.007277549244463444 0.007277549244463444 0.007277549244463444 0.007277549244463444 0.0072775487788021564 0.0072775366716086864 0.0072774337604641914 0.007277038414031267 0.007276326883584261 0.007275811862200499 0.007275883574038744 0.007276282645761967 0.007276617456227541 0.007276712916791439 0.007276421412825584 0.007275151088833809 0.007269816938787699 0.007243949919939041 0.0071482108905911446 0.0069214957766234875 0.006697921082377434 0.006610449403524399 0.006728657055646181 0.006941161584109068 0.007119526155292988 0.007209000643342733 0.007237689103931189 0.007246716879308224 0.007255071308463812 0.007264348212629557 0.00727103790268302 0.007274741306900978 0.007276162039488554 0.007275874726474285 0.007270606234669685 0.007236701902002096 0.007066980004310608 0.006513509899377823 0.005419537425041199 0.004231535829603672 0.0037194332107901573 0.004263642244040966 0.005458697210997343
0.007277549244463444 0.007277549244463444 0.007277549244463444 0.007277549244463444 0.007277549244463444 0.0072775487788021564 0.007277543656527996 0.007277489174157381 0.007277205120772123 0.007276543416082859 0.007275735959410667 0.007275321986526251 0.0072754197753965855 0.00727561442181468 0.007275461684912443 0.007274431176483631 0.007270424626767635 0.007260005455464125 0.007236692123115063 0.007179057691246271 0.007068491540849209 0.00694338558241725 0.006904858164489269 0.006986314430832863 0.007114468142390251 0.007211419753730297 0.007253460586071014 0.0072607556357979774 0.007258313708007336 0.007257779594510794 0.007261417340487242 0.0072673712857067585 0.007271884009242058 0.007273954339325428 0.007272327784448862 0.007258630823343992 0.007187033072113991 0.006906911265105009 0.0061787948943674564 0.005075416062027216 0.004143174737691879 0.004044418688863516 0.0048327092081308365 0.005957986228168011
0.007277549244463444 0.007277549244463444 0.007277549244463444 0.007277549244463444 0.007277549244463444 0.007277549244463444 0.00727754645049572 0.007277518045157194 0.007277347147464752 0.007276822347193956 0.0072758872993290424 0.0072748917154967785 0.007274072617292404 0.007273328490555286 0.0072721014730632305 0.007268309127539396 0.007257495541125536 0.007231514900922775 0.007187905255705118 0.007137134205549955 0.0071023451164364815 0.0070969644002616405 0.0071249669417738914 0.007177058141678572 0.007228759117424488 0.007261138409376144 0.007273111492395401 0.007273097988218069 0.007268915884196758 0.00726459501311183 0.007262830622494221 0.007264545187354088 0.007267740089446306 0.007269006688147783 0.007263027597218752 0.007229030132293701 0.007086879573762417 0.0066390261054039 0.00575494859367609 0.004686124622821808 0.004032869357615709 0.0042578307911753654 0.005197266116738319 0.006240545306354761
0.007277549244463444 0.007277549244463444 0.007277549244463444 0.007277549244463444 0.007277549244463444 0.007277549244463444 0.0072775473818182945 0.007277528289705515 0.007277411874383688 0.007277003955096006 0.007276073098182678 0.007274634670466185 0.0072725685313344 0.007270372938364744 0.007266137283295393 0.007256585638970137 0.007230240385979414 0.007172355428338051 0.007077864371240139 0.006986405234783888 0.006961725186556578 0.007024524267762899 0.007126577664166689 0.007210982963442802 0.007256639190018177 0.007273274473845959 0.0072768935933709145 0.007276399992406368 0.007274413015693426 0.007271311245858669 0.007267609238624573 0.007265258580446243 0.007264416199177504 0.007261172868311405 0.007243369240313768 0.007168482057750225 0.006912365090101957 0.006263397634029388 0.005235486198216677 0.004246845375746489 0.003845898900181055 0.004334986209869385 0.005367184989154339 0.0063553364016115665
0.007277549244463444 0.007277549244463444 0.007277549244463444 0.007277549244463444 0.007277549244463444 0.007277549244463444 0.0072775473818182945 0.007277531549334526 0.007277440745383501 0.007277098949998617 0.007276197895407677 0.007274437230080366 0.007271015550941229 0.007265343796461821 0.007255055475980043 0.007231901399791241 0.007172537501901388 0.007053874433040619 0.006883902475237846 0.006730325054377317 0.006679043639451265 0.006766528822481632 0.00693662092089653 0.007098681293427944 0.007204392459243536 0.007251715753227472 0.007267999928444624 0.007272885646671057 0.0072745680809021 0.00727439159527421 0.007272182498127222 0.007268773857504129 0.007263919338583946 0.007252871058881283 0.007214145269244909 0.0070755514316260815 0.006658236496150494 0.005807261448353529 0.004672967828810215 0.003790170419961214 0.003615539986640215 0.004290271550416946 0.005390916019678116 0.006350975017994642
0.0072775487788021564 0.007277549244463444 0.007277549244463444 0.007277549244463444 0.007277549244463444 0.0072775487788021564 0.00727754645049572 0.007277530152350664 0.007277450058609247 0.007277150172740221 0.007276259828358889 0.007274177856743336 0.007268720772117376 0.007257345598191023 0.007233181968331337 0.007173497695475817 0.007043439894914627 0.0068286992609500885 0.006559941451996565 0.006332423537969589 0.006238878704607487 0.006310142111033201 0.006499182898551226 0.00673827575519681 0.0069491141475737095 0.007092012092471123 0.007174051832407713 0.007218652870506048 0.00724414037540555 0.007258391473442316 0.007265119347721338 0.0072665028274059296 0.007262611296027899 0.007246453780680895 0.007185676600784063 0.006975953467190266 0.006414321251213551 0.005386847537010908 0.0041898805648088455 0.0034049784298986197 0.0033881135750561953 0.004166736267507076 0.005310549400746822 0.0062704142183065414
0.00727754645049572 0.007277548313140869 0.007277549244463444 0.007277549244463444 0.007277549244463444 0.007277548313140869 0.007277544587850571 0.007277525495737791 0.007277445401996374 0.007277154363691807 0.0072762188501656055 0.007273497059941292 0.007264608982950449 0.007241036742925644 0.0071777417324483395 0.007033192552626133 0.006754993461072445 0.006380610633641481 0.005989103578031063 0.0056890761479735374 0.0055381907150149345 0.005534668453037739 0.005637303460389376 0.005837546661496162 0.006099781021475792 0.006364509463310242 0.006587123963981867 0.00677779596298933 0.006942408625036478 0.007072418928146362 0.007161441259086132 0.00721384072676301 0.007238561287522316 0.007237017620354891 0.007177356630563736 0.006937819067388773 0.006294969469308853 0.005175091326236725 0.003957212902605534 0.003227389417588711 0.003231428563594818 0.004056008532643318 0.005194480065256357 0.006141496356576681
0.007277529686689377 0.007277537602931261 0.007277545053511858 0.007277548313140869 0.0072775487788021564 0.0072775473818182945 0.007277540862560272 0.007277517579495907 0.0072774277068674564 0.007277090568095446 0.007275870069861412 0.007271339185535908 0.007252805400639772 0.007192682009190321 0.007029001601040363 0.006677644327282906 0.006126317195594311 0.005498116835951805 0.004964168183505535 0.0045922258868813515 0.004366980865597725 0.004214855842292309 0.004070538096129894 0.003939450718462467 0.0039584459736943245 0.004178144969046116 0.004539125133305788 0.0050201392732560635 0.0056112296879291534 0.006219871807843447 0.006707380060106516 0.007009884342551231 0.007158962544053793 0.007213364355266094 0.0071881492622196674 0.0069827609695494175 0.006373110692948103 0.005283075384795666 0.004118345677852631 0.0033671800047159195 0.003317583352327347 0.004065277986228466 0.0051058134995400906 0.006009580101817846
0.007277424447238445 0.007277431432157755 0.007277486380189657 0.007277530152350664 0.007277545053511858 0.007277544587850571 0.007277534808963537 0.007277504075318575 0.007277376484125853 0.007276804186403751 0.007274241652339697 0.007262811530381441 0.00721345841884613 0.007052742410451174 0.006642808206379414 0.005874686874449253 0.0048406715504825115 0.003870998974889517 0.003167469520121813 0.002745789010077715 0.0024554235860705376 0.0020961565896868706 0.0015194453299045563 0.0006759683601558208 0.0 0.0 0.0003425893373787403 0.0014476585201919079 0.0028825728222727776 0.004467987455427647 0.005820590071380138 0.0066610462963581085 0.007047335151582956 0.007188159506767988 0.007210339419543743 0.007088246755301952 0.006637337151914835 0.005739895161241293 0.004669588059186935 0.0038902456872165203 0.003733572782948613 0.004284235183149576 0.005143404006958008 0.0059486497193574905
0.007276912219822407 0.007276629563421011 0.00727685634046793 0.007277260534465313 0.007277487311512232 0.007277532014995813 0.007277525961399078 0.00727747892960906 0.007277213502675295 0.007275769021362066 0.007268424611538649 0.007235461845993996 0.007100819610059261 0.006703252904117107 0.005800158716738224 0.004331113770604134 0.002640735823661089 0.001241359394043684 0.0003807465545833111 0.0 0.0 0.0 0.0 0.0 0.0 0.0 0.0 0.0 0.0 0.002724024001508951 0.005023317411541939 0.006401673424988985 0.006988660432398319 0.00718270055949688 0.007230664137750864 0.007182853762060404 0.006927630864083767 0.006314353551715612 0.005455496720969677 0.004711448214948177 0.004445074126124382 0.004741503857076168 0.005360526964068413 0.006011798046529293
0.007275283802300692 0.0072730234824121 0.007272711489349604 0.007274914532899857 0.007276834920048714 0.0072774034924805164 0.007277497556060553 0.007277422584593296 0.007276768330484629 0.0072728595696389675 0.007253026589751244 0.00716745387762785 0.006859919987618923 0.006038394290953875 0.004379322286695242 0.0020102383568882942 0.0 0.0 0.0 0.0 0.0 0.0 0.0 0.0 0.0 0.0 0.0 0.0 0.0 0.0020476188510656357 0.00489250011742115 0.006423049606382847 0.007019903510808945 0.007199103478342295 0.007245494052767754 0.007237324491143227 0.007128817494958639 0.006801257375627756 0.006229829043149948 0.005635380744934082 0.0053017353639006615 0.005366658791899681 0.005744203459471464 0.006219883449375629
0.00727129029110074 0.007260719779878855 0.007254857569932938 0.007261521182954311 0.007271718233823776 0.007276134565472603 0.007277242839336395 0.007277272641658783 0.007275919895619154 0.007267489563673735 0.007225302513688803 0.00705303531140089 0.006487119942903519 0.0050811972469091415 0.0025441190227866173 0.0 0.0 0.0 0.0 0.0 0.0 0.0 0.0 0.0 0.0 0.0 0.0 0.0 0.0 0.0025654304772615433 0.005430525168776512 0.006669715978205204 0.007101931609213352 0.007224181666970253 0.007256082259118557 0.007259438280016184 0.007226516492664814 0.007097085937857628 0.0068075587041676044 0.006415331270545721 0.006094168871641159 0.006018024869263172 0.006201539188623428 0.006509651895612478
0.007264336105436087 0.0072342087514698505 0.0072065312415361404 0.007216102909296751 0.0072477711364626884 0.007268064189702272 0.007275122217833996 0.007276548072695732 0.0072745163924992085 0.007260010577738285 0.007189013063907623 0.006910174153745174 0.00604096706956625 0.0040334369987249374 0.0007248367182910442 0.0 0.0 0.0 0.0 0.0 0.0 0.0 0.0 0.0 0.0 0.0 0.0 0.0 0.0 0.003369989339262247 0.006174285896122456 0.006948243826627731 0.007181172724813223 0.007246027234941721 0.007263686042279005 0.007267354521900415 0.007259532809257507 0.007219020277261734 0.0071043469943106174 0.006897874176502228 0.006670327857136726 0.006558628752827644 0.006623263005167246 0.00679596746340394
0.0072565400041639805 0.0071951886638998985 0.007121722679585218 0.007115367334336042 0.007178114727139473 0.007235946599394083 0.0072635929100215435 0.007272291462868452 0.00727120041847229 0.007251189090311527 0.007152713369578123 0.0067749060690402985 0.005645254626870155 0.0031721051782369614 0.0 0.0 0.0 0.0 0.0 0.0 0.0 0.0 0.0 0.0 0.0 0.0 0.0 0.0 0.0 0.003044010605663061 0.006596648599952459 0.007134497165679932 0.007233718875795603 0.0072610811330378056 0.007269149646162987 0.007271098904311657 0.007269160822033882 0.007258011028170586 0.007220037281513214 0.007132952567189932 0.007009166292846203 0.006921686697751284 0.006932118441909552 0.007016077637672424
0.0072523802518844604 0.0071611832827329636 0.007023286074399948 0.006971273571252823 0.007042889017611742 0.007149884477257729 0.0072205993346869946 0.00725106755271554 0.0072564054280519485 0.007232137490063906 0.007107255514711142 0.006653408519923687 0.0053665852174162865 0.0026741470210254192 0.0 0.0 0.0 0.0 0.0 0.0 0.0 0.0 0.0 0.0 0.0 0.0 0.0 0.0 0.0 0.0009909337386488914 0.006282595451921225 0.007191958371549845 0.007260596379637718 0.0072701130993664265 0.007273052353411913 0.007273763418197632 0.0072730835527181625 0.007269909139722586 0.00725898053497076 0.00722857192158699 0.0071732536889612675 0.00712154945358634 0.007115087937563658 0.007152362260967493
0.007252873387187719 0.007144040893763304 0.006948682013899088 0.006825241260230541 0.00686518382281065 0.007000810466706753 0.007118992041796446 0.007181849796324968 0.0071921879425644875 0.007139028515666723 0.006935116369277239 0.0063655078411102295 0.0050185974687337875 0.0024354630149900913 0.0 0.0 0.0 0.0 0.0 0.0 0.0 0.0 0.0 0.0 0.0 0.0 0.0 0.0 0.0 0.0 0.004896765574812889 0.007029104977846146 0.007264731917530298 0.007274759002029896 0.007275611627846956 0.0072757648304104805 0.007275503594428301 0.007274644915014505 0.007271890062838793 0.007262619212269783 0.007240694016218185 0.007214053068310022 0.00720613356679678 0.007221899461001158
0.007258520927280188 0.007156710140407085 0.00693725747987628 0.006744264159351587 0.006712169386446476 0.0068230461329221725 0.006954327691346407 0.007021874189376831 0.006980508100241423 0.006776686757802963 0.006295416969805956 0.0054514589719474316 0.004146266262978315 0.0021265363320708275 0.0 0.0 0.0 0.0 0.0 0.0 0.0 0.0 0.0014476990327239037 0.0031932773999869823 0.002062813378870487 0.0 0.0 0.0 0.0 0.0 0.002338783349841833 0.0063024843111634254 0.00719843665137887 0.0072745974175632 0.007276925258338451 0.007276949472725391 0.007276870775967836 0.0072766817174851894 0.007276058197021484 0.007273322902619839 0.007264930754899979 0.007252307143062353 0.007246993016451597 0.007253712508827448
0.007265904918313026 0.007189590949565172 0.006988535635173321 0.006756291259080172 0.006637796759605408 0.006671465002000332 0.006742946803569794 0.006723886821419001 0.006499666254967451 0.005962762515991926 0.00505058653652668 0.003957902546972036 0.0029555177316069603 0.0019163680262863636 0.00031709345057606697 0.0 0.0 0.0 0.0 0.0 0.00039401836693286896 0.003263333812355995 0.005340467672795057 0.006295046769082546 0.005794473923742771 0.0031812316738069057 0.0 0.0 0.0 0.0 0.0 0.00466199079528451 0.0068701221607625484 0.007253034505993128 0.007276966702193022 0.007277416065335274 0.007277400232851505 0.007277363911271095 0.00727721257135272 0.00727634085342288 0.0072731077671051025 0.0072674863040447235 0.007264666724950075 0.007267529610544443
0.007271879818290472 0.007224164437502623 0.007066207472234964 0.006829188670963049 0.006632400210946798 0.006545500364154577 0.00647245068103075 0.006254145875573158 0.0057444218546152115 0.004890259355306625 0.0037985232193022966 0.0028679505921900272 0.0024746451526880264 0.00245048850774765 0.002045014873147011 0.0007891124114394188 0.0 0.0 9.43327322602272e-05 0.00220324844121933 0.004501318093389273 0.006129452958703041 0.006908447481691837 0.007131426595151424 0.006890241056680679 0.0057404618710279465 0.0030074715614318848 0.0 0.0 0.0 0.0 0.0027298168279230595 0.006157157942652702 0.007163918577134609 0.0072738612070679665 0.007277499418705702 0.007277527824044228 0.007277519442141056 0.007277472876012325 0.007277163211256266 0.007275914307683706 0.007273578550666571 0.007272296119481325 0.007273449562489986
