2D_landslide/Landslide/figures/0h.txt
ncols   200
nrows   200
xllcorner   0
yllcorner   0
cellsize   12.5
NODATA_value   -9999.00000
[rows 76 to 94 of 200, columns 0 to 43 of 200]
0.007277549244463444 0.007277549244463444 0.007277549244463444 0.007277549244463444 0.007277549244463444 0.007277549244463444 0.007277546916157007 0.007277283817529678 0.007265078369528055 0.007088590878993273 0.006338988430798054 0.005347824189811945 0.005277235992252827 0.006060683634132147 0.006820174865424633 0.0071602691896259785 0.007253130432218313 0.007272050250321627 0.007275705691426992 0.007276357617229223 0.007276430726051331 0.007276552729308605 0.007276714313775301 0.00727681303396821 0.007276737596839666 0.0072764065116643906 0.007275532931089401 0.007273308001458645 0.00726897781714797 0.007260328158736229 0.007248123176395893 0.007237707730382681 0.007238255348056555 0.007244477979838848 0.007254797965288162 0.007263942621648312 0.007269558496773243 0.0072731319814920425 0.007275006268173456 0.007275997195392847 0.007276308722794056 0.007268968503922224 0.007206661626696587 0.0070578246377408504
0.007277549244463444 0.007277549244463444 0.007277549244463444 0.007277549244463444 0.007277549244463444 0.0072775487788021564 0.00727752223610878 0.007276126649230719 0.0072428942658007145 0.006949096452444792 0.006060562562197447 0.005167865194380283 0.005295984447002411 0.0061254617758095264 0.00683630583807826 0.007150994148105383 0.007246012799441814 0.007268556859344244 0.007273905444890261 0.007275090087205172 0.007275051902979612 0.00727479113265872 0.007274550851434469 0.007273955270648003 0.0072725373320281506 0.007269599009305239 0.007263598497956991 0.00725212087854743 0.007235356606543064 0.007211076561361551 0.00718875415623188 0.007180843036621809 0.007194799836724997 0.007214963436126709 0.007236032281070948 0.007251834962517023 0.007261284627020359 0.0072672138921916485 0.007270645350217819 0.007272712420672178 0.007274107076227665 0.007274554576724768 0.007265795487910509 0.007230624556541443
0.007277549244463444 0.007277549244463444 0.007277549244463444 0.007277549244463444 0.0072775487788021564 0.007277540862560272 0.007277264259755611 0.00727051543071866 0.007190373260527849 0.00675407238304615 0.005799420177936554 0.0050903791561722755 0.005347321275621653 0.00615525059401989 0.006812534760683775 0.007120146416127682 0.007227800786495209 0.007258980069309473 0.0072686150670051575 0.007271591108292341 0.0072717610746622086 0.007270509377121925 0.007267550565302372 0.007261611986905336 0.007251304108649492 0.007233957760035992 0.007204483263194561 0.007161249872297049 0.007121233269572258 0.007078978698700666 0.007066707126796246 0.007079586386680603 0.007123775314539671 0.007165583316236734 0.007201212923973799 0.007227090187370777 0.00724188145250082 0.007252132054418325 0.007258281111717224 0.007263092324137688 0.007267283275723457 0.007271327544003725 0.007273097988218069 0.007267235312610865
0.007277549244463444 0.007277549244463444 0.0072775487788021564 0.007277547847479582 0.007277541793882847 0.007277437020093203 0.007275595795363188 0.007252634968608618 0.007099492475390434 0.006559979636222124 0.005680401809513569 0.005161424167454243 0.0054590171203017235 0.00616743229329586 0.00675048865377903 0.00706059392541647 0.007187706883996725 0.007234910037368536 0.007253269664943218 0.007261618506163359 0.007264753803610802 0.007263082079589367 0.007251970935612917 0.007225644774734974 0.007177918683737516 0.007108396850526333 0.007018810138106346 0.006925128400325775 0.0068755727261304855 0.006858713924884796 0.006889112293720245 0.006962516810745001 0.007044201251119375 0.007105592638254166 0.007154326420277357 0.007187399547547102 0.007205060683190823 0.007218799088150263 0.007228530943393707 0.007239851634949446 0.007251179311424494 0.00726339453831315 0.007271547336131334 0.007273945026099682
0.007277549244463444 0.007277548313140869 0.007277545984834433 0.007277535740286112 0.007277464959770441 0.007276743650436401 0.007269731257110834 0.007219878025352955 0.007005782797932625 0.006465975660830736 0.005740995518863201 0.005363499745726585 0.005603616591542959 0.006157688796520233 0.00665166275575757 0.006954148877412081 0.007107290904968977 0.007177979685366154 0.007214108016341925 0.007236849516630173 0.007250780705362558 0.0072517916560173035 0.007224947214126587 0.007148865610361099 0.00701450789347291 0.006836245767772198 0.006654747761785984 0.006526000797748566 0.006541735492646694 0.0065932366997003555 0.006722723599523306 0.006850129924714565 0.006967364344745874 0.007040277123451233 0.007087011355906725 0.007119528949260712 0.007133167702704668 0.007147861644625664 0.007165676914155483 0.007191442418843508 0.0072231474332511425 0.007252976298332214 0.007269531488418579 0.007275229319930077
0.007277546916157007 0.007277541793882847 0.0072775231674313545 0.007277447730302811 0.007277064025402069 0.007274659350514412 0.007260498125106096 0.007192437071353197 0.006975998170673847 0.006521949544548988 0.005987412296235561 0.005681633483618498 0.005809741094708443 0.006165392696857452 0.0065476312302052975 0.006815541535615921 0.00697327870875597 0.007063247263431549 0.007131778169423342 0.007188394200056791 0.007227152120321989 0.007239568512886763 0.007195190992206335 0.0070421937853097916 0.006782409735023975 0.006482699885964394 0.006237836554646492 0.006143145728856325 0.006274682469666004 0.006432768888771534 0.006626765243709087 0.006791172083467245 0.006907772272825241 0.006972071714699268 0.007007625885307789 0.007021996658295393 0.0070211929269135 0.007026462350040674 0.007060008589178324 0.007123250979930162 0.007192636374384165 0.007246402557939291 0.007269861176609993 0.007276095449924469
0.007277536205947399 0.007277506869286299 0.007277422118932009 0.007277149241417646 0.007276172284036875 0.007272043265402317 0.007254889700561762 0.0071927583776414394 0.007025484461337328 0.006691634189337492 0.006274396553635597 0.006003521848469973 0.006021273322403431 0.006208670325577259 0.006451761350035667 0.006650798954069614 0.006778514012694359 0.00688103586435318 0.006995772942900658 0.007118253968656063 0.007197970990091562 0.0072306119836866856 0.007176409009844065 0.006965960375964642 0.006613357923924923 0.0062379841692745686 0.0060167014598846436 0.00600343756377697 0.0062131015583872795 0.006406477186828852 0.00661583011969924 0.006758090108633041 0.006849669385701418 0.006887252442538738 0.006895815022289753 0.00688048405572772 0.006848637480288744 0.006856038700789213 0.006927879061549902 0.00705588748678565 0.007178875617682934 0.007249468471854925 0.00727248378098011 0.007276891730725765
0.00727751525118947 0.007277443073689938 0.00727727310732007 0.007276857737451792 0.007275773212313652 0.0072722239419817924 0.0072600943967700005 0.007220786064863205 0.0071200476959347725 0.006900744512677193 0.006598042324185371 0.006320242770016193 0.006249802652746439 0.006302280351519585 0.006434597074985504 0.0065337903797626495 0.006594945676624775 0.006669190246611834 0.006849866826087236 0.0070559438318014145 0.007186573464423418 0.007235903292894363 0.007193357218056917 0.006998962722718716 0.006674102507531643 0.006354570854455233 0.0061976732686161995 0.0062242778949439526 0.006424941588193178 0.006603119894862175 0.006756998598575592 0.006852795369923115 0.006891882047057152 0.006893493235111237 0.006858675740659237 0.006795882247388363 0.006747023668140173 0.006766504608094692 0.006887498777359724 0.0070652165450155735 0.007203289773315191 0.007261890918016434 0.007275593467056751 0.007277364376932383
0.0072775110602378845 0.0072774323634803295 0.007277283351868391 0.007276986259967089 0.007276340387761593 0.007274487987160683 0.007268636021763086 0.007249085698276758 0.007194697391241789 0.007060959003865719 0.006834346801042557 0.006580071989446878 0.006442124955356121 0.006435421761125326 0.006485485937446356 0.006473777815699577 0.00642917538061738 0.0064550647512078285 0.006684216670691967 0.006993511226028204 0.007181226275861263 0.007246422581374645 0.007227079011499882 0.007108895108103752 0.006904412526637316 0.006696303375065327 0.006599309854209423 0.006634274963289499 0.006745133548974991 0.0068526361137628555 0.0069315750151872635 0.006975365802645683 0.0069823721423745155 0.0069495500065386295 0.006892202887684107 0.006825852207839489 0.006787976250052452 0.006838992703706026 0.0069850715808570385 0.007147812284529209 0.007243214640766382 0.0072724889032542706 0.00727710360661149 0.007277516182512045
0.0072775306180119514 0.007277493365108967 0.007277424912899733 0.007277302443981171 0.007277057506144047 0.007276382762938738 0.007274047937244177 0.007265450898557901 0.007238070014864206 0.007156749255955219 0.0069964248687028885 0.006783410906791687 0.006634189747273922 0.00657770736142993 0.006548567209392786 0.006429499946534634 0.00627356069162488 0.006239133421331644 0.006472248118370771 0.006870419718325138 0.0071432399563491344 0.007249039132148027 0.007256122771650553 0.007211208809167147 0.007128451950848103 0.007036987692117691 0.0069828396663069725 0.006980376783758402 0.007018471136689186 0.007053187116980553 0.007079014554619789 0.007087045814841986 0.007071283180266619 0.007036772556602955 0.006987835746258497 0.0069427210837602615 0.006943661719560623 0.007017549127340317 0.007137588690966368 0.007230173796415329 0.007268425542861223 0.007276616524904966 0.007277490571141243 0.007277545053511858
0.007277545053511858 0.00727753434330225 0.007277507334947586 0.007277444005012512 0.0072773112915456295 0.007277004420757294 0.007276043761521578 0.007272155024111271 0.0072565539740026 0.007203977555036545 0.0070832232013344765 0.006910823285579681 0.006781346630305052 0.006689379923045635 0.0065566161647439 0.006310609169304371 0.006032074801623821 0.0059267496690154076 0.006163341924548149 0.006641600746661425 0.007040991447865963 0.0072263856418430805 0.007266470696777105 0.007259485777467489 0.007237832527607679 0.007207752205431461 0.007183481473475695 0.0071716997772455215 0.007170446682721376 0.007171220611780882 0.007170071359723806 0.007160557899624109 0.00713964831084013 0.0071112229488790035 0.007085480727255344 0.007077978458255529 0.007107152137905359 0.007171434350311756 0.007233885582536459 0.00726692471653223 0.007276112679392099 0.007277443539351225 0.007277544122189283 0.0072775487788021564
0.007277548313140869 0.0072775427252054214 0.007277518976479769 0.007277438882738352 0.0072772447019815445 0.007276852149516344 0.007276033516973257 0.007273682858794928 0.00726500665768981 0.0072328136302530766 0.007150369696319103 0.007022201083600521 0.006915764417499304 0.0068014832213521 0.006602835841476917 0.00626778369769454 0.0059132762253284454 0.005767743568867445 0.005978642962872982 0.006473817862570286 0.006932217162102461 0.007186856120824814 0.00726346205919981 0.007273998577147722 0.007271478418260813 0.0072652422823011875 0.007257075980305672 0.007248450070619583 0.007240347098559141 0.007231650874018669 0.007221847306936979 0.007208748254925013 0.0071914480067789555 0.007176949176937342 0.007173851598054171 0.007188634481281042 0.0072191073559224606 0.0072511713951826096 0.007270070258527994 0.0072763278149068356 0.007277436088770628 0.007277543190866709 0.0072775487788021564 0.007277549244463444
0.007277548313140869 0.0072775427252054214 0.007277506869286299 0.007277359254658222 0.007276942953467369 0.007276075892150402 0.00727450056001544 0.007271545473486185 0.00726447906345129 0.007243586704134941 0.007190869655460119 0.007107263896614313 0.0070228008553385735 0.00689552491530776 0.00666050286963582 0.006318164058029652 0.005985619034618139 0.0058411587961018085 0.006028134375810623 0.006465741898864508 0.006900207605212927 0.007164464797824621 0.0072575523518025875 0.007275473792105913 0.007276906631886959 0.007276077289134264 0.007274150848388672 0.007270584348589182 0.007265380118042231 0.00725755887106061 0.0072470796294510365 0.0072348518297076225 0.007223478518426418 0.007219551131129265 0.007228010334074497 0.007245547603815794 0.0072629451751708984 0.007273294497281313 0.0072767892852425575 0.0072774700820446014 0.007277544122189283 0.007277549244463444 0.007277549244463444 0.007277549244463444
0.007277548313140869 0.0072775413282215595 0.0072774868458509445 0.007277224212884903 0.0072763836942613125 0.0072745876386761665 0.007271559908986092 0.0072669475339353085 0.0072594028897583485 0.007244461681693792 0.007213626988232136 0.007164853159338236 0.007101029623299837 0.0069880238734185696 0.0067968484945595264 0.006526092067360878 0.00627797469496727 0.006187614984810352 0.006332761608064175 0.006655121222138405 0.006983682978898287 0.007186191156506538 0.007260402664542198 0.007275780662894249 0.007277427241206169 0.007277408614754677 0.007277034223079681 0.0072759115137159824 0.007273237686604261 0.007267805747687817 0.007259002886712551 0.0072487699799239635 0.007241752464324236 0.00724391732364893 0.007255186792463064 0.007267490029335022 0.0072746677324175835 0.0072770509868860245 0.007277497090399265 0.007277545984834433 0.007277549244463444 0.007277549244463444 0.007277549244463444 0.007277549244463444
0.0072775487788021564 0.007277540396898985 0.007277467288076878 0.007277064025402069 0.0072756605222821236 0.00727261696010828 0.007267947308719158 0.007262026891112328 0.007255022879689932 0.007244959939271212 0.007229120936244726 0.007204530294984579 0.007165719289332628 0.007096790708601475 0.006982922554016113 0.006830296944826841 0.006692651193588972 0.006649937480688095 0.006745001766830683 0.00693982420489192 0.007125054020434618 0.0072321719489991665 0.007269313093274832 0.007276705466210842 0.007277503143996 0.007277532946318388 0.007277451455593109 0.007277045864611864 0.0072755636647343636 0.007271545473486185 0.007263962645083666 0.007254936266690493 0.007250709924846888 0.007256404962390661 0.00726696103811264 0.007274387404322624 0.007277003023773432 0.007277495227754116 0.007277545984834433 0.007277549244463444 0.007277549244463444 0.007277549244463444 0.007277549244463444 0.007277549244463444
0.0072775487788021564 0.0072775413282215595 0.007277464959770441 0.007276984862983227 0.0072752018459141254 0.007271390873938799 0.007266208995133638 0.007261059712618589 0.007256876211613417 0.007252716924995184 0.007247514091432095 0.007239367812871933 0.007225091103464365 0.00719881895929575 0.007155902683734894 0.007099174428731203 0.007049209903925657 0.007040491793304682 0.007087193429470062 0.007164939306676388 0.007231398951262236 0.007265253458172083 0.007275541312992573 0.007277359254658222 0.007277538999915123 0.007277546916157007 0.007277525495737791 0.007277360651642084 0.007276482880115509 0.007273378781974316 0.007266518194228411 0.0072583360597491264 0.0072563039138913155 0.007263322360813618 0.007272165268659592 0.007276467513293028 0.007277437020093203 0.007277543190866709 0.007277549244463444 0.007277549244463444 0.007277549244463444 0.007277549244463444 0.007277549244463444 0.007277549244463444
0.0072775487788021564 0.007277543656527996 0.007277487311512232 0.007277082186192274 0.007275452837347984 0.007271960843354464 0.00726774288341403 0.007264734245836735 0.007263672538101673 0.007263645064085722 0.007263838313519955 0.0072630299255251884 0.007260482292622328 0.007254792843014002 0.007244948297739029 0.007232524920254946 0.0072224629111588 0.007223224733024836 0.0072373584844172 0.007256373763084412 0.0072700586169958115 0.007275860290974379 0.007277311757206917 0.007277528755366802 0.007277548313140869 0.0072775487788021564 0.007277540396898985 0.007277448195964098 0.007276799529790878 0.007274060510098934 0.007267531473189592 0.007260070648044348 0.007259456906467676 0.007267088629305363 0.007274414412677288 0.007277096156030893 0.0072775185108184814 0.007277548313140869 0.007277549244463444 0.007277549244463444 0.007277549244463444 0.007277549244463444 0.007277549244463444 0.007277549244463444
0.0072775487788021564 0.007277545053511858 0.007277515716850758 0.007277294527739286 0.007276288699358702 0.007274020463228226 0.007271487265825272 0.007270266767591238 0.007270714268088341 0.007271890994161367 0.007273022085428238 0.007273703347891569 0.007273849565535784 0.00727336248382926 0.007272247690707445 0.007270841393619776 0.0072699906304478645 0.007270752917975187 0.007273087743669748 0.0072755366563797 0.007276957388967276 0.007277438882738352 0.007277535740286112 0.007277548313140869 0.007277549244463444 0.0072775487788021564 0.007277544587850571 0.007277481257915497 0.007276937365531921 0.007274386938661337 0.007268201559782028 0.007261400111019611 0.007261873688548803 0.007269362453371286 0.007275446318089962 0.007277305703610182 0.0072775366716086864 0.0072775487788021564 0.007277549244463444 0.007277549244463444 0.007277549244463444 0.007277549244463444 0.007277549244463444 0.007277549244463444
0.0072775473818182945 0.007277542259544134 0.00727752735838294 0.007277450989931822 0.007277061231434345 0.00727604515850544 0.007274887058883905 0.007274506613612175 0.007275022100657225 0.007275800686329603 0.0072764321230351925 0.007276812568306923 0.007276993710547686 0.00727704307064414 0.007277016993612051 0.007276972755789757 0.00727698253467679 0.007277109194546938 0.007277302909642458 0.007277457509189844 0.00727752735838294 0.007277545984834433 0.0072775487788021564 0.007277549244463444 0.007277549244463444 0.007277549244463444 0.007277545984834433 0.00727749802172184 0.007277032360434532 0.0072746723890304565 0.007268888410180807 0.00726292422041297 0.007263907231390476 0.00727075943723321 0.007275906857103109 0.007277372758835554 0.007277540862560272 0.007277549244463444 0.007277549244463444 0.007277549244463444 0.007277549244463444 0.007277549244463444 0.007277549244463444 0.007277549244463444
