2D_landslide/Landslide/figures/0u.txt
ncols   200
nrows   200
xllcorner   0
yllcorner   0
cellsize   12.5
NODATA_value   -9999.00000
[rows 36 to 53 of 200, columns 41 to 81 of 200]
0.00558734405785799 0.005586723331362009 0.005583697464317083 0.005566091276705265 0.0055113136768341064 0.005397896748036146 0.005319445393979549 0.005368527956306934 0.005492910742759705 0.00555959390476346 0.005581267643719912 0.005586482584476471 0.005587671417742968 0.005587584804743528 0.005586766637861729 0.005585473030805588 0.005585354752838612 0.00558693241328001 0.005588676780462265 0.005589027423411608 0.005588967353105545 0.0055889589712023735 0.005588841624557972 0.00558807235211134 0.005585648585110903 0.005577931646257639 0.005552781280130148 0.005493818316608667 0.005464727524667978 0.005494145676493645 0.0055404831655323505 0.005570736713707447 0.005587116349488497 0.005596560426056385 0.005622133146971464 0.0057654837146401405 0.006647857371717691 0.01122397743165493 0.022721048444509506 0.015674639493227005 -0.08331280946731567
0.005585966631770134 0.005581351928412914 0.005560147110372782 0.005486755166202784 0.005336288828402758 0.0051512327045202255 0.005090645514428616 0.005245485808700323 0.005437384359538555 0.005541428457945585 0.0055734566412866116 0.005582582205533981 0.005584999453276396 0.00558519409969449 0.0055840290151536465 0.005582783371210098 0.005583732854574919 0.005586465820670128 0.005588445346802473 0.0055887699127197266 0.005588957108557224 0.005589188542217016 0.0055892737582325935 0.005588951986283064 0.005587947089225054 0.005585182923823595 0.00557765644043684 0.005563660059124231 0.005560877732932568 0.00557034881785512 0.005581199657171965 0.005587237421423197 0.0055898623540997505 0.005591271445155144 0.005597556475549936 0.005663767457008362 0.006298514548689127 0.010822607204318047 0.02354065515100956 0.009887084364891052 -0.11328122019767761
0.0055763935670256615 0.005540334619581699 0.005421490408480167 0.005155201535671949 0.004769094754010439 0.004496392793953419 0.004612931050360203 0.004993712529540062 0.0053454674780368805 0.005503141786903143 0.0055582039058208466 0.0055746943689882755 0.005579207092523575 0.005579999648034573 0.005578917916864157 0.005577423144131899 0.0055802869610488415 0.005585073959082365 0.005587925668805838 0.005588526371866465 0.005589007865637541 0.005589417181909084 0.005589631386101246 0.00558946980163455 0.005589183885604143 0.005588379688560963 0.005587043706327677 0.005584628786891699 0.005585253704339266 0.005587401799857616 0.005589013919234276 0.005589865148067474 0.005590242333710194 0.005590604152530432 0.005593529436737299 0.005645362194627523 0.006361174397170544 0.011579224839806557 0.02490146830677986 -0.004033285193145275 -0.16422511637210846
0.005523085594177246 0.0053490842692554 0.004943257663398981 0.004274487961083651 0.0036873382050544024 0.0034937283489853144 0.004000947345048189 0.004709461238235235 0.0052327984012663364 0.005460904911160469 0.0055391923524439335 0.005563623271882534 0.0055720265954732895 0.005573004484176636 0.005571373738348484 0.005571214947849512 0.005576295778155327 0.005583856720477343 0.0055878302082419395 0.005588931497186422 0.005589476320892572 0.005589818581938744 0.00558997318148613 0.0055899666622281075 0.0055899727158248425 0.005589945707470179 0.0055898698046803474 0.005589765962213278 0.005589883308857679 0.00559007516130805 0.005590206477791071 0.005590258166193962 0.005590283777564764 0.005590368527919054 0.005591463763266802 0.005619922187179327 0.0062267230823636055 0.011659539304673672 0.02558423951268196 -0.023152779787778854 -0.20731449127197266
0.005283820442855358 0.004700519144535065 0.0036845658905804157 0.0024675647728145123 0.0018497738055884838 0.0021012183278799057 0.003235038835555315 0.004395901691168547 0.005082405172288418 0.005396455060690641 0.005510054063051939 0.005547350738197565 0.005559490527957678 0.005562629550695419 0.005561365745961666 0.005562120582908392 0.005571330897510052 0.005582401528954506 0.005588176194578409 0.005589446984231472 0.0055898563005030155 0.005590061191469431 0.00559015478938818 0.005590177606791258 0.005590209737420082 0.005590228829532862 0.005590240471065044 0.0055902451276779175 0.005590258631855249 0.005590269807726145 0.00559027586132288 0.005590278189629316 0.0055902814492583275 0.005590307060629129 0.0055909184738993645 0.005611336790025234 0.006121428217738867 0.012190407142043114 0.025647366419434547 -0.05103650316596031 -0.23946043848991394
0.004546859301626682 0.0031487159430980682 0.0013449518010020256 -0.00021704798564314842 -0.0004318137653172016 0.0005927453748881817 0.0024557316210120916 0.00403432734310627 0.00493169529363513 0.005316417198628187 0.005470779724419117 0.005524040665477514 0.005542280152440071 0.005546618718653917 0.005548396613448858 0.005551349371671677 0.005566198378801346 0.005581404082477093 0.0055884732864797115 0.0055898563005030155 0.00559009425342083 0.005590186454355717 0.005590230692178011 0.0055902497842907906 0.005590265151113272 0.005590272136032581 0.005590274930000305 0.005590276326984167 0.005590277723968029 0.005590278189629316 0.005590278655290604 0.005590278655290604 0.005590279586613178 0.005590291693806648 0.005590641405433416 0.00560693209990859 0.006089986767619848 0.012585891410708427 0.025042003020644188 -0.07827533781528473 -0.2555425763130188
0.0028237237129360437 0.0002580038271844387 -0.002174273133277893 -0.0034829843789339066 -0.00306891743093729 -0.0009578489698469639 0.001530955545604229 0.003559695789590478 0.004690288100391626 0.005201572552323341 0.005402390845119953 0.005477954167872667 0.005506231915205717 0.005517108365893364 0.005523391999304295 0.0055357771925628185 0.005558845121413469 0.005579998716711998 0.005588500294834375 0.005590029992163181 0.00559019111096859 0.005590233486145735 0.005590253975242376 0.0055902679450809956 0.0055902753956615925 0.005590277258306742 0.005590278189629316 0.005590278655290604 0.005590278655290604 0.005590278655290604 0.005590278655290604 0.005590278655290604 0.005590279586613178 0.005590291693806648 0.005590673536062241 0.005607344675809145 0.00618225522339344 0.01350458711385727 0.020992428064346313 -0.117953360080719 -0.26292139291763306
0.00011977879330515862 -0.0030491389334201813 -0.005317111499607563 -0.00602351501584053 -0.004658877849578857 -0.001793823204934597 0.0011970591731369495 0.0033025448210537434 0.004522648639976978 0.005091727711260319 0.005329653155058622 0.005423084832727909 0.005470145959407091 0.005489525385200977 0.005507239140570164 0.005530485417693853 0.005560216959565878 0.0055811433121562 0.005588772241026163 0.0055901287123560905 0.005590252578258514 0.005590264685451984 0.005590271204710007 0.005590274930000305 0.005590277723968029 0.005590278189629316 0.005590278655290604 0.005590278655290604 0.005590278655290604 0.005590278655290604 0.005590278655290604 0.005590278655290604 0.005590279120951891 0.005590285640209913 0.005590480752289295 0.005601884331554174 0.006034707184880972 0.012926568277180195 0.02066780999302864 -0.13073864579200745 -0.2672441005706787
-0.0031927209347486496 -0.006333769299089909 -0.007999449037015438 -0.007691536098718643 -0.0053009577095508575 -0.0021585277281701565 0.0009751319885253906 0.0031077228486537933 0.004353678785264492 0.004960182588547468 0.005233805626630783 0.005354700610041618 0.005425853654742241 0.005464613437652588 0.005499613471329212 0.005534189287573099 0.005565492901951075 0.0055832695215940475 0.00558914989233017 0.0055901724845170975 0.0055902693420648575 0.005590274464339018 0.00559027586132288 0.005590277258306742 0.005590278189629316 0.005590278655290604 0.005590278655290604 0.005590278655290604 0.005590278655290604 0.005590278655290604 0.005590278655290604 0.005590278655290604 0.005590278655290604 0.0055902814492583275 0.005590386688709259 0.005596532020717859 0.0059211840853095055 0.012287508696317673 0.020462945103645325 -0.137394979596138 -0.27347058057785034
-0.006701452657580376 -0.009303438477218151 -0.00963564869016409 -0.008292816579341888 -0.005491593852639198 -0.002044165972620249 0.0008807708509266376 0.002932111034169793 0.004160935524851084 0.00477531598880887 0.005108945537358522 0.005268582608550787 0.005376772955060005 0.005445115268230438 0.005500889848917723 0.005543779116123915 0.005572492256760597 0.005585657898336649 0.005589542910456657 0.005590209271758795 0.005590274464339018 0.005590277723968029 0.005590277723968029 0.005590277723968029 0.005590278189629316 0.005590278655290604 0.005590278655290604 0.005590278655290604 0.005590278655290604 0.005590278655290604 0.005590278655290604 0.005590278655290604 0.005590278655290604 0.0055902800522744656 0.005590323358774185 0.005593328736722469 0.005797774996608496 0.011089848354458809 0.022787943482398987 -0.13637010753154755 -0.2826314866542816
-0.010442642495036125 -0.011706100776791573 -0.010975882411003113 -0.008762802928686142 -0.005610913038253784 -0.002312104217708111 0.0006287642754614353 0.0026061865501105785 0.003808747511357069 0.0044947462156414986 0.004897923208773136 0.005143878050148487 0.005314984358847141 0.005429625511169434 0.005506998393684626 0.005554752890020609 0.005578653421252966 0.005587576422840357 0.005589871667325497 0.00559023953974247 0.005590276326984167 0.005590278189629316 0.005590278189629316 0.005590277723968029 0.005590278189629316 0.005590278189629316 0.005590278655290604 0.005590278655290604 0.005590278655290604 0.005590278655290604 0.005590278655290604 0.005590278655290604 0.005590278655290604 0.005590279120951891 0.005590303335338831 0.005592192988842726 0.005730593577027321 0.010227386839687824 0.022687077522277832 -0.13385716080665588 -0.29008689522743225
-0.01275034062564373 -0.012935565784573555 -0.011133387684822083 -0.008370102383196354 -0.005173834972083569 -0.0020982474088668823 0.0005644285120069981 0.0023678720463067293 0.003521460574120283 0.004240928217768669 0.0047162543050944805 0.005050366744399071 0.005282053258270025 0.005432657897472382 0.005521382205188274 0.005565831903368235 0.005583585239946842 0.005588958039879799 0.005590104963630438 0.0055902632884681225 0.005590277723968029 0.005590278655290604 0.005590278655290604 0.005590278189629316 0.005590277723968029 0.005590277723968029 0.005590278189629316 0.005590278655290604 0.005590278655290604 0.005590278655290604 0.005590278655290604 0.005590278655290604 0.005590278655290604 0.005590278655290604 0.005590290762484074 0.005591342691332102 0.00568425515666604 0.009169930592179298 0.02227105014026165 -0.12355156242847443 -0.29565247893333435
-0.013505028560757637 -0.012676257640123367 -0.01041053794324398 -0.007660257630050182 -0.004637858830392361 -0.0018676216714084148 0.0004960200749337673 0.002121605910360813 0.003225258318707347 0.003983962815254927 0.004542397800832987 0.004964297637343407 0.005265078041702509 0.005443918518722057 0.005536194890737534 0.005574455950409174 0.00558673357591033 0.005589704494923353 0.005590215791016817 0.0055902739986777306 0.005590278189629316 0.005590278655290604 0.005590278655290604 0.005590278189629316 0.005590277723968029 0.005590277258306742 0.005590277258306742 0.005590278189629316 0.005590278655290604 0.005590278655290604 0.005590278655290604 0.005590278655290604 0.005590278655290604 0.005590278655290604 0.0055902861058712006 0.005590999033302069 0.0056614503264427185 0.008820838294923306 0.020681094378232956 -0.11777211725711823 -0.2893615663051605
-0.012829199433326721 -0.011591464281082153 -0.008963623084127903 -0.006557765416800976 -0.0039949361234903336 -0.00144888274371624 0.0005029072053730488 0.001950650243088603 0.0029957201331853867 0.003783916588872671 0.0044342391192913055 0.00492373201996088 0.005264726467430592 0.005462330766022205 0.005550403147935867 0.005580858793109655 0.005588609725236893 0.005590066313743591 0.005590259097516537 0.005590277258306742 0.005590278655290604 0.005590278655290604 0.005590278655290604 0.005590278655290604 0.005590278189629316 0.005590276792645454 0.005590276792645454 0.005590277723968029 0.005590278655290604 0.005590278655290604 0.005590278655290604 0.005590278655290604 0.005590278655290604 0.005590278655290604 0.00559028796851635 0.005591182503849268 0.005673423409461975 0.008980740793049335 0.018238190561532974 -0.11476656794548035 -0.27400723099708557
-0.011257370933890343 -0.009820985607802868 -0.007415806874632835 -0.005354498513042927 -0.003018699586391449 -0.0010489472188055515 0.0006410218775272369 0.0018603974021971226 0.002854190766811371 0.003662699833512306 0.004368395544588566 0.004921196028590202 0.005286564119160175 0.005484210327267647 0.005562355741858482 0.005584984086453915 0.0055895717814564705 0.005590206012129784 0.005590272601693869 0.005590278189629316 0.005590278655290604 0.005590278655290604 0.005590278655290604 0.005590278655290604 0.005590278189629316 0.005590276792645454 0.005590274930000305 0.005590276326984167 0.005590278189629316 0.005590278655290604 0.005590278655290604 0.005590278655290604 0.005590278655290604 0.005590278655290604 0.0055903056636452675 0.0055926586501300335 0.005752820987254381 0.010048418305814266 0.008955223485827446 -0.13221178948879242 -0.2557718753814697
-0.008488914929330349 -0.007097126916050911 -0.005209067836403847 -0.0035674646496772766 -0.0016246386803686619 -7.493887096643448e-06 0.0013603386469185352 0.00229192478582263 0.0031293113715946674 0.0038678343407809734 0.004489630460739136 0.005005443934351206 0.0053445519879460335 0.005512501113116741 0.005573170259594917 0.005587621126323938 0.005590005777776241 0.005590257700532675 0.005590277258306742 0.005590278655290604 0.005590278655290604 0.005590278655290604 0.005590278655290604 0.005590278655290604 0.005590278655290604 0.005590277723968029 0.005590276326984167 0.0055902753956615925 0.005590278189629316 0.005590278655290604 0.005590278655290604 0.005590278655290604 0.005590278189629316 0.005590277258306742 0.005590352229773998 0.005597210954874754 0.005924235563725233 0.011070863343775272 -0.003463270142674446 -0.14178650081157684 -0.24284794926643372
-0.005081751383841038 -0.004128424450755119 -0.0027690771967172623 -0.0013923845253884792 7.674563676118851e-05 0.0013539907522499561 0.0023507247678935528 0.003096578409895301 0.0037146806716918945 0.004249034449458122 0.004746784456074238 0.005145457573235035 0.0054127248004078865 0.005539054051041603 0.005580494645982981 0.005589010193943977 0.005590173415839672 0.005590272136032581 0.005590278189629316 0.005590278655290604 0.005590278655290604 0.005590278655290604 0.005590278655290604 0.005590278655290604 0.005590278655290604 0.005590278655290604 0.005590277723968029 0.005590276792645454 0.005590277723968029 0.005590278655290604 0.005590278655290604 0.005590278189629316 0.005590274930000305 0.005590238142758608 0.0055901543237268925 0.00561065599322319 0.0063271718099713326 0.011312434449791908 -0.023719877004623413 -0.15449491143226624 -0.2379382997751236
-0.0018984954804182053 -0.0013338285498321056 -0.00028398213908076286 0.0007792478427290916 0.0019084494560956955 0.002851260593160987 0.0035473760217428207 0.004036132246255875 0.004418918862938881 0.004743384197354317 0.005051710177212954 0.005306374281644821 0.00547825638204813 0.005560237914323807 0.0055849929340183735 0.005589689128100872 0.005590235348790884 0.005590276326984167 0.005590278655290604 0.005590278655290604 0.005590278655290604 0.005590278655290604 0.005590278655290604 0.005590278655290604 0.005590278655290604 0.005590278655290604 0.005590278655290604 0.005590277723968029 0.005590278189629316 0.005590278655290604 0.005590278189629316 0.005590274930000305 0.005590240005403757 0.005589699372649193 0.005584913305938244 0.005626211874186993 0.006991035770624876 0.00736423721536994 -0.05486931651830673 -0.1668565720319748 -0.23994386196136475
