2D_landslide/Landslide/figures/0u.txt
ncols   200
nrows   200
xllcorner   0
yllcorner   0
cellsize   12.5
NODATA_value   -9999.00000
[rows 144 to 161 of 200, columns 41 to 81 of 200]
0.005590278655290604 0.005590278655290604 0.005590278655290604 0.005590278655290604 0.005590278655290604 0.005590278655290604 0.005590278655290604 0.005590278655290604 0.005590278655290604 0.005590278655290604 0.005590278655290604 0.005590278655290604 0.005590278655290604 0.005590278655290604 0.005590278655290604 0.005590278655290604 0.005590278655290604 0.005590278655290604 0.005590278655290604 0.005590278655290604 0.005590278189629316 0.005590277258306742 0.005590271204710007 0.005590219050645828 0.005589873995631933 0.005588214378803968 0.005583337042480707 0.0055753327906131744 0.005572854541242123 0.005578689742833376 0.005586174316704273 0.005589433014392853 0.005590188317000866 0.005590272601693869 0.005590278189629316 0.005590278655290604 0.005590278189629316 0.0055902753956615925 0.005590229295194149 0.005589310545474291 0.005574783775955439
0.005590278655290604 0.005590278655290604 0.005590278655290604 0.005590278655290604 0.005590278655290604 0.005590278655290604 0.005590278655290604 0.005590278655290604 0.005590278655290604 0.005590278655290604 0.005590278655290604 0.005590278655290604 0.005590278655290604 0.005590278655290604 0.005590278655290604 0.005590278655290604 0.005590278655290604 0.005590278655290604 0.005590278655290604 0.005590278189629316 0.005590277723968029 0.00559027586132288 0.005590270273387432 0.005590236745774746 0.005590080749243498 0.005589561071246862 0.0055879526771605015 0.005583328194916248 0.005576330237090588 0.005576522555202246 0.005583298858255148 0.005588271655142307 0.005589981563389301 0.005590253043919802 0.005590277258306742 0.005590278655290604 0.005590277723968029 0.005590272601693869 0.005590205546468496 0.005589042324572802 0.005572959780693054
0.005590278655290604 0.005590278655290604 0.005590278655290604 0.005590278655290604 0.005590278655290604 0.005590278655290604 0.005590278655290604 0.005590278655290604 0.005590278655290604 0.005590278655290604 0.005590278655290604 0.005590278655290604 0.005590278655290604 0.005590278655290604 0.005590278655290604 0.005590278655290604 0.005590278655290604 0.005590278655290604 0.005590278189629316 0.005590276792645454 0.005590273067355156 0.0055902632884681225 0.005590243265032768 0.0055901892483234406 0.0055903284810483456 0.005592450965195894 0.005598848685622215 0.005602988880127668 0.005591549910604954 0.0055801719427108765 0.005580889992415905 0.00558643089607358 0.005589501932263374 0.005590192507952452 0.005590274464339018 0.005590278655290604 0.005590277258306742 0.005590268410742283 0.005590163171291351 0.005588620435446501 0.005569275934249163
0.005590278655290604 0.005590278655290604 0.005590278655290604 0.005590278655290604 0.005590278655290604 0.005590278655290604 0.005590278655290604 0.005590278655290604 0.005590278655290604 0.005590279586613178 0.0055902800522744656 0.005590280517935753 0.005590279586613178 0.005590279120951891 0.005590278655290604 0.005590278655290604 0.005590278655290604 0.005590278189629316 0.005590277258306742 0.005590272136032581 0.0055902497842907906 0.005590181797742844 0.005590034183114767 0.005589680280536413 0.005589967593550682 0.005595488473773003 0.005612958688288927 0.005629837047308683 0.005618667230010033 0.005594469606876373 0.005583741702139378 0.005585740320384502 0.005589062813669443 0.005590117070823908 0.005590274930000305 0.0055902814492583275 0.005590276792645454 0.005590259097516537 0.005590079817920923 0.0055878181010484695 0.005562426056712866
0.005590278655290604 0.005590278655290604 0.005590278655290604 0.005590278655290604 0.005590278655290604 0.005590278655290604 0.005590278655290604 0.005590278655290604 0.005590279120951891 0.005590283311903477 0.0055902921594679356 0.005590298678725958 0.005590295884758234 0.00559028796851635 0.0055902814492583275 0.005590278655290604 0.005590277258306742 0.005590276792645454 0.005590274930000305 0.005590257700532675 0.00559015991166234 0.005589783191680908 0.005588834639638662 0.005586388986557722 0.005584399215877056 0.005590340122580528 0.005614797584712505 0.005645413883030415 0.005644453689455986 0.005616530776023865 0.005595076829195023 0.005589380860328674 0.0055898260325193405 0.005590302869677544 0.005590328015387058 0.0055902982130646706 0.005590278189629316 0.005590238608419895 0.00558991776779294 0.005586214363574982 0.005548492074012756
0.005590278655290604 0.005590278655290604 0.005590278655290604 0.005590278655290604 0.005590278655290604 0.005590278655290604 0.005590278655290604 0.005590278655290604 0.005590279586613178 0.005590289365500212 0.005590320564806461 0.00559036061167717 0.005590370856225491 0.005590342916548252 0.005590306129306555 0.005590281914919615 0.0055902693420648575 0.005590262822806835 0.005590257700532675 0.005590217653661966 0.005589927081018686 0.005588470492511988 0.005584167782217264 0.005572271998971701 0.005559543147683144 0.005557387135922909 0.005580681376159191 0.00562019320204854 0.005642521195113659 0.005631816107779741 0.005611464846879244 0.005598512943834066 0.005593256559222937 0.005591289605945349 0.005590594839304686 0.005590365268290043 0.005590287037193775 0.005590189713984728 0.005589532200247049 0.005582725629210472 0.005521210841834545
0.005590278655290604 0.005590278655290604 0.005590278655290604 0.005590278655290604 0.005590278655290604 0.005590278655290604 0.005590278655290604 0.005590278655290604 0.005590279586613178 0.005590291228145361 0.005590344779193401 0.005590446293354034 0.005590518936514854 0.005590496584773064 0.005590401124209166 0.005590312648564577 0.005590252578258514 0.005590206943452358 0.005590161308646202 0.005590040702372789 0.005589283537119627 0.005585011560469866 0.005570118315517902 0.005531252361834049 0.005494697019457817 0.005482835695147514 0.005506822839379311 0.005557654425501823 0.005606919527053833 0.00562744215130806 0.0056225210428237915 0.0056091006845235825 0.005598918069154024 0.00559359323233366 0.005591316148638725 0.005590574350208044 0.005590314976871014 0.005590056534856558 0.005588547792285681 0.005574747454375029 0.005468633025884628
0.005590278655290604 0.005590278655290604 0.005590278655290604 0.005590278655290604 0.005590278655290604 0.005590278655290604 0.005590278655290604 0.005590278655290604 0.005590279120951891 0.005590286571532488 0.00559033639729023 0.005590465851128101 0.00559062696993351 0.005590671207755804 0.005590570624917746 0.005590411834418774 0.005590265151113272 0.005590101238340139 0.005589840468019247 0.005589294247329235 0.005587645806372166 0.005580536089837551 0.005554778967052698 0.005497374571859837 0.0054421983659267426 0.005425840150564909 0.005452414974570274 0.005508760921657085 0.005570317152887583 0.005609190557152033 0.005620223004370928 0.005614386405795813 0.00560420798137784 0.005596786737442017 0.005592753179371357 0.005591047462075949 0.005590369459241629 0.005589648149907589 0.005585852544754744 0.005556239280849695 0.005370527505874634
0.005590278655290604 0.005590278655290604 0.005590278655290604 0.005590278655290604 0.005590278655290604 0.005590278655290604 0.005590278655290604 0.005590278655290604 0.005590278655290604 0.005590282380580902 0.005590312648564577 0.005590429529547691 0.00559063907712698 0.005590787623077631 0.005590752698481083 0.005590589717030525 0.005590358283370733 0.005589957814663649 0.005589030683040619 0.005586613900959492 0.0055808718316257 0.005568791180849075 0.0055432734079658985 0.005494026001542807 0.005449920427054167 0.005435057450085878 0.005464022047817707 0.0055145747028291225 0.005561968311667442 0.005594095680862665 0.005609371233731508 0.005611408036202192 0.005606617778539658 0.005599841009825468 0.00559480395168066 0.005591913126409054 0.005590371787548065 0.005588294006884098 0.0055778599344193935 0.005513918586075306 0.0051948330365121365
0.005590278655290604 0.005590278655290604 0.005590278655290604 0.005590278655290604 0.005590278655290604 0.005590278655290604 0.005590278655290604 0.005590278655290604 0.005590278655290604 0.005590280517935753 0.005590296350419521 0.005590380169451237 0.005590575281530619 0.005590810906141996 0.0055909184738993645 0.0055908327922225 0.00559055944904685 0.005589778535068035 0.005587225779891014 0.005578715354204178 0.00555778993293643 0.005523787345737219 0.005486777983605862 0.005467887502163649 0.005471658427268267 0.005491603631526232 0.005520879756659269 0.005550859495997429 0.005573997274041176 0.00558900972828269 0.0055985236540436745 0.005603385157883167 0.005604133475571871 0.0056013683788478374 0.005596800707280636 0.005592966917902231 0.005589788313955069 0.00558356661349535 0.005556387826800346 0.005421152338385582 0.004894315730780363
0.005590278655290604 0.005590278655290604 0.005590278655290604 0.005590278655290604 0.005590278655290604 0.005590278655290604 0.005590278655290604 0.005590278655290604 0.005590278655290604 0.005590279586613178 0.00559028796851635 0.005590338259935379 0.005590492859482765 0.005590766202658415 0.005591041874140501 0.0055911908857524395 0.005590956658124924 0.00558928307145834 0.005582072772085667 0.005558016709983349 0.005497859325259924 0.00539833540096879 0.005302471574395895 0.005291285924613476 0.005377213936299086 0.005483175162225962 0.005548066459596157 0.005574685055762529 0.005584537051618099 0.005589188542217016 0.005592644214630127 0.0055959331803023815 0.005598702002316713 0.005599419120699167 0.00559725658968091 0.005593028850853443 0.005586591083556414 0.00556993531063199 0.005503066815435886 0.005234223324805498 0.004391524940729141
0.005590278655290604 0.005590278655290604 0.005590278655290604 0.005590278655290604 0.005590278655290604 0.005590278655290604 0.005590278655290604 0.005590278655290604 0.005590278655290604 0.005590279120951891 0.005590284708887339 0.005590319167822599 0.0055904388427734375 0.005590708926320076 0.005591103341430426 0.005591525696218014 0.005591198336333036 0.005587487015873194 0.005570089910179377 0.005511516239494085 0.005372331012040377 0.005141908302903175 0.004920347593724728 0.0048709469847381115 0.005040809512138367 0.005290822125971317 0.005473199766129255 0.005556029267609119 0.005581879988312721 0.005588517524302006 0.00559052312746644 0.005591945722699165 0.005593705456703901 0.005595258437097073 0.0055946893990039825 0.005590174812823534 0.005577823147177696 0.005538451950997114 0.005393203813582659 0.0049085658974945545 0.0036866094451397657
0.005590278655290604 0.005590279120951891 0.005590278655290604 0.005590278655290604 0.005590278655290604 0.005590278655290604 0.005590278655290604 0.005590278655290604 0.005590278655290604 0.005590279120951891 0.005590283777564764 0.0055903103202581406 0.005590409971773624 0.005590663757175207 0.005591106601059437 0.005591615103185177 0.005590436048805714 0.0055798436515033245 0.0055354563519358635 0.005400221329182386 0.005109833087772131 0.0046813455410301685 0.004286051727831364 0.004148863721638918 0.0043630460277199745 0.004776773974299431 0.005157373379915953 0.005402685608714819 0.005519169848412275 0.0055654291063547134 0.0055815973319113255 0.0055871461518108845 0.0055894493125379086 0.005590767599642277 0.005590337794274092 0.005584645550698042 0.005563328042626381 0.005487403366714716 0.005222552455961704 0.0044336640276014805 0.002830052049830556
0.005590279120951891 0.005590279586613178 0.005590279586613178 0.005590278655290604 0.005590278655290604 0.005590278655290604 0.005590278655290604 0.005590278655290604 0.005590278655290604 0.005590279586613178 0.005590284243226051 0.005590307060629129 0.005590389482676983 0.005590607412159443 0.005590944085270166 0.005590719170868397 0.005584253929555416 0.0055497814901173115 0.005427241325378418 0.005118596367537975 0.004574978724122047 0.0038776290602982044 0.0032738514710217714 0.0030175712890923023 0.003202128456905484 0.003687398973852396 0.0042622992768883705 0.004750923253595829 0.005098917055875063 0.0053182062692940235 0.005442379508167505 0.005509450566023588 0.005544578656554222 0.005562967620790005 0.005571660585701466 0.00557019654661417 0.0055439285933971405 0.0054311505518853664 0.00503538316115737 0.003975492902100086 0.0020388206467032433
0.005590279120951891 0.005590281914919615 0.005590282380580902 0.005590280517935753 0.005590279120951891 0.005590278655290604 0.005590278655290604 0.005590278655290604 0.005590278655290604 0.0055902800522744656 0.005590285174548626 0.005590304732322693 0.005590358283370733 0.005590420216321945 0.005589945241808891 0.005584821105003357 0.005555487237870693 0.00543765677139163 0.005107402801513672 0.004422646947205067 0.003452145494520664 0.0024133361876010895 0.001604224555194378 0.0012090783566236496 0.0012578777968883514 0.0016182209365069866 0.0021499302238225937 0.002710167085751891 0.0032636281102895737 0.003794549498707056 0.004295736085623503 0.004728537518531084 0.005062929354608059 0.005291225388646126 0.0054279896430671215 0.005496985744684935 0.005507309455424547 0.005403053015470505 0.004956452641636133 0.003747262991964817 0.0016375444829463959
0.005590279586613178 0.0055902875028550625 0.005590295419096947 0.00559029309079051 0.005590287037193775 0.0055902814492583275 0.005590279120951891 0.005590278655290604 0.005590279120951891 0.00559028098359704 0.005590285640209913 0.005590287037193775 0.005590205546468496 0.00558947678655386 0.005584763828665018 0.005557572934776545 0.005442106630653143 0.005074978806078434 0.004221281036734581 0.0028184473048895597 0.0011711479164659977 -0.0002598152495920658 -0.0012585246004164219 -0.0018121544271707535 -0.002034460660070181 -0.002062693703919649 -0.0020583290606737137 -0.002011790405958891 -0.0018346593715250492 -0.001306396909058094 -0.00023007113486528397 0.0012770453467965126 0.0028518037870526314 0.004112755414098501 0.004896559752523899 0.005284858401864767 0.005434076767414808 0.005407220218330622 0.005030798260122538 0.003888129722326994 0.001836468931287527
0.0055902800522744656 0.005590299144387245 0.005590344313532114 0.005590371787548065 0.0055903661996126175 0.005590325221419334 0.00559029309079051 0.0055902814492583275 0.0055902800522744656 0.005590281914919615 0.005590277258306742 0.0055901845917105675 0.005589463748037815 0.005585179664194584 0.0055627524852752686 0.005456568207591772 0.005082861986011267 0.004082305356860161 0.0021459292620420456 -0.0005221879109740257 -0.0030780723318457603 -0.004957116208970547 -0.006074843928217888 -0.006755709648132324 -0.007367612794041634 -0.008032497018575668 -0.00883240345865488 -0.009728280827403069 -0.010498901829123497 -0.010471504181623459 -0.008920119144022465 -0.005709413439035416 -0.0016879662871360779 0.001811593072488904 0.003990876488387585 0.004993397276848555 0.005361655727028847 0.005438787862658501 0.005222452338784933 0.004379832185804844 0.0026914894115179777
0.005590280517935753 0.0055903177708387375 0.005590479820966721 0.005590751767158508 0.005590963643044233 0.005590794142335653 0.0055904933251440525 0.005590323358774185 0.0055902875028550625 0.005590281914919615 0.005590236280113459 0.005589780397713184 0.005586734041571617 0.0055699474178254604 0.005491345189511776 0.005163647700101137 0.004174237139523029 0.0018912465311586857 -0.0018755090422928333 -0.006268162280321121 -0.009948440827429295 -0.012230746448040009 -0.013397132977843285 -0.014119578525424004 -0.014963395893573761 -0.016105713322758675 -0.01742502488195896 -0.018589545041322708 -0.019454242661595345 -0.019425585865974426 -0.01742778718471527 -0.012680476531386375 -0.006140433251857758 -0.00025503430515527725 0.003317698137834668 0.004840732552111149 0.005344938952475786 0.005476261954754591 0.005399029236286879 0.004923268686980009 0.0037688720040023327
