2D_landslide/Landslide/figures/0u.txt
ncols   200
nrows   200
xllcorner   0
yllcorner   0
cellsize   12.5
NODATA_value   -9999.00000
[rows 126 to 143 of 200, columns 82 to 122 of 200]
-0.019368566572666168 -0.018805889412760735 -0.016486551612615585 -0.01090673916041851 -0.00251129362732172 0.00457010418176651 0.007618837524205446 0.008314626291394234 0.008784884586930275 0.009484036825597286 0.010703682899475098 0.011440055444836617 0.01264889258891344 0.013455281965434551 0.014206502586603165 0.014360079541802406 0.01379060372710228 0.011060284450650215 0.0054923477582633495 -0.0013277838006615639 -0.003133057616651058 -0.001824147067964077 -0.0038461433723568916 -0.01158444955945015 -0.017478210851550102 -0.010122112929821014 0.017312150448560715 0.05065101385116577 0.0809883177280426 0.11507548391819 0.142909973859787 0.16761086881160736 0.1878758668899536 0.20376990735530853 0.2154209464788437 0.2204357534646988 0.21341802179813385 0.1874486356973648 0.13711540400981903 0.06608489155769348 -0.0003443150781095028
-0.018845725804567337 -0.016710054129362106 -0.012941043823957443 -0.006491318345069885 0.0005316073074936867 0.005076856818050146 0.006521671544760466 0.006811767350882292 0.007053485605865717 0.007519330829381943 0.008442867547273636 0.009473282843828201 0.010457271710038185 0.011450592428445816 0.012952004559338093 0.012746147811412811 0.01209881529211998 0.008807777427136898 0.003752416465431452 -0.0008355611935257912 -0.0007026246748864651 0.001102653332054615 -0.001975737512111664 -0.011534154415130615 -0.014605246484279633 0.01214672066271305 0.06724442541599274 0.12926626205444336 0.17864912748336792 0.2197534739971161 0.25316575169563293 0.27911466360092163 0.29763278365135193 0.3094300329685211 0.31514719128608704 0.3132270276546478 0.2991943359375 0.2666999101638794 0.20883533358573914 0.12351033091545105 0.030590996146202087
-0.015523722395300865 -0.012848621234297752 -0.008768565952777863 -0.0029065534472465515 0.002348595764487982 0.005209615454077721 0.005994419567286968 0.006096020340919495 0.006214575842022896 0.006540822796523571 0.0071731372736394405 0.00800922978669405 0.009192005731165409 0.010257603600621223 0.011814502999186516 0.011710591614246368 0.010943470522761345 0.007456175051629543 0.004180546384304762 0.0014762184582650661 0.0024944632314145565 0.0038481466472148895 -9.516114369034767e-05 -0.011688962578773499 -0.011446494609117508 0.03197640925645828 0.11736948788166046 0.19718948006629944 0.26270589232444763 0.31350788474082947 0.35206371545791626 0.3798248767852783 0.3971717059612274 0.40431371331214905 0.40163248777389526 0.38900232315063477 0.3649313747882843 0.32548823952674866 0.26270782947540283 0.16850684583187103 0.05708997696638107
-0.010800475254654884 -0.00858775433152914 -0.0051864078268408775 -0.0006445120088756084 0.0032094265334308147 0.005229279398918152 0.005739763844758272 0.0058149369433522224 0.005877331830561161 0.006058203987777233 0.006514077540487051 0.0071631488390266895 0.007949983701109886 0.008824383839964867 0.010562174953520298 0.010457945987582207 0.009212552569806576 0.006685712840408087 0.004365284461528063 0.0034193359315395355 0.0041479323990643024 0.004781754221767187 0.0010883216746151447 -0.011794311925768852 -0.012332487851381302 0.04572289437055588 0.14865148067474365 0.2488224059343338 0.3282148540019989 0.38819649815559387 0.43216338753700256 0.46126285195350647 0.47504380345344543 0.47336122393608093 0.4579746425151825 0.43221336603164673 0.39598220586776733 0.3522004783153534 0.28821948170661926 0.18964461982250214 0.06743583083152771
-0.006660138256847858 -0.005703668110072613 -0.003368130885064602 0.0002981545403599739 0.003508534049615264 0.005192589480429888 0.0056443363428115845 0.0057122414000332355 0.005763533990830183 0.00587920006364584 0.006215128116309643 0.006798270158469677 0.007790057919919491 0.00888361781835556 0.010955331847071648 0.010462939739227295 0.008403810672461987 0.006284085102379322 0.004608064889907837 0.004059472121298313 0.0045456187799572945 0.004869698081165552 0.002146258717402816 -0.010525602847337723 -0.016344986855983734 0.045896418392658234 0.16706714034080505 0.2846753001213074 0.376757949590683 0.4456150233745575 0.49409377574920654 0.5217635631561279 0.5274032950401306 0.5124875903129578 0.48255765438079834 0.44403642416000366 0.4038335084915161 0.35729846358299255 0.29014119505882263 0.18122945725917816 0.04610617458820343
-0.0027787163853645325 -0.0030081206932663918 -0.0017966656014323235 0.0008509280160069466 0.0035767483059316874 0.005123394541442394 0.005574955139309168 0.005642255302518606 0.005665668286383152 0.0057234992273151875 0.005889306776225567 0.006200313568115234 0.006765691563487053 0.007620510645210743 0.008394612930715084 0.0076803890988230705 0.006509636528789997 0.005313653498888016 0.004542130045592785 0.0043999506160616875 0.004706342238932848 0.004933936055749655 0.003167377319186926 -0.007966677658259869 -0.01845628023147583 0.04226211458444595 0.17591385543346405 0.30770543217658997 0.41100800037384033 0.4880661368370056 0.5399985313415527 0.5642467737197876 0.5598087906837463 0.531582772731781 0.4891706705093384 0.4432213604450226 0.39882487058639526 0.35250958800315857 0.2817259430885315 0.1603732705116272 0.031071532517671585
-7.929746061563492e-06 -0.001089788507670164 -0.0009749550372362137 0.0009239013306796551 0.003399028442800045 0.004999411758035421 0.0055253473110497 0.005607605446130037 0.0056227114982903 0.005644120741635561 0.005716320127248764 0.00587306497618556 0.006160704884678125 0.006410745903849602 0.0064570605754852295 0.006120098754763603 0.005582940299063921 0.005072092637419701 0.004667987115681171 0.0046036383137106895 0.004822669085115194 0.005064166616648436 0.0041114576160907745 -0.004798976704478264 -0.017913414165377617 0.03724610432982445 0.17640797793865204 0.31762242317199707 0.42957615852355957 0.5138855576515198 0.5692179799079895 0.5907495617866516 0.5785032510757446 0.541043221950531 0.49145111441612244 0.44079476594924927 0.3944438099861145 0.3462231457233429 0.26911461353302 0.13821429014205933 0.0143130449578166
0.0020154735539108515 0.00022093439474701881 -0.0005150251090526581 0.0006911992095410824 0.002994895912706852 0.0048032826744019985 0.005474526900798082 0.00558936782181263 0.005602510180324316 0.005610866006463766 0.005635578650981188 0.005680755712091923 0.005749076139181852 0.005776654463261366 0.005735788494348526 0.005623295437544584 0.005406905431300402 0.005066512618213892 0.0047340295277535915 0.004619897808879614 0.00478534447029233 0.005105988122522831 0.004789247177541256 -0.002084872219711542 -0.016288569197058678 0.030995287001132965 0.16923071444034576 0.3153407573699951 0.43339693546295166 0.5240248441696167 0.5833372473716736 0.602306067943573 0.587724506855011 0.5469233393669128 0.49508458375930786 0.4430267810821533 0.39573079347610474 0.34378281235694885 0.2543485760688782 0.1126461923122406 -3.620516508817673e-05
0.003275861032307148 0.0012169312685728073 -0.00020571332424879074 0.0004082457162439823 0.002627762733027339 0.004589885473251343 0.005430690012872219 0.0055791959166526794 0.0055967713706195354 0.005601538345217705 0.005606223829090595 0.005611772648990154 0.005616013891994953 0.005613488145172596 0.005597273353487253 0.005543789826333523 0.005386372096836567 0.005063456483185291 0.004664557054638863 0.004437784198671579 0.00455157645046711 0.004955405369400978 0.005025228951126337 -0.0005231425166130066 -0.015073981136083603 0.02384171448647976 0.15677376091480255 0.30478566884994507 0.4270722270011902 0.5229364037513733 0.5831291675567627 0.6054261922836304 0.5911406874656677 0.5514460206031799 0.5006702542304993 0.4500524401664734 0.4009992182254791 0.33824488520622253 0.22712156176567078 0.08328284323215485 -0.011060981079936028
0.004146994091570377 0.0020631272345781326 7.538776844739914e-05 3.1696632504463196e-05 0.002041066065430641 0.004286045674234629 0.0053472681902348995 0.005569569766521454 0.005599030293524265 0.00560362683609128 0.005602666176855564 0.005599112715572119 0.00559537997469306 0.005591289605945349 0.0055801584385335445 0.005534423515200615 0.005379135254770517 0.005018800031393766 0.0045006005093455315 0.004114997107535601 0.004151641856878996 0.004605427384376526 0.004814408719539642 -0.0001181713305413723 -0.014713257551193237 0.016021020710468292 0.14047075808048248 0.288356214761734 0.41358768939971924 0.5134402513504028 0.5741478204727173 0.6007018685340881 0.588545560836792 0.5522192120552063 0.5053631663322449 0.458335816860199 0.40729430317878723 0.3314925730228424 0.2033640742301941 0.06201633810997009 -0.016440993174910545
0.0046730623580515385 0.002741356613114476 0.0004131048917770386 -0.0002902718260884285 0.0014886087737977505 0.0039021670818328857 0.0052354964427649975 0.005551545415073633 0.005597307346761227 0.005602023098617792 0.00559964869171381 0.005595456808805466 0.005591901950538158 0.005588166881352663 0.005576987750828266 0.005530808120965958 0.005370748694986105 0.004975922871381044 0.004352988675236702 0.0038136588409543037 0.003751642070710659 0.004204147960990667 0.0043936362490057945 -0.00032141897827386856 -0.014988856390118599 0.006859906483441591 0.11902564764022827 0.2645134925842285 0.39168936014175415 0.48956215381622314 0.5541362762451172 0.582754909992218 0.5765352845191956 0.5469518899917603 0.5073269009590149 0.46403971314430237 0.4080711305141449 0.3177943229675293 0.1808784306049347 0.04793532192707062 -0.019065162166953087
0.00498610595241189 0.003294030437245965 0.0008535198867321014 -0.00032296357676386833 0.0010538236238062382 0.003498007310554385 0.005068914964795113 0.005517640616744757 0.005588974803686142 0.005595153197646141 0.005594025831669569 0.00559196574613452 0.005589938256889582 0.005586553364992142 0.005574969574809074 0.0055297077633440495 0.0053769974038004875 0.0049947272054851055 0.0043619778007268906 0.003760664025321603 0.003610448446124792 0.0039916867390275 0.004105257336050272 -0.0003395248204469681 -0.01507866382598877 -0.004015143029391766 0.09001050889492035 0.22321300208568573 0.351346492767334 0.4509117603302002 0.5142365097999573 0.5491452813148499 0.5516800880432129 0.5318819284439087 0.4994664192199707 0.4568740427494049 0.39173853397369385 0.2893478572368622 0.15402497351169586 0.03342164307832718 -0.021145030856132507
0.005174542311578989 0.0037654517218470573 0.0014599543064832687 2.3215077817440033e-05 0.0008581713773310184 0.003077299101278186 0.004818271845579147 0.0054647671058773994 0.005580045748502016 0.005590805783867836 0.005590910091996193 0.005590084474533796 0.005588735453784466 0.005585394334048033 0.005574143026024103 0.005534196738153696 0.005407957825809717 0.005099169909954071 0.004578632302582264 0.004048277623951435 0.0038529811426997185 0.004100812133401632 0.004151155240833759 0.000410343986004591 -0.013667747378349304 -0.01578066498041153 0.04156966507434845 0.15694062411785126 0.2775542140007019 0.3784966766834259 0.44611287117004395 0.4900643229484558 0.5078960061073303 0.4988900423049927 0.47164386510849 0.42681440711021423 0.3536246418952942 0.24851417541503906 0.12268182635307312 0.016857735812664032 -0.02225390076637268
0.0052863419987261295 0.004121676087379456 0.001998953055590391 0.0003202478401362896 0.0005200519226491451 0.0024357803631573915 0.004462144337594509 0.0053751119412481785 0.005567892920225859 0.00558880902826786 0.005589861888438463 0.005589325446635485 0.005588083527982235 0.005584863480180502 0.005575108341872692 0.005544397979974747 0.005455917678773403 0.005249814596027136 0.004901818931102753 0.004523321520537138 0.004334225784987211 0.0044413721188902855 0.004469150677323341 0.002146712504327297 -0.009219336323440075 -0.021307071670889854 0.005227845627814531 0.09142647683620453 0.20140182971954346 0.2963685095310211 0.36665257811546326 0.420858770608902 0.4450080394744873 0.44744130969047546 0.42387327551841736 0.378508985042572 0.3047180473804474 0.2054053395986557 0.08864611387252808 0.0006050420925021172 -0.02138320729136467
0.0053547825664281845 0.0043958076275885105 0.002452610759064555 0.0005412506870925426 6.350874900817871e-05 0.001646724995225668 0.003922597039490938 0.005207300651818514 0.005542490165680647 0.005586492363363504 0.005589471198618412 0.005589034408330917 0.00558784743770957 0.005585044156759977 0.005577567964792252 0.005556835327297449 0.0055029382929205894 0.0053847432136535645 0.0051862034015357494 0.004955276846885681 0.004805467091500759 0.00484095886349678 0.004880139604210854 0.0038044187240302563 -0.0032791858538985252 -0.017927026376128197 -0.018094420433044434 0.024944694712758064 0.10879972577095032 0.2003028690814972 0.27067071199417114 0.3247608542442322 0.3590008020401001 0.3649737238883972 0.3458389937877655 0.30368852615356445 0.23559299111366272 0.1464037299156189 0.0488990880548954 -0.014086658135056496 -0.017417950555682182
0.00539776124060154 0.004589979536831379 0.0028040979523211718 0.0006086607463657856 -0.000504207331687212 0.0006032362580299377 0.00307399220764637 0.004883596207946539 0.0054842205718159676 0.0055811586789786816 0.0055891377851367 0.005588965956121683 0.005587924271821976 0.00558571657165885 0.005580493248999119 0.0055675809271633625 0.005537054035812616 0.005473854951560497 0.005368351470679045 0.005248083733022213 0.005147270858287811 0.0051246038638055325 0.005169627722352743 0.004861447494477034 0.0020097098313272 -0.007877790369093418 -0.02061801217496395 -0.015331458300352097 0.026033828034996986 0.08972322940826416 0.15210548043251038 0.20871680974960327 0.24288204312324524 0.2576424479484558 0.24459221959114075 0.20961731672286987 0.1514635533094406 0.07746785879135132 0.006128317676484585 -0.02214641310274601 -0.010398713871836662
0.005428319796919823 0.004733468405902386 0.00301705882884562 0.0005181380547583103 -0.0012782649137079716 -0.000794906634837389 0.0017748416867107153 0.004286595154553652 0.005357258953154087 0.0055685811676084995 0.005588519386947155 0.005588978063315153 0.005588132422417402 0.005586482118815184 0.005582927260547876 0.005574872717261314 0.005557172931730747 0.005524403881281614 0.005471867974847555 0.005406892858445644 0.005352748092263937 0.005330315791070461 0.005363773554563522 0.005344437900930643 0.004636445082724094 0.0008805189281702042 -0.008539513684809208 -0.020142391324043274 -0.019375156611204147 0.0026263785548508167 0.038210682570934296 0.07780228555202484 0.10838581621646881 0.12511906027793884 0.11901247501373291 0.09470129013061523 0.053807150572538376 0.008595624007284641 -0.02020828053355217 -0.017215384170413017 -0.002138360869139433
0.005442281719297171 0.004803501535207033 0.0030663099605590105 0.00022360729053616524 -0.0023004021495580673 -0.0025515547022223473 -2.266140654683113e-05 0.0033134545665234327 0.005116602405905724 0.005543123930692673 0.005587330088019371 0.005588951520621777 0.00558828329667449 0.005587019957602024 0.0055846660397946835 0.005579316057264805 0.005568098742514849 0.005548115354031324 0.005518975667655468 0.005479407962411642 0.005449238233268261 0.005442471709102392 0.005463405046612024 0.005489714443683624 0.005413557402789593 0.004605034366250038 0.0015112548135221004 -0.005960862152278423 -0.016112633049488068 -0.022099537774920464 -0.019193241372704506 -0.007932217791676521 0.00560833141207695 0.015455617569386959 0.014132155105471611 0.003790660295635462 -0.012255186215043068 -0.02186543494462967 -0.017882701009511948 -0.005488584749400616 0.003148231189697981
