2D_landslide/Landslide/figures/0u.txt
ncols   200
nrows   200
xllcorner   0
yllcorner   0
cellsize   12.5
NODATA_value   -9999.00000
[rows 108 to 125 of 200, columns 123 to 163 of 200]
0.0012111500836908817 -0.0011109299957752228 0.0013797758147120476 0.004456045106053352 0.009098583832383156 0.011542068794369698 0.010702203959226608 0.007554532494395971 0.004089923109859228 0.0010717599652707577 -1.8812250345945358e-05 0.0009095850400626659 0.0022070982959121466 0.003292093751952052 0.004194570705294609 0.004659889731556177 0.004857887048274279 0.004735671449452639 0.0042892382480204105 0.0030691437423229218 0.00018332991749048233 -0.005544248968362808 -0.01421944610774517 -0.022984273731708527 -0.029615942388772964 -0.032570257782936096 -0.03262551501393318 -0.029855329543352127 -0.023492220789194107 -0.013897005468606949 -0.004963505081832409 0.0011104079894721508 0.0040780347771942616 0.005169994663447142 0.005493562668561935 0.005569176282733679 0.005583290942013264 0.005584422033280134 0.005583392456173897 0.005582863464951515 0.005583393387496471
0.007402910850942135 0.006610017269849777 0.006806961726397276 0.007828840985894203 0.009076390415430069 0.009515003301203251 0.007739383727312088 0.0048080505803227425 0.002076279604807496 0.0003949715755879879 0.0006433953531086445 0.0021884781308472157 0.0034984182566404343 0.004425183404237032 0.0049267541617155075 0.005174908321350813 0.005235358607023954 0.00512511283159256 0.004806106444448233 0.003970898687839508 0.0020385757088661194 -0.001708967611193657 -0.007355285808444023 -0.013606172055006027 -0.018437376245856285 -0.020502785220742226 -0.01900085061788559 -0.015126297250390053 -0.009383897297084332 -0.003447355702519417 0.0011201612651348114 0.0037843501195311546 0.00498715927824378 0.0054208519868552685 0.005550335627049208 0.005579609423875809 0.005582718178629875 0.005580529570579529 0.005576770752668381 0.005573709961026907 0.005574734881520271
0.007922347635030746 0.007453799247741699 0.00735177518799901 0.007701994851231575 0.008241579867899418 0.0077087124809622765 0.005499458871781826 0.00249754311516881 5.034869536757469e-05 -0.0004987809807062149 0.0009324201382696629 0.002790929051116109 0.004177308641374111 0.004926406312733889 0.005253167357295752 0.005372712854295969 0.005390450358390808 0.005324455909430981 0.0051162028685212135 0.00459665060043335 0.003458786988630891 0.0013995016925036907 -0.001472946722060442 -0.004360203631222248 -0.00615130178630352 -0.006137500517070293 -0.0043806396424770355 -0.001611428800970316 0.0011911215260624886 0.003320218762382865 0.0045951856300234795 0.005214935168623924 0.005466760601848364 0.005555848591029644 0.005580316297709942 0.005583763588219881 0.005580796394497156 0.005576455965638161 0.005572156514972448 0.00556936115026474 0.005569449160248041
0.006931784097105265 0.008009595796465874 0.00809364952147007 0.0077755688689649105 0.007077772170305252 0.005697723478078842 0.0032270115334540606 0.000832822173833847 -0.00046766409650444984 0.00020397966727614403 0.0018990233074873686 0.003564937971532345 0.0046403356827795506 0.005162573419511318 0.0053738863207399845 0.005446856375783682 0.005453991238027811 0.005405868869274855 0.005266303662210703 0.0049444460310041904 0.004310903139412403 0.0033149959053844213 0.0021725394763052464 0.001369524747133255 0.0013355999253690243 0.0020869378931820393 0.003222242696210742 0.0042609842494130135 0.004957405384629965 0.005326929036527872 0.005490751471370459 0.005554216913878918 0.005576420575380325 0.005583582445979118 0.005584124010056257 0.005581675563007593 0.005578072741627693 0.005574481561779976 0.0055715162307024 0.005568633787333965 0.005567850079387426
0.0058814361691474915 0.006652462296187878 0.006855044513940811 0.006573991850018501 0.005577166564762592 0.003974640741944313 0.0017378386110067368 3.2517127692699432e-06 -0.000427300576120615 0.0005332659929990768 0.0022192292381078005 0.0037639662623405457 0.004734951537102461 0.005202405620366335 0.0053924391977488995 0.005459651350975037 0.005469508469104767 0.005435802508145571 0.005340898875147104 0.005144909955561161 0.004816780798137188 0.004407134838402271 0.004094546660780907 0.004084260202944279 0.004407783970236778 0.004871523939073086 0.0052480269223451614 0.005457866936922073 0.005546052474528551 0.005576177965849638 0.005584444850683212 0.005584863014519215 0.005582243204116821 0.005578766111284494 0.005576488096266985 0.00557411415502429 0.005572706460952759 0.005572400987148285 0.005572174210101366 0.005573030095547438 0.00556978490203619
0.005456193350255489 0.005638438742607832 0.005662522744387388 0.005384630057960749 0.00456076767295599 0.003109005279839039 0.0013462682254612446 -7.623434066772461e-05 -0.0004636254161596298 0.00037528667598962784 0.0019556493498384953 0.003508273744955659 0.004559996537864208 0.005104674492031336 0.005341091193258762 0.005431922152638435 0.0054556457325816154 0.005437538959085941 0.0053769969381392 0.005267485976219177 0.005124339833855629 0.005008220206946135 0.005000406876206398 0.005129003897309303 0.005324105266481638 0.005479784682393074 0.00555671751499176 0.005582285113632679 0.005588478408753872 0.005588996224105358 0.005586257670074701 0.005579161457717419 0.005568335764110088 0.005558233708143234 0.005553694441914558 0.005555644165724516 0.00556162279099226 0.005568689201027155 0.005574782844632864 0.0055780126713216305 0.005570687353610992
0.005379819311201572 0.005385363008826971 0.005276540294289589 0.004973414354026318 0.004342521075159311 0.0031950080301612616 0.0015718182548880577 -8.868519216775894e-06 -0.0007943892851471901 -0.0003643385134637356 0.0010416735894978046 0.0027206349186599255 0.004044563043862581 0.0048226891085505486 0.005195162259042263 0.005352954845875502 0.005410771816968918 0.00541745126247406 0.005392500199377537 0.0053549353033304214 0.0053383768536150455 0.005368716083467007 0.005431169643998146 0.005495792720466852 0.005547608248889446 0.005577407777309418 0.005587773863226175 0.005589925684034824 0.005589938722550869 0.0055879163555800915 0.005579120945185423 0.005556432995945215 0.005522239487618208 0.005495649296790361 0.005494438577443361 0.005515454802662134 0.0055425590835511684 0.005563994403928518 0.005576863884925842 0.005581627134233713 0.005571667570620775
0.005434732418507338 0.00540714617818594 0.00530868349596858 0.005107557401061058 0.004630319774150848 0.0036153097171336412 0.0019337993580847979 -5.369866266846657e-05 -0.0015279431827366352 -0.0017653820104897022 -0.0006663678213953972 0.0011931722983717918 0.0029906805139034986 0.004224127624183893 0.004884626716375351 0.005190294235944748 0.00532318651676178 0.005377757828682661 0.0054054707288742065 0.0054553113877773285 0.005564030725508928 0.005686207674443722 0.005717306863516569 0.005657736212015152 0.005605779588222504 0.00559163698926568 0.005590308923274279 0.005590225104242563 0.005589399486780167 0.005583303514868021 0.005556107498705387 0.005485327448695898 0.005383425857871771 0.005318786483258009 0.005342476535588503 0.005425464361906052 0.005506147630512714 0.005555330775678158 0.00557709252461791 0.0055842529982328415 0.00557546503841877
0.005488307680934668 0.005477546714246273 0.005421639420092106 0.00527513911947608 0.004892461933195591 0.003968335222452879 0.0021917521953582764 -0.0002964269369840622 -0.0026517827063798904 -0.0038123326376080513 -0.0032527362927794456 -0.0012996792793273926 0.0011094934307038784 0.0030808867886662483 0.004287302494049072 0.0048956903629004955 0.005182733293622732 0.005332669243216515 0.005461052525788546 0.005665110424160957 0.005959253292530775 0.0061630792915821075 0.006077153142541647 0.005812848452478647 0.005639782641083002 0.005595339462161064 0.005590534303337336 0.005590036045759916 0.005587322637438774 0.005568401422351599 0.005488068796694279 0.005290680564939976 0.0050289747305214405 0.004895578604191542 0.005002627149224281 0.005239765625447035 0.005437355488538742 0.00553889898583293 0.005575577262789011 0.005585528444498777 0.005580203142017126
0.005527555476874113 0.005520964972674847 0.0054803695529699326 0.00536431884393096 0.00503844628110528 0.004174023400992155 0.0023002533707767725 -0.0006966348737478256 -0.004013959318399429 -0.006272871047258377 -0.006505696102976799 -0.004701373167335987 -0.0017302818596363068 0.0011960994452238083 0.0032753378618508577 0.004432676360011101 0.005008293315768242 0.005342877935618162 0.005681312642991543 0.006185869686305523 0.006776068359613419 0.007050584070384502 0.0067220162600278854 0.006090166978538036 0.005698018707334995 0.005600370466709137 0.0055906157940626144 0.005589184816926718 0.005579814780503511 0.005523432977497578 0.005313490051776171 0.004854294471442699 0.004311154130846262 0.004092305898666382 0.004378315526992083 0.004903134424239397 0.005312706343829632 0.005505863111466169 0.005570436827838421 0.00558558851480484 0.005583937745541334
0.005540675483644009 0.005537764169275761 0.00550590455532074 0.005405606236308813 0.005106596741825342 0.004267226904630661 0.0023057700600475073 -0.001116566825658083 -0.0052858032286167145 -0.008579671382904053 -0.009661069139838219 -0.008213859982788563 -0.004918424412608147 -0.0011047902517020702 0.0019839792512357235 0.0038864128291606903 0.00490200612694025 0.005560445133596659 0.006295997649431229 0.007301975041627884 0.00828602910041809 0.008599674329161644 0.007901330478489399 0.006667919456958771 0.0058411406353116035 0.005614452995359898 0.005590584594756365 0.0055853454396128654 0.005553787108510733 0.005402908660471439 0.004942608997225761 0.004088742658495903 0.0032100575044751167 0.0029380503110587597 0.00347852217964828 0.004389389418065548 0.005104025360196829 0.005445446819067001 0.005558378528803587 0.005584132857620716 0.005585959181189537
0.00553880026564002 0.005539769772440195 0.005512231029570103 0.005418951157480478 0.005130507983267307 0.004301495850086212 0.00230799475684762 -0.0013086232356727123 -0.005929314531385899 -0.009834792464971542 -0.011471359059214592 -0.010335808619856834 -0.006963625550270081 -0.002670781686902046 0.0010958760976791382 0.003613114822655916 0.005099206697195768 0.006216331385076046 0.007540046703070402 0.009178103879094124 0.010557006113231182 0.01089661754667759 0.009847970679402351 0.007846547290682793 0.006226194556802511 0.005665828939527273 0.005590116139501333 0.005568603985011578 0.005472087766975164 0.0051283990032970905 0.0043136486783623695 0.003075721673667431 0.0019850023090839386 0.001741920132189989 0.0025070586707443 0.0037563261575996876 0.004795225337147713 0.005336115602403879 0.005532205570489168 0.005579866468906403 0.005586653482168913
0.005516556091606617 0.005527455359697342 0.005500658415257931 0.0054054055362939835 0.0051163057796657085 0.004380882252007723 0.0025704666040837765 -0.0007065883837640285 -0.004956095479428768 -0.009064260870218277 -0.010688016191124916 -0.009624403901398182 -0.006373009644448757 -0.0022136326879262924 0.0014949771575629711 0.004115312360227108 0.0058144619688391685 0.007344929035753012 0.009050506167113781 0.011217141523957253 0.012908220291137695 0.013346875086426735 0.01223741378635168 0.00971660204231739 0.007093430031090975 0.005856804549694061 0.005592898931354284 0.0055080074816942215 0.005264670122414827 0.004620994906872511 0.0034944210201501846 0.002119148848578334 0.001090280245989561 0.000954632181674242 0.0017943300772458315 0.0031620082445442677 0.004412124864757061 0.005158676765859127 0.0054797944612801075 0.005569734610617161 0.005585905630141497
0.0053987083956599236 0.005485710687935352 0.005461534019559622 0.005354445427656174 0.005085966549813747 0.004371613264083862 0.0028562466613948345 0.00032143015414476395 -0.0028318753466010094 -0.005488228984177113 -0.00678806658834219 -0.0056230658665299416 -0.002811696380376816 0.0006386660970747471 0.0034441666211932898 0.005437240935862064 0.00710078701376915 0.008844898082315922 0.011139905080199242 0.013905145227909088 0.015929248183965683 0.016476359218358994 0.015461466275155544 0.012720927596092224 0.008969143033027649 0.006421834230422974 0.005627300590276718 0.005347906611859798 0.004899688996374607 0.00404279213398695 0.00284188031218946 0.0015804977156221867 0.0008668694645166397 0.0008608242496848106 0.0015905778855085373 0.0027978175785392523 0.004042574670165777 0.004919824190437794 0.005390406120568514 0.005549305118620396 0.005583243444561958
0.004626182373613119 0.005322458688169718 0.005364661570638418 0.005263319704681635 0.004972022958099842 0.0044275913387537 0.003458851482719183 0.0021123134065419436 0.0006154710426926613 -0.00048721348866820335 -0.0005843364633619785 0.000591800082474947 0.0023770236875861883 0.004229058511555195 0.0056572649627923965 0.006837785709649324 0.008276497013866901 0.010258302092552185 0.01325300894677639 0.016355790197849274 0.018735002726316452 0.01936398819088936 0.018351435661315918 0.01558039989322424 0.011147517710924149 0.007411929313093424 0.005744205322116613 0.0052323117852211 0.004731471184641123 0.00405880669131875 0.003303966484963894 0.0025980332866311073 0.0023259648587554693 0.0018795870710164309 0.0023080266546458006 0.0029240124858915806 0.0039016304071992636 0.004724420607089996 0.00529032526537776 0.005518424790352583 0.005579052492976189
0.0009638103656470776 0.00452724052593112 0.005114886909723282 0.005070227663964033 0.004813693463802338 0.004480821546167135 0.004161179065704346 0.004033187869936228 0.004007551819086075 0.004142229910939932 0.004572704900056124 0.005253745708614588 0.006010354962199926 0.006694640964269638 0.007343180477619171 0.008164908736944199 0.009479286149144173 0.011623011901974678 0.014972764067351818 0.018726781010627747 0.02141941711306572 0.02204841934144497 0.0208546482026577 0.018013300374150276 0.013264583423733711 0.008408275432884693 0.005937083624303341 0.005149363540112972 0.004690275993198156 0.004277683794498444 0.003925919998437166 0.003633825108408928 0.003600762691348791 0.0032194440718740225 0.003386381082236767 0.0035812610294669867 0.004053822718560696 0.004682671744376421 0.005214696750044823 0.005497680511325598 0.005575154908001423
-0.008434008806943893 0.0015794788487255573 0.004417807795107365 0.00476254615932703 0.00464980024844408 0.0046178847551345825 0.004908829461783171 0.005544837564229965 0.0063202460296452045 0.006812127772718668 0.007270265836268663 0.007481786888092756 0.007615335285663605 0.007694460451602936 0.008041816763579845 0.00871133804321289 0.009912841022014618 0.011901142075657845 0.01513004582375288 0.018854428082704544 0.021661777049303055 0.02237779274582863 0.021132104098796844 0.018706493079662323 0.014033040031790733 0.00892067514359951 0.006056427024304867 0.005154808517545462 0.004814450163394213 0.00464542955160141 0.004567222204059362 0.004513491410762072 0.00457467045634985 0.004335370846092701 0.004242152441293001 0.004380326252430677 0.004561129026114941 0.004918863531202078 0.005290182773023844 0.0055081481114029884 0.005577162839472294
-0.020095117390155792 -0.004802648909389973 0.0027830321341753006 0.004340929910540581 0.004577994346618652 0.004828869365155697 0.005405704490840435 0.006244097836315632 0.007033986505120993 0.007439042441546917 0.007653813809156418 0.007670918479561806 0.00763394171372056 0.007587304338812828 0.007860139012336731 0.008423522114753723 0.009381805546581745 0.010917222127318382 0.013541251420974731 0.01672063022851944 0.019321467727422714 0.020662806928157806 0.019601397216320038 0.016960032284259796 0.012672968208789825 0.008425957523286343 0.005919461138546467 0.005186447408050299 0.00507247494533658 0.004984725266695023 0.005032786168158054 0.005071384832262993 0.005143547430634499 0.005034721456468105 0.004975564777851105 0.005024947691708803 0.005081702023744583 0.005199293605983257 0.005413912236690521 0.005543336272239685 0.00558418408036232
