2D_landslide/Landslide/figures/1h.txt
ncols   200
nrows   200
xllcorner   0
yllcorner   0
cellsize   12.5
NODATA_value   -9999.00000
[rows 38 to 56 of 200, columns 0 to 41 of 200]
0.007277549244463444 0.007277549244463444 0.007277549244463444 0.007277549244463444 0.007277549244463444 0.007277549244463444 0.007277549244463444 0.007277549244463444 0.007277548313140869 0.0072775473818182945 0.0072775473818182945 0.007277548313140869 0.007277549244463444 0.007277549244463444 0.007277549244463444 0.007277549244463444 0.007277549244463444 0.007277549244463444 0.007277549244463444 0.007277549244463444 0.007277550175786018 0.007277554366737604 0.007277566008269787 0.007277588360011578 0.007277618627995253 0.0072776018641889095 0.007276542484760284 0.007263519335538149 0.007182624191045761 0.006945671513676643 0.006667708978056908 0.006670722272247076 0.006962493062019348 0.007203212473541498 0.007271243259310722 0.007277369033545256 0.007277444005012512 0.007277330849319696 0.007277199067175388 0.007277105003595352 0.007277085445821285 0.007277174852788448
0.007277549244463444 0.007277549244463444 0.007277549244463444 0.007277549244463444 0.007277549244463444 0.007277549244463444 0.007277549244463444 0.0072775473818182945 0.007277538999915123 0.007277528289705515 0.007277533877640963 0.007277545053511858 0.0072775487788021564 0.007277549244463444 0.007277549244463444 0.007277549244463444 0.007277549244463444 0.007277549244463444 0.007277549244463444 0.007277549244463444 0.007277549244463444 0.007277550641447306 0.007277552969753742 0.00727755855768919 0.0072775669395923615 0.0072775427252054214 0.007276663091033697 0.007266200613230467 0.007210994139313698 0.007088450249284506 0.007000091020017862 0.007052689790725708 0.0071775163523852825 0.007256135810166597 0.007275652140378952 0.0072774337604641914 0.0072773778811097145 0.007277104537934065 0.007276655174791813 0.0072762006893754005 0.007275995332747698 0.007276164833456278
0.007277543190866709 0.007277548313140869 0.007277549244463444 0.007277549244463444 0.007277549244463444 0.007277549244463444 0.0072775487788021564 0.00727753946557641 0.0072774738073349 0.007277368102222681 0.0072774216532707214 0.007277521304786205 0.007277546916157007 0.007277549244463444 0.007277549244463444 0.007277549244463444 0.007277549244463444 0.007277549244463444 0.007277549244463444 0.007277549244463444 0.007277549244463444 0.007277549244463444 0.007277549244463444 0.0072775487788021564 0.007277545984834433 0.007277531549334526 0.007277211174368858 0.0072732772678136826 0.00725376745685935 0.007218178827315569 0.0072038425132632256 0.00722665386274457 0.0072568184696137905 0.007272298913449049 0.007276245392858982 0.00727718323469162 0.007277252152562141 0.0072767059318721294 0.007275446783751249 0.007273912895470858 0.007272596471011639 0.007272148504853249
0.007277469150722027 0.007277539931237698 0.007277548313140869 0.007277549244463444 0.007277549244463444 0.007277549244463444 0.007277548313140869 0.007277512922883034 0.007277121301740408 0.007276222575455904 0.007276502903550863 0.007277325727045536 0.00727753434330225 0.0072775487788021564 0.007277549244463444 0.007277549244463444 0.007277549244463444 0.007277549244463444 0.007277549244463444 0.007277549244463444 0.0072775487788021564 0.007277547847479582 0.007277543656527996 0.007277531549334526 0.007277505937963724 0.007277477998286486 0.0072774337604641914 0.007276788353919983 0.007273380178958178 0.007267344743013382 0.007265456020832062 0.007269281893968582 0.007273226510733366 0.00727398507297039 0.007273030932992697 0.007274093106389046 0.007275896612554789 0.007275637239217758 0.007272604387253523 0.007267404347658157 0.007261122576892376 0.007254700642079115
0.007277021650224924 0.007277493365108967 0.007277544587850571 0.0072775487788021564 0.007277549244463444 0.007277549244463444 0.007277545519173145 0.007277435623109341 0.007275608833879232 0.007269307039678097 0.007269497495144606 0.007275591604411602 0.007277420721948147 0.00727754645049572 0.007277549244463444 0.007277549244463444 0.007277549244463444 0.007277549244463444 0.007277549244463444 0.0072775487788021564 0.007277547847479582 0.0072775427252054214 0.0072775231674313545 0.007277463562786579 0.007277359254658222 0.007277289405465126 0.007277294062077999 0.007277080789208412 0.007275716867297888 0.007272153161466122 0.007268271408975124 0.007267437409609556 0.0072685969062149525 0.007267668843269348 0.007258988916873932 0.00724868243560195 0.007251294795423746 0.007263911422342062 0.007261528167873621 0.007244580425322056 0.007212633732706308 0.007175164762884378
0.007275507785379887 0.007277339696884155 0.007277533877640963 0.007277548313140869 0.007277549244463444 0.007277549244463444 0.007277533411979675 0.007277191150933504 0.007271001115441322 0.007239133585244417 0.007227870635688305 0.007261891383677721 0.0072763231582939625 0.0072775245644152164 0.0072775487788021564 0.007277549244463444 0.007277549244463444 0.007277549244463444 0.0072775487788021564 0.007277548313140869 0.007277545053511858 0.007277527824044228 0.007277452852576971 0.007277212105691433 0.007276556920260191 0.007274707779288292 0.007270463276654482 0.007261383347213268 0.007242977153509855 0.007214474491775036 0.007195909973233938 0.007202355191111565 0.007222095970064402 0.007236155215650797 0.007215313147753477 0.007140734698623419 0.007067997474223375 0.007117810193449259 0.007187970913946629 0.007159882690757513 0.007051796652376652 0.0069040595553815365
0.007272040005773306 0.007276975549757481 0.007277508731931448 0.0072775473818182945 0.007277549244463444 0.0072775487788021564 0.007277484517544508 0.007276157382875681 0.007259200792759657 0.007143407128751278 0.007047755643725395 0.00717722624540329 0.007266724482178688 0.0072772870771586895 0.0072775473818182945 0.0072775487788021564 0.0072775487788021564 0.0072775487788021564 0.0072775487788021564 0.007277546916157007 0.007277537602931261 0.007277483586221933 0.00727712269872427 0.0072734360583126545 0.007249851245433092 0.007183503359556198 0.007083256728947163 0.006970379501581192 0.006826483178883791 0.006695371586829424 0.006690503563731909 0.0068186926655471325 0.0069763753563165665 0.007088370155543089 0.007091172970831394 0.006867512129247189 0.006439369637519121 0.006395840551704168 0.006709040608257055 0.006839387118816376 0.006581196095794439 0.006191360764205456
0.007265861611813307 0.00727625610306859 0.007277457509189844 0.007277545053511858 0.007277549244463444 0.007277544122189283 0.0072771222330629826 0.00726898480206728 0.007215491030365229 0.006910780910402536 0.006510980427265167 0.0068201241083443165 0.007204888854175806 0.007275011856108904 0.007277531549334526 0.0072775487788021564 0.0072775487788021564 0.0072775487788021564 0.007277547847479582 0.0072775427252054214 0.007277514319866896 0.007277200929820538 0.007269229739904404 0.0071732643991708755 0.006763548590242863 0.006022860761731863 0.005353832617402077 0.0048494827933609486 0.004402788821607828 0.0042044250294566154 0.004576195031404495 0.005327791906893253 0.006044154986739159 0.006529134698212147 0.006715450901538134 0.006431945599615574 0.005526047199964523 0.004996088333427906 0.005504952743649483 0.005945761688053608 0.005450715776532888 0.004714181646704674
0.007256897632032633 0.007275058887898922 0.007277367636561394 0.007277540862560272 0.0072775487788021564 0.007277480326592922 0.007273394614458084 0.007210465148091316 0.006939362268894911 0.006252840161323547 0.005323136691004038 0.005826464854180813 0.006940373685210943 0.007259076461195946 0.007277360651642084 0.007277547847479582 0.007277548313140869 0.0072775473818182945 0.007277543656527996 0.007277525961399078 0.007277365308254957 0.007271182257682085 0.007136180996894836 0.006183461286127567 0.003745932364836335 0.0009707263670861721 0.0 0.0 0.0 0.0 0.0 0.0016118492931127548 0.0035914257168769836 0.0049447789788246155 0.005629178136587143 0.005602885037660599 0.0046358550898730755 0.0038148066960275173 0.004059090744704008 0.004344545304775238 0.003366086632013321 0.002044986467808485
0.007247169502079487 0.007273515220731497 0.007277238182723522 0.00727753434330225 0.007277545519173145 0.007277012336999178 0.007253433112055063 0.006961155217140913 0.0059035844169557095 0.004413466900587082 0.0031518936157226562 0.004022544249892235 0.006255415268242359 0.007188796065747738 0.007276024203747511 0.0072775427252054214 0.007277545984834433 0.007277542259544134 0.007277526427060366 0.007277441211044788 0.007275428157299757 0.007203558925539255 0.00632421625778079 0.002710155677050352 0.0 0.0 0.0 0.0 0.0 0.0 0.0 0.0 0.0 0.0020512593910098076 0.0035698895808309317 0.004170299973338842 0.003751259995624423 0.0031594112515449524 0.002910933457314968 0.0024461327120661736 0.0008092820644378662 0.0
0.0072420877404510975 0.007272535935044289 0.007277145516127348 0.007277528755366802 0.007277532014995813 0.007275505922734737 0.007207425311207771 0.006507870275527239 0.004240293987095356 0.0016442853957414627 0.0002652425318956375 0.0017694183625280857 0.005137959495186806 0.006998398341238499 0.007269440684467554 0.007277504540979862 0.00727753946557641 0.007277520373463631 0.007277440279722214 0.0072769117541611195 0.0072615561075508595 0.006918526720255613 0.004341288469731808 0.0 0.0 0.0 0.0 0.0 0.0 0.0 0.0 0.0 0.0 0.0 0.0009030364453792572 0.0021129841916263103 0.0023499964736402035 0.0020708395168185234 0.0014521586708724499 0.00026212213560938835 0.0 0.0
0.007247298024594784 0.007273309398442507 0.007277210243046284 0.007277531549334526 0.007277507334947586 0.007273877505213022 0.007177093997597694 0.006303947418928146 0.00361618516035378 0.0005486826412379742 0.0 0.0003206315450370312 0.004064981825649738 0.006689427420496941 0.007250821217894554 0.007277327589690685 0.007277516648173332 0.007277430035173893 0.007277028169482946 0.007274444214999676 0.007222726475447416 0.006446887273341417 0.0021938378922641277 0.0 0.0 0.0 0.0 0.0 0.0 0.0 0.0 0.0 0.0 0.0 0.0 0.0003317231312394142 0.0008150823414325714 0.0007815896533429623 3.5509467124938965e-05 0.0 0.0 0.0
0.007260784041136503 0.007275453303009272 0.007277398835867643 0.007277541793882847 0.0072775064036250114 0.007274606265127659 0.007208638358861208 0.006642452906817198 0.004845515824854374 0.0024927076883614063 0.00046992069110274315 0.0007016621530056 0.0036667906679213047 0.006425775587558746 0.0072227842174470425 0.0072768875397741795 0.00727745471522212 0.007277106866240501 0.007275346666574478 0.007266225293278694 0.00717401597648859 0.006167321465909481 0.0013608145527541637 0.0 0.0 0.0 0.0 0.0 0.0 0.0 0.0 0.0 0.0 0.0 0.0 0.0 0.00025379983708262444 0.00011813081800937653 0.0 0.0 0.0 0.0
0.007272265385836363 0.007277004886418581 0.007277518976479769 0.007277547847479582 0.007277531549334526 0.007276533171534538 0.007256203796714544 0.007081626448780298 0.006467264145612717 0.005264229141175747 0.0032842536456882954 0.0024336082860827446 0.004141109995543957 0.006401385646313429 0.007206982932984829 0.00727638928219676 0.007277327589690685 0.007276210468262434 0.007269912865012884 0.007241649553179741 0.007115502841770649 0.006260183174163103 0.002263515256345272 0.0 0.0 0.0 0.0 0.0 0.0 0.0 0.0 0.0 0.0 0.0 0.0 0.0010148738510906696 0.0012116190046072006 0.000980648212134838 3.168359398841858e-06 0.0 0.0 0.0
0.007276738528162241 0.007277481257915497 0.00727754645049572 0.007277549244463444 0.00727754645049572 0.007277411408722401 0.007274838630110025 0.007252316456288099 0.007147620432078838 0.006610108073800802 0.00513453409075737 0.004176018759608269 0.005080157425254583 0.006611095275729895 0.007216420024633408 0.007276240270584822 0.007277138996869326 0.007274331990629435 0.007256350480020046 0.007176392711699009 0.006941775791347027 0.006283582653850317 0.0037502781488001347 0.0 0.0 0.0 0.0 0.0 0.0 0.0 0.0 0.0 0.0 0.0002541705034673214 0.00223454087972641 0.003131743986159563 0.0031951689161360264 0.00294437725096941 0.0019221347756683826 0.0 0.0 0.0
0.007277495693415403 0.007277545053511858 0.007277549244463444 0.007277549244463444 0.007277549244463444 0.007277542259544134 0.007277421187609434 0.007276208605617285 0.0072531928308308125 0.006947966758161783 0.006067774724215269 0.005491127260029316 0.0059917764738202095 0.006883849855512381 0.007238827180117369 0.0072764926590025425 0.007276944816112518 0.00727139413356781 0.007230779621750116 0.007044524420052767 0.00655473954975605 0.00580907566472888 0.004492143169045448 0.0009390022605657578 0.0 0.0 0.0 0.0 0.0 0.0 0.0 0.0 0.0014545237645506859 0.0035347077064216137 0.004716432653367519 0.005194708239287138 0.005209311842918396 0.004948706366121769 0.004072964191436768 0.002324306406080723 0.0 0.0
0.007277547847479582 0.007277549244463444 0.007277549244463444 0.007277549244463444 0.007277549244463444 0.007277549244463444 0.007277546916157007 0.0072773476131260395 0.007260988466441631 0.007068611681461334 0.006606508046388626 0.006352799013257027 0.00664464570581913 0.00709104910492897 0.007258277852088213 0.00727687356993556 0.007276826538145542 0.007268059998750687 0.007195416372269392 0.006853440776467323 0.005994423758238554 0.004938174970448017 0.0042530810460448265 0.002920268103480339 0.0 0.0 0.0 0.0 0.0 0.0 0.0006598774343729019 0.002894933335483074 0.004656605422496796 0.005766191985458136 0.006278165150433779 0.00645903404802084 0.0064496928825974464 0.006257713306695223 0.0056495931930840015 0.004374263808131218 0.0021093161776661873 0.0
0.007277549244463444 0.007277549244463444 0.007277549244463444 0.007277549244463444 0.007277549244463444 0.007277549244463444 0.0072775487788021564 0.007277312688529491 0.007263719104230404 0.007148860953748226 0.006933941505849361 0.006857839412987232 0.007017415016889572 0.0072053880430758 0.007269611582159996 0.007277187891304493 0.007276831194758415 0.007265633903443813 0.007161581423133612 0.006659429520368576 0.0054401373490691185 0.004079563543200493 0.0036681911442428827 0.0038553180638700724 0.0021382062695920467 0.0 0.0 0.0 0.0 0.0022397199645638466 0.00435181288048625 0.005596992559731007 0.006416853051632643 0.006827922537922859 0.006985172163695097 0.007033633533865213 0.007023569196462631 0.006923718843609095 0.006606423296034336 0.005835168529301882 0.0043836976401507854 0.002600010484457016
0.007277549244463444 0.007277549244463444 0.007277549244463444 0.007277549244463444 0.007277549244463444 0.007277549244463444 0.0072775487788021564 0.007277275901287794 0.007266957778483629 0.007204505614936352 0.00711741391569376 0.007110524922609329 0.007186597678810358 0.007253727409988642 0.007274676579982042 0.007277381140738726 0.0072769406251609325 0.007265140768140554 0.007144311908632517 0.0065499115735292435 0.005144126247614622 0.0036743672098964453 0.0034178367350250483 0.004363252315670252 0.0041266800835728645 0.0004417211748659611 0.0 0.0 0.0016818325966596603 0.005108443554490805 0.006307543721050024 0.0068165273405611515 0.0070733786560595036 0.007171316538006067 0.00720094982534647 0.0072142621502280235 0.007211196236312389 0.007168150506913662 0.007016371004283428 0.006605654023587704 0.005792091600596905 0.004759654402732849
