2D_landslide/Landslide/figures/1h.txt
ncols   200
nrows   200
xllcorner   0
yllcorner   0
cellsize   12.5
NODATA_value   -9999.00000
[rows 0 to 18 of 200, columns 84 to 125 of 200]
0.007266338914632797 0.007230788469314575 0.0070383306592702866 0.00617789663374424 0.0033335303887724876 0.0 0.0 0.0 0.0 0.0 0.0 0.0 0.0 0.0 0.0 0.0 0.0 0.0 0.0 0.0 0.0 0.0 0.0 0.0 0.0101661691442132 0.030538078397512436 0.04376359283924103 0.04396578297019005 0.026465769857168198 0.0 0.0 0.0 0.0 0.0 0.0 0.004044769797474146 0.006080164108425379 0.00662226602435112 0.0068914201110601425 0.007063073106110096 0.0071707903407514095 0.007233437150716782
0.007262017112225294 0.007228428963571787 0.0069873458705842495 0.005521496292203665 0.0006332788616418839 0.0 0.0 0.0 0.0 0.0 0.0 0.0 0.0 0.0 0.0 0.0 0.0032751550897955894 0.0 0.0 0.0 0.0 0.0 0.0 0.004949874244630337 0.034487344324588776 0.0647890567779541 0.0814346969127655 0.08008252829313278 0.06279556453227997 0.032374314963817596 0.0 0.0 0.0 0.0 0.0 0.0 0.0036183008924126625 0.005287500098347664 0.006077384110540152 0.006580935791134834 0.006930856499820948 0.0071616945788264275
0.007257285062223673 0.007217018399387598 0.006913250777870417 0.004797132685780525 0.0 0.0 0.0 0.0 0.0 0.016697213053703308 0.03740508109331131 0.04131389781832695 0.015219180844724178 0.0 0.0 0.0 0.0 0.0 0.0 0.0 0.0 0.0 0.0 0.0 0.01903970167040825 0.05343899875879288 0.07845363765954971 0.08821769803762436 0.08451485633850098 0.07054822146892548 0.04253215342760086 0.007862349040806293 0.0 0.0 0.0 0.0 0.0 0.0010392912663519382 0.0033005308359861374 0.004917548503726721 0.0061439024284482 0.0069556524977087975
0.007249478716403246 0.007188677322119474 0.006783302407711744 0.004027072340250015 0.0 0.0 0.0 0.0 0.061065200716257095 0.13870811462402344 0.2028021514415741 0.23467282950878143 0.23410560190677643 0.25366175174713135 0.31118646264076233 0.3767469525337219 0.3762381970882416 0.3253780007362366 0.23716501891613007 0.1320192664861679 0.03627079352736473 0.0 0.0 0.0 0.0480782575905323 0.10743515938520432 0.1480053961277008 0.16383744776248932 0.1644943654537201 0.14402833580970764 0.11650166660547256 0.0750623419880867 0.030410971492528915 0.0 0.0 0.0 0.0 0.0 0.0 0.0 0.0031400062143802643 0.0061224065721035
0.007234937511384487 0.007119065150618553 0.0064886766485869884 0.002762199379503727 0.0 0.0 0.0 0.017842324450612068 0.1529090702533722 0.3285748362541199 0.5285962224006653 0.728247880935669 0.9433624744415283 1.232560396194458 1.465530276298523 1.6050634384155273 1.6507731676101685 1.6528375148773193 1.5614078044891357 1.4218848943710327 1.2426183223724365 1.0374888181686401 0.8365355730056763 0.6897713541984558 0.5568010807037354 0.4585534632205963 0.3952336609363556 0.3586847186088562 0.3312118351459503 0.28338173031806946 0.2262544184923172 0.1659819334745407 0.1114337146282196 0.05620545521378517 0.019132770597934723 0.005276939831674099 0.0017611533403396606 0.0 0.0 0.0 0.0 0.004285741597414017
0.007182540372014046 0.006879442371428013 0.0054572275839746 0.0 0.0 0.0 0.0 0.15247708559036255 0.5495080947875977 0.9733861088752747 1.3425883054733276 1.6807866096496582 2.0724964141845703 2.4664971828460693 2.714785575866699 2.8477752208709717 2.883962869644165 2.84830641746521 2.7666356563568115 2.656287670135498 2.551971197128296 2.3737616539001465 2.1672861576080322 1.9682934284210205 1.7881211042404175 1.5913523435592651 1.3408101797103882 1.0363410711288452 0.75405353307724 0.5109077095985413 0.35180163383483887 0.24769388139247894 0.17801104485988617 0.1055850088596344 0.0591617077589035 0.039410434663295746 0.03208380192518234 0.022636912763118744 0.0063996100798249245 0.0 0.0 0.002000915352255106
0.006984072271734476 0.0060022929683327675 0.001997622661292553 0.0 0.0 0.0 0.11796059459447861 0.6111101508140564 1.1836516857147217 1.6672499179840088 2.1807594299316406 2.7958450317382812 3.4129836559295654 3.827232837677002 4.073881149291992 4.1799750328063965 4.181329727172852 4.1157121658325195 4.021410942077637 3.915534496307373 3.7916555404663086 3.6905744075775146 3.529783010482788 3.351823091506958 3.160527229309082 2.9377682209014893 2.6486921310424805 2.2791430950164795 1.838618278503418 1.3416651487350464 0.836480438709259 0.4342300593852997 0.20277844369411469 0.10261761397123337 0.05799040570855141 0.04834406077861786 0.047629598528146744 0.04054654762148857 0.022773221135139465 0.002273296471685171 0.0 0.0009259572252631187
0.006197253242135048 0.0025900634936988354 0.0 0.0 0.0 0.04821976646780968 0.47495222091674805 1.081479549407959 1.7352887392044067 2.465836524963379 3.304083824157715 4.054113864898682 4.672873497009277 5.155066967010498 5.5779314041137695 5.837399482727051 5.952486038208008 8.117684364318848 7.924160957336426 7.862699031829834 5.581129550933838 5.278232574462891 5.036513328552246 4.844322204589844 4.611313819885254 4.2790350914001465 3.873246669769287 3.444319009780884 2.9419455528259277 2.3517563343048096 1.7204877138137817 1.0797486305236816 0.49840283393859863 0.1251695305109024 0.0 0.0 0.020410573109984398 0.025991547852754593 0.016373079270124435 0.0 0.0 0.0010086949914693832
0.0032732458785176277 0.0 0.0 0.0 0.012952025979757309 0.30522844195365906 0.8474869132041931 1.5335496664047241 2.4250121116638184 3.389507532119751 5.529099464416504 6.152555465698242 6.739180564880371 7.41104793548584 8.07090950012207 8.55402660369873 9.221051216125488 10.17564868927002 10.09566879272461 9.755175590515137 9.104375839233398 8.498833656311035 8.062846183776855 7.620172023773193 7.144947528839111 6.683926582336426 5.638084411621094 4.586430549621582 3.979534149169922 3.352118730545044 2.642496109008789 1.9161293506622314 1.2115007638931274 0.5811600089073181 0.15253348648548126 0.02641785517334938 0.006689811125397682 0.0 0.0 0.0 0.0 0.0026695230044424534
0.0 0.0 0.0 0.0 0.17500534653663635 0.599646806716919 1.2040462493896484 2.014003276824951 3.078339099884033 5.423380374908447 6.116481304168701 6.9877519607543945 8.197469711303711 9.105746269226074 9.886462211608887 10.154266357421875 11.321395874023438 11.667723655700684 11.546457290649414 11.184361457824707 10.503438949584961 9.841584205627441 9.044700622558594 8.466315269470215 7.958849906921387 7.700281143188477 7.228973388671875 5.952633857727051 4.895771026611328 4.204270362854004 3.4939377307891846 2.7236907482147217 1.9087855815887451 1.1822935342788696 0.6172187328338623 0.3305586874485016 0.22099663317203522 0.1349135935306549 0.04786005988717079 0.0 0.0 0.0
0.0 0.0 0.0 0.09607196599245071 0.4092261791229248 0.9118712544441223 1.5662845373153687 2.540264844894409 3.59071946144104 6.139307975769043 7.460691452026367 8.883766174316406 10.173650741577148 11.124897003173828 11.696778297424316 12.330767631530762 12.648852348327637 12.88000202178955 12.900418281555176 12.585369110107422 11.909651756286621 11.151130676269531 10.454856872558594 9.789956092834473 9.172544479370117 8.876766204833984 8.63077449798584 8.239460945129395 6.877964019775391 5.114985942840576 4.271543979644775 3.498866081237793 2.7676758766174316 1.9793401956558228 1.272788643836975 0.8159099817276001 0.5890217423439026 0.4173182249069214 0.27703696489334106 0.13793723285198212 0.006484359968453646 0.0
0.0 0.0 0.029056325554847717 0.25812456011772156 0.6520470380783081 1.138871192932129 1.8246408700942993 2.7164978981018066 6.222238063812256 7.604917526245117 8.923828125 10.264714241027832 11.47877025604248 12.215803146362305 12.577999114990234 12.958030700683594 13.724959373474121 13.967060089111328 14.095643043518066 13.56750774383545 12.937963485717773 12.271687507629395 11.636944770812988 10.861566543579102 10.16604232788086 9.6494722366333 9.413124084472656 9.175068855285645 8.622173309326172 7.350195407867432 5.205305576324463 4.338559627532959 3.5249879360198975 2.7363486289978027 2.0242650508880615 1.4059392213821411 1.011178970336914 0.7317367792129517 0.5197821855545044 0.3391389846801758 0.1391288787126541 0.0
0.0 0.0 0.11317063868045807 0.4201537072658539 0.8576416969299316 1.3207383155822754 1.9510704278945923 2.8576536178588867 7.6147356033325195 8.882542610168457 10.313558578491211 11.52464485168457 12.618529319763184 13.147416114807129 13.568964004516602 13.56345272064209 14.593490600585938 15.02808952331543 15.115809440612793 14.336209297180176 13.775723457336426 13.070682525634766 12.431262969970703 11.668367385864258 10.83676815032959 10.306867599487305 9.964263916015625 9.852385520935059 9.507417678833008 8.74071979522705 5.940389633178711 5.214046478271484 4.315123558044434 3.4703402519226074 2.6858606338500977 2.074681520462036 1.555198073387146 1.107649326324463 0.7408591508865356 0.500005841255188 0.2759520411491394 0.029922030866146088
0.0 0.0 0.1962590515613556 0.5801829099655151 1.0070780515670776 1.4290366172790527 2.0332484245300293 2.9880573749542236 8.333430290222168 9.563055992126465 11.165765762329102 12.387181282043457 13.37082576751709 14.055157661437988 14.356118202209473 14.246949195861816 14.92731761932373 15.091215133666992 15.138361930847168 14.562318801879883 13.765389442443848 13.168750762939453 12.798698425292969 12.175463676452637 11.363847732543945 10.645044326782227 10.36030387878418 10.003057479858398 9.541741371154785 9.134377479553223 6.0922160148620605 5.724045276641846 5.134407997131348 4.260006904602051 3.342020273208618 2.6576335430145264 2.0738344192504883 1.5363727807998657 0.9848998188972473 0.6377347111701965 0.40212514996528625 0.10739868134260178
0.0 0.03573336452245712 0.35199227929115295 0.7785977125167847 1.1680155992507935 1.6235132217407227 2.307013750076294 3.3335695266723633 8.70191764831543 9.764609336853027 11.393951416015625 12.939886093139648 13.736101150512695 14.497759819030762 15.108219146728516 15.22221851348877 15.248416900634766 15.480141639709473 15.002862930297852 14.378922462463379 13.952347755432129 13.34631633758545 13.057888984680176 12.394268989562988 11.651933670043945 10.875743865966797 10.535651206970215 10.181917190551758 9.739030838012695 9.248649597167969 8.4273681640625 5.8521199226379395 5.486464023590088 5.031965732574463 4.262336254119873 3.367382287979126 2.6546905040740967 2.0448896884918213 1.3814178705215454 4.967438220977783 6.021338939666748 5.537018775939941
0.0 0.0645756796002388 0.4393535852432251 0.8987869620323181 1.2916053533554077 1.763491153717041 2.5349388122558594 3.540320634841919 8.550222396850586 10.016356468200684 11.724318504333496 12.976805686950684 13.807332992553711 14.457538604736328 15.125275611877441 15.281353950500488 15.27623462677002 15.194852828979492 14.77234172821045 14.436769485473633 13.6718111038208 13.079109191894531 12.70550537109375 11.781322479248047 11.11956787109375 10.532844543457031 10.276283264160156 9.974347114562988 9.616350173950195 9.203777313232422 8.496129989624023 7.6574625968933105 5.451791763305664 5.025495529174805 4.535051345825195 3.927239179611206 3.094907522201538 2.398531436920166 3.8646957874298096 5.840495586395264 6.168950080871582 5.721079349517822
0.0 0.08998488634824753 0.5010045170783997 0.9995384216308594 1.4565104246139526 1.9658939838409424 2.8605575561523438 3.890873432159424 8.427322387695312 10.047218322753906 11.569135665893555 12.839920043945312 13.883981704711914 14.554502487182617 15.120759963989258 15.239265441894531 15.068745613098145 14.964029312133789 14.467286109924316 14.08938217163086 13.266145706176758 12.552339553833008 12.21696949005127 11.363778114318848 10.622764587402344 10.01636028289795 9.931873321533203 9.669386863708496 9.387272834777832 8.927886009216309 8.501866340637207 8.019390106201172 7.195952892303467 6.643688201904297 4.5353312492370605 5.362098693847656 4.590707302093506 4.751931190490723 4.508532524108887 6.552357196807861 7.455045700073242 5.300504684448242
0.0 0.1335689127445221 0.5874475836753845 1.121472716331482 1.6450872421264648 2.284066677093506 3.298893928527832 6.350221157073975 8.13801383972168 9.829644203186035 11.252593994140625 12.47291088104248 13.565884590148926 14.347877502441406 14.777055740356445 14.767972946166992 14.654269218444824 14.420022010803223 14.105874061584473 13.574423789978027 12.615349769592285 11.751145362854004 11.173155784606934 10.39807415008545 9.719156265258789 9.192455291748047 9.286542892456055 9.279040336608887 9.178685188293457 8.775418281555176 8.460432052612305 8.002008438110352 7.481840133666992 4.9394121170043945 4.461424350738525 5.061013698577881 4.575262546539307 4.215933322906494 3.924604654312134 5.7788472175598145 6.028040885925293 4.082607746124268
0.012003099545836449 0.2528631389141083 0.7906638979911804 1.3434536457061768 1.9946924448013306 2.895261287689209 3.9430010318756104 5.251643180847168 7.023062705993652 9.44464111328125 11.178156852722168 12.443408012390137 13.488871574401855 14.195486068725586 14.687521934509277 14.91283130645752 14.761136054992676 14.692343711853027 13.920966148376465 13.046524047851562 12.69691276550293 11.860982894897461 10.767017364501953 9.784221649169922 9.134889602661133 8.849385261535645 8.854677200317383 9.369413375854492 9.741031646728516 9.600993156433105 9.281027793884277 8.724813461303711 7.814058780670166 5.098683834075928 4.818877696990967 4.525238037109375 4.3110270500183105 3.8155922889709473 3.4879438877105713 4.1909661293029785 3.993558883666992 2.620675802230835
