2D_landslide/Landslide/figures/1h.txt
ncols   200
nrows   200
xllcorner   0
yllcorner   0
cellsize   12.5
NODATA_value   -9999.00000
[rows 57 to 75 of 200, columns 84 to 125 of 200]
4.592179298400879 5.687203884124756 7.261786460876465 9.460495948791504 12.50816535949707 16.13135528564453 19.463760375976562 22.112031936645508 25.252525329589844 28.360021591186523 31.278961181640625 33.74077606201172 35.67100524902344 36.834686279296875 37.992706298828125 39.15111541748047 40.02151870727539 41.302940368652344 42.65774917602539 44.2406120300293 45.89991760253906 47.06451416015625 48.396812438964844 49.346038818359375 50.13224411010742 50.72416305541992 50.59403991699219 48.48944854736328 45.438140869140625 41.7528076171875 38.016178131103516 34.756385803222656 31.630571365356445 28.793325424194336 26.018047332763672 24.543476104736328 21.87000274658203 15.480753898620605 14.475337982177734 13.028562545776367 11.855630874633789 10.06847858428955
4.252247333526611 5.739412307739258 7.273256778717041 9.830268859863281 13.365758895874023 16.850669860839844 19.522769927978516 22.202556610107422 25.16912269592285 27.68128776550293 30.59043312072754 33.1230583190918 35.04866027832031 36.39479064941406 37.84193801879883 38.78180694580078 39.99483871459961 41.10131072998047 42.35617446899414 43.914615631103516 45.447086334228516 46.77363967895508 48.21915054321289 49.086585998535156 49.99663162231445 50.150352478027344 50.097206115722656 48.737064361572266 45.903900146484375 42.87177658081055 39.5590705871582 36.33708572387695 33.271202087402344 30.475831985473633 27.497631072998047 25.159395217895508 22.756866455078125 17.393611907958984 16.460182189941406 15.554293632507324 14.314446449279785 12.350397109985352
3.7811849117279053 5.501084327697754 7.386731147766113 9.947067260742188 13.659239768981934 17.10366439819336 19.541717529296875 22.269241333007812 25.124263763427734 27.452125549316406 30.099397659301758 32.56088638305664 34.492225646972656 36.184452056884766 37.829315185546875 38.89449691772461 40.142120361328125 41.24339294433594 42.48222351074219 43.92100143432617 45.34944152832031 46.51594161987305 47.73463821411133 48.72531509399414 49.62322998046875 50.1639289855957 49.9421272277832 48.93305206298828 47.05829620361328 44.452762603759766 41.498016357421875 38.41288375854492 35.441993713378906 32.721675872802734 29.623443603515625 26.643810272216797 23.098299026489258 18.076148986816406 17.068836212158203 16.096874237060547 14.81577205657959 13.350817680358887
3.898465156555176 5.434065818786621 7.690013408660889 10.697144508361816 14.798850059509277 17.57627296447754 20.204078674316406 22.951257705688477 25.425552368164062 27.51243019104004 29.958341598510742 32.4314079284668 34.682857513427734 36.677799224853516 38.42593002319336 40.0021858215332 41.2524528503418 42.4118766784668 43.82772445678711 45.22663116455078 46.147891998291016 47.16571807861328 48.165645599365234 49.05355453491211 50.075660705566406 50.77250671386719 50.983360290527344 50.216285705566406 48.492984771728516 46.468040466308594 43.64689636230469 40.738040924072266 37.87177658081055 35.09487533569336 31.928691864013672 28.656147003173828 24.64653205871582 18.755470275878906 17.591917037963867 16.464672088623047 15.575758934020996 13.734249114990234
3.5880990028381348 5.266082763671875 7.987154483795166 11.009711265563965 14.620315551757812 17.53700828552246 20.496204376220703 23.128368377685547 25.341270446777344 27.362363815307617 29.91533088684082 32.51778793334961 35.003501892089844 37.242427825927734 39.229190826416016 41.20489501953125 42.87975311279297 43.93840408325195 45.37282943725586 46.641292572021484 47.177467346191406 47.96044921875 48.57841491699219 49.2598762512207 50.0811882019043 51.1181640625 51.47725296020508 50.962032318115234 49.787837982177734 48.11052322387695 45.50170135498047 42.73167419433594 39.90949249267578 37.3014030456543 33.76524353027344 30.188318252563477 25.7590274810791 20.645906448364258 18.04883575439453 16.685535430908203 15.803948402404785 14.379125595092773
2.8301796913146973 5.327871799468994 8.157188415527344 11.095300674438477 14.776923179626465 17.945173263549805 21.122224807739258 23.46346092224121 25.365463256835938 27.644357681274414 30.284330368041992 33.00880432128906 35.76728057861328 38.367454528808594 40.868446350097656 43.2263298034668 45.155513763427734 46.320770263671875 47.502994537353516 48.231658935546875 48.87668228149414 49.07095718383789 49.20414733886719 49.823890686035156 50.71239471435547 51.67720413208008 52.186397552490234 51.974029541015625 50.960662841796875 49.44322204589844 46.92598342895508 44.00571060180664 41.403648376464844 38.70071029663086 34.78398895263672 30.961578369140625 26.585058212280273 21.657835006713867 19.289201736450195 18.14578628540039 17.45935821533203 15.982993125915527
2.53287935256958 5.030136585235596 7.947019100189209 11.078676223754883 14.604996681213379 17.63023567199707 21.347755432128906 23.421142578125 25.65131950378418 28.11519432067871 30.96521759033203 33.67597198486328 36.75006866455078 39.77927780151367 42.70832061767578 45.35044479370117 47.42882537841797 48.53126525878906 49.37917709350586 50.00162124633789 50.410343170166016 50.31022644042969 50.535072326660156 50.708778381347656 51.35823440551758 52.33940887451172 52.89452362060547 52.63977813720703 51.73686981201172 50.34075164794922 47.94841766357422 45.15449523925781 42.45874786376953 39.71086883544922 35.472232818603516 31.578126907348633 26.463796615600586 21.855449676513672 19.06681251525879 17.78061294555664 17.43678092956543 16.01275634765625
2.2601890563964844 4.80623197555542 7.849636554718018 10.901103973388672 14.265737533569336 17.654640197753906 21.467466354370117 23.84134864807129 26.255586624145508 28.98462677001953 32.166770935058594 35.24882507324219 38.68084716796875 42.01077651977539 45.345672607421875 47.771060943603516 49.92899703979492 51.250274658203125 51.62861251831055 52.144535064697266 52.48394775390625 52.6198844909668 52.5121955871582 52.40483474731445 52.88042068481445 53.687984466552734 53.86005401611328 53.5661735534668 52.64430236816406 51.138858795166016 48.693668365478516 45.85756301879883 42.983272552490234 40.34286880493164 36.455867767333984 31.95600700378418 26.631181716918945 22.542016983032227 18.632585525512695 17.269187927246094 16.874664306640625 15.884278297424316
2.027369499206543 3.3576390743255615 7.420048713684082 10.559089660644531 13.757229804992676 17.222322463989258 21.059898376464844 23.877830505371094 26.760297775268555 29.69041633605957 32.98823547363281 36.19394302368164 40.248077392578125 43.58793640136719 46.7712287902832 49.308780670166016 51.47575378417969 52.92919158935547 53.11348342895508 53.787750244140625 54.002784729003906 54.24867248535156 53.926109313964844 53.626373291015625 53.986717224121094 54.3382453918457 54.395809173583984 54.15647506713867 53.079402923583984 51.55941390991211 49.209503173828125 46.04867935180664 43.051368713378906 40.40048599243164 36.658023834228516 31.79130744934082 26.3732967376709 22.291776657104492 18.482423782348633 17.06631088256836 16.55742835998535 15.607013702392578
1.9464261531829834 3.1079187393188477 6.763810634613037 9.920182228088379 12.932743072509766 16.656160354614258 20.464075088500977 23.791160583496094 27.021060943603516 30.29999351501465 33.90300750732422 37.33763122558594 40.92222595214844 44.22149658203125 47.379486083984375 50.129119873046875 52.22854995727539 53.680782318115234 54.27216720581055 54.89031219482422 55.04697036743164 55.298301696777344 55.05376434326172 54.695884704589844 54.69226837158203 54.9919319152832 54.850616455078125 54.35972595214844 53.36489486694336 51.7723388671875 49.37950897216797 46.12333297729492 42.736629486083984 39.813331604003906 35.94654083251953 31.39934539794922 26.77760887145996 22.447473526000977 19.52042579650879 17.48558235168457 16.816133499145508 15.782058715820312
1.816970944404602 2.7364091873168945 5.8488311767578125 9.109642028808594 12.377300262451172 16.169652938842773 20.121639251708984 23.88686180114746 27.648664474487305 31.34792709350586 35.09596252441406 38.370140075683594 41.76578903198242 44.94175338745117 47.94707489013672 50.418392181396484 52.332122802734375 53.906070709228516 54.795440673828125 55.4156608581543 55.56444549560547 55.50186538696289 55.21184158325195 54.897579193115234 55.16991424560547 55.35572052001953 55.27299880981445 54.729042053222656 53.4192008972168 51.683135986328125 49.05023956298828 45.47751235961914 42.08219528198242 39.149539947509766 35.12760543823242 30.782146453857422 25.792652130126953 21.688127517700195 18.952041625976562 16.775476455688477 16.4013671875 15.022234916687012
1.697786808013916 2.513655424118042 3.9855735301971436 8.299080848693848 11.687317848205566 15.713288307189941 20.251935958862305 24.612756729125977 28.965503692626953 32.52920913696289 36.426551818847656 39.46430587768555 42.77812957763672 45.9295768737793 48.57179641723633 50.60362243652344 52.46029281616211 53.805118560791016 54.509063720703125 55.032936096191406 55.48908615112305 55.665550231933594 55.536678314208984 55.650428771972656 56.15138244628906 56.52346420288086 56.33585739135742 55.419212341308594 53.83129119873047 51.56284713745117 48.39562225341797 44.89313888549805 41.23796463012695 37.94930648803711 33.94632339477539 29.299400329589844 25.31936264038086 22.01095962524414 18.89208221435547 16.4249267578125 15.712776184082031 14.221074104309082
1.5872656106948853 2.438720464706421 3.597928762435913 6.014730930328369 11.094667434692383 15.22874927520752 20.31964111328125 25.035329818725586 29.768983840942383 33.23252868652344 37.189517974853516 40.34099578857422 43.62689971923828 46.599464416503906 49.09684753417969 50.90102767944336 52.52281951904297 53.873146057128906 54.62061309814453 55.148170471191406 55.67451095581055 55.91606140136719 56.035640716552734 56.360260009765625 56.78534698486328 57.29248809814453 57.12465286254883 56.19465255737305 54.144752502441406 51.74945831298828 48.20663833618164 43.989166259765625 40.01921463012695 36.507076263427734 32.299442291259766 28.369604110717773 24.61419105529785 21.570783615112305 18.911598205566406 15.729243278503418 14.97271728515625 13.61042594909668
1.6606601476669312 2.5160439014434814 3.6495168209075928 5.807501792907715 10.007044792175293 14.422493934631348 20.3914852142334 25.08106803894043 30.553634643554688 34.25381851196289 38.251373291015625 41.226463317871094 44.418601989746094 47.114742279052734 49.26889419555664 51.42979431152344 53.0053825378418 54.21040344238281 55.264068603515625 55.871070861816406 56.47142791748047 56.77232360839844 57.31148910522461 57.55999755859375 58.127655029296875 58.063995361328125 57.82460403442383 56.680809020996094 54.28910446166992 51.712921142578125 48.171966552734375 43.354576110839844 38.4417724609375 34.785438537597656 31.175214767456055 27.528953552246094 24.041093826293945 21.240707397460938 19.049911499023438 15.901735305786133 15.053120613098145 13.524062156677246
1.6009572744369507 2.452803373336792 3.5455377101898193 5.389492511749268 8.569764137268066 13.769516944885254 20.43471908569336 25.401758193969727 31.19344139099121 34.935760498046875 38.43559265136719 42.01854705810547 44.98626708984375 47.25474548339844 49.5362548828125 51.3555908203125 52.87406921386719 54.0698356628418 55.29314041137695 56.084007263183594 56.92094802856445 57.691219329833984 58.26112747192383 59.09010314941406 59.37271499633789 59.382015228271484 58.89865493774414 57.22929763793945 54.466976165771484 51.33920669555664 47.4199333190918 42.24019241333008 37.108238220214844 33.566219329833984 30.2803955078125 26.95631980895996 23.795930862426758 21.197641372680664 18.7150821685791 16.663330078125 14.3744535446167 12.813726425170898
1.5606261491775513 2.395185708999634 3.478750228881836 5.157280921936035 8.058625221252441 11.894048690795898 20.72067642211914 25.922319412231445 32.24178695678711 35.99398422241211 39.592262268066406 42.74004364013672 45.63685989379883 47.67344284057617 49.72919845581055 51.26689529418945 52.731876373291016 53.935203552246094 55.330413818359375 56.20810317993164 57.26427459716797 58.43855285644531 59.4997673034668 60.58016586303711 61.20326232910156 61.19890213012695 60.13641357421875 58.38565444946289 54.97923278808594 50.980201721191406 46.49571228027344 41.58546829223633 36.28011703491211 32.70270538330078 29.69432258605957 26.9611873626709 24.388383865356445 21.561925888061523 19.306865692138672 16.72730255126953 13.94003963470459 12.314412117004395
1.605158805847168 2.387413263320923 3.380333185195923 4.99824333190918 7.5788164138793945 11.47566032409668 20.224693298339844 25.51911735534668 32.38161087036133 36.58314514160156 40.024879455566406 42.883365631103516 45.716278076171875 47.40357208251953 49.08170700073242 50.352142333984375 51.8503532409668 53.36177444458008 54.77432632446289 56.15780258178711 57.59388732910156 59.20066452026367 60.698097229003906 62.3786735534668 63.28202819824219 62.921085357666016 61.52404022216797 59.14308166503906 55.13521194458008 50.66652297973633 45.549949645996094 40.40184783935547 35.38394546508789 32.04544448852539 29.196287155151367 27.03142547607422 24.528379440307617 22.106983184814453 19.11731719970703 17.006061553955078 14.0070161819458 12.231410026550293
1.689036250114441 2.451122999191284 3.3654487133026123 4.944281578063965 7.373271465301514 11.477663040161133 19.27440643310547 25.58141326904297 31.681726455688477 36.23627471923828 39.59797668457031 42.403343200683594 45.18239974975586 46.31918716430664 48.439300537109375 49.60790252685547 51.08746337890625 52.76049041748047 54.8593635559082 56.63176345825195 59.037193298339844 61.32429504394531 63.305538177490234 65.18704223632812 65.95829010009766 65.95307159423828 64.08244323730469 60.808677673339844 55.44236755371094 50.24985122680664 44.71088409423828 39.762691497802734 34.86013412475586 31.607837677001953 28.969345092773438 27.181224822998047 25.195981979370117 22.322147369384766 19.5620174407959 17.439395904541016 14.99584674835205 13.301280975341797
1.7685117721557617 2.443394184112549 3.243363857269287 4.617465496063232 6.949197292327881 10.679279327392578 16.306299209594727 24.87613296508789 31.345890045166016 35.96739196777344 39.33591842651367 41.99519729614258 44.51749038696289 45.709774017333984 47.90620422363281 49.36829376220703 51.00483322143555 53.06494903564453 55.13803482055664 57.45768737792969 60.07115173339844 62.683311462402344 64.98158264160156 66.70742797851562 67.31625366210938 67.06968688964844 64.91790008544922 61.176456451416016 55.500152587890625 49.50347900390625 43.82542037963867 38.78985595703125 34.44440841674805 31.393407821655273 29.052452087402344 27.584495544433594 25.173667907714844 22.340560913085938 19.715051651000977 17.046396255493164 15.414973258972168 13.646811485290527
