2D_landslide/Landslide/figures/1h.txt
ncols   200
nrows   200
xllcorner   0
yllcorner   0
cellsize   12.5
NODATA_value   -9999.00000
[rows 171 to 189 of 200, columns 126 to 167 of 200]
0.007274380885064602 0.007277219090610743 0.007277528289705515 0.007277548313140869 0.007277549244463444 0.007277549244463444 0.007277549244463444 0.007277549244463444 0.007277549244463444 0.007277549244463444 0.0072775352746248245 0.007276291958987713 0.007236889097839594 0.006843162700533867 0.005537454038858414 0.0038760900497436523 0.0033626286312937737 0.004402907099574804 0.00594437588006258 0.006901457905769348 0.0072111706249415874 0.0072691128589212894 0.007276587653905153 0.007277426775544882 0.0072775292210280895 0.007277544587850571 0.007277547847479582 0.0072775487788021564 0.007277549244463444 0.007277549244463444 0.007277549244463444 0.007277549244463444 0.007277549244463444 0.007277549244463444 0.007277549244463444 0.007277549244463444 0.007277549244463444 0.007277549244463444 0.007277549244463444 0.007277549244463444 0.007277549244463444 0.007277549244463444
0.007270389702171087 0.007276695687323809 0.007277477998286486 0.007277544587850571 0.0072775487788021564 0.007277549244463444 0.007277549244463444 0.007277549244463444 0.007277549244463444 0.0072775487788021564 0.007277513388544321 0.007275019772350788 0.007212814409285784 0.006707077380269766 0.00526277394965291 0.003619950031861663 0.003234660718590021 0.004327892325818539 0.005878422409296036 0.006854598876088858 0.0071929218247532845 0.007264766842126846 0.007275788113474846 0.007277283351868391 0.007277499418705702 0.007277537137269974 0.007277545984834433 0.007277548313140869 0.007277549244463444 0.007277549244463444 0.007277549244463444 0.007277549244463444 0.007277549244463444 0.007277549244463444 0.007277549244463444 0.007277549244463444 0.007277549244463444 0.007277549244463444 0.007277549244463444 0.007277549244463444 0.007277549244463444 0.007277549244463444
0.007268188055604696 0.0072761946357786655 0.007277389522641897 0.007277532480657101 0.0072775473818182945 0.0072775487788021564 0.007277549244463444 0.007277549244463444 0.007277549244463444 0.0072775487788021564 0.007277492433786392 0.00727416155859828 0.007205715402960777 0.006726513616740704 0.005525576416403055 0.004292087163776159 0.004140673205256462 0.0050938548520207405 0.006275848485529423 0.006969769485294819 0.007210596930235624 0.007265753578394651 0.007275579962879419 0.0072771888226270676 0.0072774700820446014 0.007277528289705515 0.007277543190866709 0.007277547847479582 0.0072775487788021564 0.007277549244463444 0.007277549244463444 0.007277549244463444 0.007277549244463444 0.007277549244463444 0.007277549244463444 0.007277549244463444 0.007277549244463444 0.007277549244463444 0.007277549244463444 0.007277549244463444 0.007277549244463444 0.007277549244463444
0.007270283997058868 0.007276210002601147 0.007277315016835928 0.0072775064036250114 0.007277540396898985 0.007277546916157007 0.0072775487788021564 0.007277549244463444 0.007277549244463444 0.0072775487788021564 0.007277504540979862 0.007275066804140806 0.007229188457131386 0.006932465359568596 0.0062513286247849464 0.0056231035850942135 0.005662411451339722 0.006253430154174566 0.006846042349934578 0.007150655146688223 0.007249025162309408 0.007271908223628998 0.007276415824890137 0.0072772931307554245 0.007277481257915497 0.007277528755366802 0.0072775427252054214 0.007277547847479582 0.0072775487788021564 0.007277549244463444 0.007277549710124731 0.007277550641447306 0.007277550641447306 0.007277549710124731 0.007277549244463444 0.007277549244463444 0.007277549244463444 0.007277549244463444 0.007277549244463444 0.007277549244463444 0.007277549244463444 0.007277549244463444
0.0072743636555969715 0.007276763208210468 0.007277334108948708 0.007277480326592922 0.0072775231674313545 0.007277537602931261 0.007277543656527996 0.007277546916157007 0.007277547847479582 0.007277548313140869 0.007277533877640963 0.007276642136275768 0.007259232457727194 0.0071480791084468365 0.006903700530529022 0.006718464195728302 0.006791061256080866 0.007012676447629929 0.007181988563388586 0.007252295035868883 0.007271975744515657 0.0072763473726809025 0.007277261465787888 0.007277467753738165 0.00727752223610878 0.00727753946557641 0.007277545984834433 0.007277548313140869 0.007277549244463444 0.007277549710124731 0.00727755157276988 0.007277556695044041 0.007277556695044041 0.007277552038431168 0.007277549710124731 0.007277549244463444 0.007277549244463444 0.007277549244463444 0.007277549244463444 0.007277549244463444 0.007277549244463444 0.007277549244463444
0.007276773452758789 0.007277278229594231 0.007277430035173893 0.007277482654899359 0.0072775050066411495 0.007277517579495907 0.00727752735838294 0.007277536205947399 0.0072775427252054214 0.00727754645049572 0.007277545984834433 0.0072774020954966545 0.007274199277162552 0.007252258714288473 0.007205807603895664 0.007179167587310076 0.0072054434567689896 0.007246195804327726 0.007268569432199001 0.007275572046637535 0.007277141325175762 0.007277455646544695 0.007277522701770067 0.00727753946557641 0.007277545053511858 0.0072775473818182945 0.007277548313140869 0.0072775487788021564 0.007277549244463444 0.007277550175786018 0.007277559954673052 0.007277581375092268 0.007277583237737417 0.007277562282979488 0.007277551107108593 0.007277549244463444 0.007277549244463444 0.007277549244463444 0.007277549244463444 0.007277549244463444 0.007277549244463444 0.007277549244463444
0.007277447730302811 0.007277496159076691 0.00727751012891531 0.007277511991560459 0.007277509197592735 0.0072775064036250114 0.00727751012891531 0.007277520839124918 0.00727753434330225 0.007277543656527996 0.007277547847479582 0.007277538534253836 0.007277268450707197 0.007275195326656103 0.007270929869264364 0.007269551511853933 0.007272921036928892 0.007276083342730999 0.007277242839336395 0.007277496159076691 0.00727753946557641 0.007277546916157007 0.007277548313140869 0.0072775487788021564 0.0072775487788021564 0.007277549244463444 0.007277549244463444 0.007277549244463444 0.007277549244463444 0.007277552969753742 0.007277585566043854 0.00727766053751111 0.0072776684537529945 0.0072775972075760365 0.007277556695044041 0.007277549710124731 0.007277549244463444 0.007277549244463444 0.007277549244463444 0.007277549244463444 0.007277549244463444 0.007277549244463444
0.007277541793882847 0.007277543190866709 0.007277541793882847 0.007277537602931261 0.007277530152350664 0.007277521304786205 0.007277518045157194 0.0072775245644152164 0.0072775366716086864 0.007277545053511858 0.007277548313140869 0.0072775487788021564 0.007277538534253836 0.007277449127286673 0.00727726798504591 0.007277258671820164 0.007277425844222307 0.0072775231674313545 0.007277545519173145 0.0072775487788021564 0.007277549244463444 0.007277549244463444 0.007277549244463444 0.007277549244463444 0.007277549244463444 0.007277549244463444 0.007277549244463444 0.007277549244463444 0.007277549710124731 0.007277562748640776 0.007277659606188536 0.007277872879058123 0.00727790268138051 0.007277700584381819 0.007277575321495533 0.007277551107108593 0.007277549244463444 0.007277549244463444 0.007277549244463444 0.007277549244463444 0.007277549244463444 0.007277549244463444
0.0072775487788021564 0.0072775487788021564 0.007277548313140869 0.007277546916157007 0.007277544587850571 0.007277540396898985 0.007277537602931261 0.007277539931237698 0.007277544587850571 0.007277547847479582 0.007277549244463444 0.007277549244463444 0.0072775487788021564 0.007277546916157007 0.0072775427252054214 0.007277543656527996 0.0072775473818182945 0.007277549244463444 0.007277549244463444 0.007277549244463444 0.007277549244463444 0.007277549244463444 0.007277549244463444 0.007277549244463444 0.007277549244463444 0.007277549244463444 0.007277549244463444 0.007277549244463444 0.007277552038431168 0.007277595344930887 0.007277867291122675 0.007278398610651493 0.0072784582152962685 0.007277953904122114 0.007277625147253275 0.007277555298060179 0.007277549710124731 0.007277549244463444 0.007277549244463444 0.007277549244463444 0.007277549244463444 0.007277549244463444
0.007277549244463444 0.007277549244463444 0.007277549244463444 0.0072775487788021564 0.0072775487788021564 0.007277547847479582 0.0072775473818182945 0.0072775473818182945 0.007277548313140869 0.007277549244463444 0.007277549244463444 0.007277549244463444 0.007277549244463444 0.007277549244463444 0.007277549244463444 0.007277549244463444 0.007277549244463444 0.007277549244463444 0.007277549244463444 0.007277549244463444 0.007277549244463444 0.007277549244463444 0.007277549244463444 0.007277549244463444 0.007277549244463444 0.007277549244463444 0.007277549244463444 0.007277549710124731 0.007277562748640776 0.007277718745172024 0.007278481964021921 0.0072797127068042755 0.0072797201573848724 0.007278515491634607 0.00727774016559124 0.007277566473931074 0.007277550175786018 0.007277549244463444 0.007277549244463444 0.007277549244463444 0.007277549244463444 0.007277549244463444
0.007277549244463444 0.007277549244463444 0.007277549244463444 0.007277549244463444 0.007277549244463444 0.007277549244463444 0.007277549244463444 0.007277549244463444 0.007277549244463444 0.007277549244463444 0.007277549244463444 0.007277549244463444 0.007277549244463444 0.007277549244463444 0.007277549244463444 0.007277549244463444 0.007277548313140869 0.007277548313140869 0.007277549244463444 0.007277549244463444 0.007277549244463444 0.007277549244463444 0.007277549244463444 0.007277549244463444 0.007277549244463444 0.007277549244463444 0.007277549244463444 0.007277553901076317 0.0072776242159307 0.007278210949152708 0.0072803376242518425 0.007282973732799292 0.007282473612576723 0.007279661018401384 0.007277973927557468 0.007277590222656727 0.00727755157276988 0.007277549710124731 0.007277549244463444 0.007277549244463444 0.007277549244463444 0.007277549244463444
0.007277549244463444 0.007277549244463444 0.0072775487788021564 0.0072775487788021564 0.007277549244463444 0.007277549244463444 0.007277549244463444 0.007277549244463444 0.007277549244463444 0.007277549244463444 0.007277549244463444 0.007277549244463444 0.007277549244463444 0.007277549710124731 0.007277549710124731 0.007277549244463444 0.0072775473818182945 0.007277546916157007 0.007277548313140869 0.007277549244463444 0.007277549244463444 0.007277549244463444 0.007277549244463444 0.007277549244463444 0.007277549244463444 0.007277549710124731 0.007277552504092455 0.007277590688318014 0.007277965545654297 0.007280061021447182 0.007285562343895435 0.0072904652915894985 0.007287984248250723 0.007281765807420015 0.007278387900441885 0.007277633063495159 0.007277555763721466 0.007277553901076317 0.007277555298060179 0.007277553901076317 0.007277551107108593 0.007277549710124731
0.007277549244463444 0.007277549244463444 0.0072775487788021564 0.0072775487788021564 0.0072775487788021564 0.007277549244463444 0.007277549244463444 0.007277549244463444 0.007277549244463444 0.007277549244463444 0.007277549244463444 0.007277549244463444 0.007277549244463444 0.007277549710124731 0.007277549710124731 0.007277549710124731 0.007277547847479582 0.00727754645049572 0.007277547847479582 0.007277549244463444 0.007277549244463444 0.007277549244463444 0.007277549244463444 0.007277549244463444 0.007277549710124731 0.0072775534354150295 0.007277584634721279 0.007277844939380884 0.007279491052031517 0.0072858273051679134 0.007297940086573362 0.007305042818188667 0.00729738175868988 0.0072850631549954414 0.007279010023921728 0.0072776987217366695 0.007277567405253649 0.007277575321495533 0.007277593947947025 0.0072775972075760365 0.007277578581124544 0.00727755855768919
0.007277549244463444 0.007277549244463444 0.0072775487788021564 0.0072775487788021564 0.0072775487788021564 0.007277549244463444 0.007277549244463444 0.007277549244463444 0.007277549244463444 0.007277549244463444 0.007277549244463444 0.007277549244463444 0.007277549244463444 0.007277549710124731 0.007277549710124731 0.007277550175786018 0.007277549244463444 0.007277547847479582 0.007277548313140869 0.007277549244463444 0.007277549710124731 0.007277549710124731 0.007277550175786018 0.007277552038431168 0.0072775594890117645 0.007277599070221186 0.007277830969542265 0.007279107812792063 0.007284544408321381 0.0072994111105799675 0.007320304401218891 0.007326765917241573 0.007309709209948778 0.007289052475243807 0.0072797262109816074 0.007277774624526501 0.007277580909430981 0.0072776018641889095 0.007277661468833685 0.007277716416865587 0.007277700584381819 0.007277621887624264
0.007277549244463444 0.007277549244463444 0.007277549244463444 0.007277549244463444 0.007277549244463444 0.007277549244463444 0.007277549244463444 0.007277549244463444 0.007277549244463444 0.007277549244463444 0.007277549244463444 0.007277549244463444 0.007277549244463444 0.007277549244463444 0.007277549710124731 0.007277550175786018 0.007277550175786018 0.007277549710124731 0.007277549710124731 0.007277550641447306 0.007277552504092455 0.0072775548323988914 0.0072775608859956264 0.007277579978108406 0.007277647964656353 0.007277917116880417 0.007279020734131336 0.007283202838152647 0.007295769173651934 0.007321001496165991 0.007347166072577238 0.007347664795815945 0.007319692987948656 0.007291923742741346 0.007280212827026844 0.00727782491594553 0.007277579512447119 0.007277588360011578 0.007277650758624077 0.007277760189026594 0.0072778379544615746 0.007277765776962042
0.007277549244463444 0.007277549244463444 0.007277549244463444 0.007277549244463444 0.007277549244463444 0.007277549244463444 0.007277549244463444 0.007277549244463444 0.007277549244463444 0.007277549244463444 0.007277549244463444 0.007277549244463444 0.007277549244463444 0.007277549244463444 0.007277549244463444 0.007277549710124731 0.007277550175786018 0.007277551107108593 0.007277552504092455 0.007277556229382753 0.007277564611285925 0.0072775837033987045 0.007277632597833872 0.007277763448655605 0.0072781359776854515 0.007279235403984785 0.00728248106315732 0.007291270885616541 0.0073105767369270325 0.007339663337916136 0.007361285854130983 0.007352783344686031 0.0073196436278522015 0.007291366811841726 0.007280069403350353 0.007277810946106911 0.007277570199221373 0.007277561351656914 0.007277585566043854 0.00727765541523695 0.0072777727618813515 0.007277818862348795
0.007277549244463444 0.007277549244463444 0.007277549244463444 0.007277549244463444 0.007277549244463444 0.007277549244463444 0.007277549244463444 0.007277549244463444 0.007277549244463444 0.007277549244463444 0.007277549244463444 0.007277549244463444 0.007277549244463444 0.007277549244463444 0.007277549244463444 0.007277549710124731 0.007277550175786018 0.00727755157276988 0.007277555763721466 0.007277568336576223 0.007277603726834059 0.007277698256075382 0.007277932949364185 0.007278478238731623 0.0072796959429979324 0.007282377686351538 0.007288167718797922 0.0072997272945940495 0.0073187886737287045 0.007340519223362207 0.007350478786975145 0.007336623501032591 0.007308653090149164 0.007287430111318827 0.007279342506080866 0.00727774016559124 0.007277563214302063 0.00727755157276988 0.007277555298060179 0.007277573924511671 0.007277630269527435 0.007277708500623703
0.007277549244463444 0.007277549244463444 0.007277549244463444 0.007277549244463444 0.007277549244463444 0.007277549244463444 0.007277549244463444 0.007277549244463444 0.007277549244463444 0.007277549244463444 0.007277549244463444 0.007277549244463444 0.007277549244463444 0.007277549244463444 0.007277549244463444 0.007277549244463444 0.007277549710124731 0.00727755157276988 0.0072775594890117645 0.007277590222656727 0.007277697790414095 0.007278009783476591 0.007278744596987963 0.007280172314494848 0.007282597944140434 0.007286480162292719 0.007292562164366245 0.007301557343453169 0.007312774192541838 0.007321939803659916 0.007322230376303196 0.00731045613065362 0.007293949835002422 0.0072825998067855835 0.0072784717194736 0.0072776516899466515 0.007277557160705328 0.007277549710124731 0.007277549710124731 0.007277552504092455 0.007277565076947212 0.00727760000154376
0.007277549244463444 0.007277549244463444 0.007277549244463444 0.007277549244463444 0.007277549244463444 0.007277549244463444 0.007277549244463444 0.007277549244463444 0.007277549244463444 0.007277549244463444 0.007277549244463444 0.007277549244463444 0.007277549244463444 0.007277549244463444 0.007277549244463444 0.007277549244463444 0.007277549710124731 0.00727755157276988 0.007277562748640776 0.007277622818946838 0.007277869153767824 0.0072786021046340466 0.007280153222382069 0.00728254672139883 0.0072854324243962765 0.007288496010005474 0.007291709538549185 0.007295077200978994 0.007298042997717857 0.007299051620066166 0.007296547293663025 0.007290341425687075 0.00728357769548893 0.007279382552951574 0.0072778924368321896 0.0072775897569954395 0.007277552504092455 0.007277549244463444 0.0072775487788021564 0.0072775487788021564 0.007277550641447306 0.007277559023350477
