2D_landslide/Landslide/figures/1u.txt
ncols   200
nrows   200
xllcorner   0
yllcorner   0
cellsize   12.5
NODATA_value   -9999.00000
[rows 171 to 189 of 200, columns 42 to 83 of 200]
0.005590218119323254 0.005590214394032955 0.005590309388935566 0.005590805783867836 0.005593680310994387 0.005604848265647888 0.005647329147905111 0.0057883495464921 0.006092467345297337 0.006419675424695015 0.0064990343526005745 0.00626396294683218 0.005917145870625973 0.00562801118940115 0.005464985966682434 0.005457866936922073 0.005545742344111204 0.005624998360872269 0.0057111759670078754 0.005930749699473381 0.006576950196176767 0.00812066625803709 0.01064872182905674 0.013223118148744106 0.01471264660358429 0.01481180265545845 0.013820366933941841 0.012202560901641846 0.010524884797632694 0.009140759706497192 0.008049365133047104 0.007212065160274506 0.006504076533019543 0.005960342939943075 0.005677672568708658 0.005602449644356966 0.005592916626483202 0.005593603011220694 0.005597873590886593 0.005605271086096764 0.005611464846879244 0.005608651787042618
0.005590270739048719 0.00559028796851635 0.005590827204287052 0.005595996044576168 0.005624628625810146 0.005712601821869612 0.0059392196126282215 0.006421064957976341 0.007148183416575193 0.007675892673432827 0.007637801580131054 0.007069001905620098 0.0063833994790911674 0.00589580275118351 0.0056701707653701305 0.005642365198582411 0.005699393339455128 0.005793414078652859 0.005999588407576084 0.006520458031445742 0.007707030512392521 0.009768158197402954 0.0121794193983078 0.013881060294806957 0.014225853607058525 0.013215156272053719 0.01128648966550827 0.009259192273020744 0.007806026376783848 0.00694953603670001 0.006461964454501867 0.006183553021401167 0.005961679853498936 0.005761063192039728 0.005638142116367817 0.0055983541533350945 0.00559188611805439 0.005591751541942358 0.005593599285930395 0.00559708196669817 0.005599994212388992 0.005598568357527256
0.005590280517935753 0.00559043837711215 0.005594235844910145 0.005633202381432056 0.005823001731187105 0.006292572245001793 0.007105658296495676 0.008230440318584442 0.009256869554519653 0.009701453149318695 0.009325998835265636 0.008338510990142822 0.007259770296514034 0.006503479089587927 0.00613097008317709 0.0060189273208379745 0.006056742276996374 0.006253310479223728 0.006744109559804201 0.007770407013595104 0.00951239001005888 0.011670129373669624 0.013398189097642899 0.013959469273686409 0.013107160106301308 0.011086935177445412 0.00877333339303732 0.007126585580408573 0.006295683328062296 0.0059440527111291885 0.005801124032586813 0.005740471184253693 0.005692384671419859 0.005642577074468136 0.005606935825198889 0.005593565292656422 0.005590934306383133 0.00559069961309433 0.005591209512203932 0.0055922819301486015 0.00559317646548152 0.005592705216258764
0.005590295419096947 0.005591236054897308 0.005611896049231291 0.005811147857457399 0.006626174785196781 0.008185120299458504 0.0101783974096179 0.011662361212074757 0.012290697544813156 0.012089161202311516 0.011182086542248726 0.009857270866632462 0.008516370318830013 0.007527530658990145 0.006978227756917477 0.006781794596463442 0.006875487044453621 0.007313338108360767 0.008242448791861534 0.009765765629708767 0.011688314378261566 0.013314470648765564 0.013981485739350319 0.013314647600054741 0.01133972592651844 0.008824719116091728 0.0068984804674983025 0.006019746884703636 0.005731104873120785 0.005647045094519854 0.005621709395200014 0.005613301880657673 0.005607265513390303 0.005599773023277521 0.005593631882220507 0.005591066088527441 0.005590462125837803 0.005590358283370733 0.005590431392192841 0.0055906204506754875 0.005590778775513172 0.0055906944908201694
0.005590373184531927 0.005594444461166859 0.005674674641340971 0.006342894397675991 0.008460978977382183 0.011725588701665401 0.014746960252523422 0.01577676087617874 0.015176523476839066 0.013871010392904282 0.012544248253107071 0.011151880025863647 0.00980820506811142 0.008771952241659164 0.008171811699867249 0.008007562719285488 0.008273396641016006 0.009019160643219948 0.010277943685650826 0.011916747316718102 0.013375911861658096 0.014091167598962784 0.013633561320602894 0.01183302141726017 0.00919225811958313 0.007012248504906893 0.005956586915999651 0.005667753517627716 0.005607609637081623 0.005595831200480461 0.005593099165707827 0.005592358764261007 0.005591908004134893 0.005591255612671375 0.0055906642228364944 0.005590400658547878 0.005590318236500025 0.005590290296822786 0.005590292625129223 0.005590309388935566 0.005590323358774185 0.005590316839516163
0.00559071684256196 0.005605069920420647 0.005832576658576727 0.007318873889744282 0.011027837172150612 0.015872254967689514 0.019013788551092148 0.01906852051615715 0.016986528411507607 0.014727258123457432 0.013101746328175068 0.01178522128611803 0.010611085221171379 0.009723730385303497 0.009260988794267178 0.009266108274459839 0.009737176820635796 0.01064392365515232 0.011898389086127281 0.013110259547829628 0.013837456703186035 0.013627517968416214 0.012203209102153778 0.00970531441271305 0.007283780723810196 0.006011600140482187 0.005654719192534685 0.005598483607172966 0.00559152290225029 0.005590593442320824 0.005590424407273531 0.005590389482676983 0.005590371321886778 0.005590339656919241 0.005590308923274279 0.005590296350419521 0.005590287037193775 0.005590280517935753 0.005590279586613178 0.0055902800522744656 0.00559028098359704 0.00559028098359704
0.0055919066071510315 0.0056326622143387794 0.0061196922324597836 0.008478665724396706 0.013396413996815681 0.01869475096464157 0.021448060870170593 0.020532432943582535 0.01757095381617546 0.014670074917376041 0.012819958850741386 0.011561285704374313 0.010570913553237915 0.009900281205773354 0.009640824049711227 0.009808056056499481 0.01036706380546093 0.01119074784219265 0.012071443721652031 0.01271305326372385 0.012742855586111546 0.011855837889015675 0.009935449808835983 0.007616499904543161 0.0061374870128929615 0.005668580532073975 0.005596920382231474 0.0055907717905938625 0.00559032941237092 0.005590289365500212 0.005590283311903477 0.005590282380580902 0.005590282380580902 0.005590281914919615 0.0055902814492583275 0.005590282380580902 0.005590280517935753 0.005590279120951891 0.005590278655290604 0.005590278655290604 0.005590278655290604 0.005590279120951891
0.0055953944101929665 0.005689102225005627 0.006506089586764574 0.009600197896361351 0.014836608432233334 0.019691571593284607 0.02154073305428028 0.020175453275442123 0.016866229474544525 0.013713259249925613 0.01175030879676342 0.01053064875304699 0.009691908955574036 0.009200705215334892 0.009036971256136894 0.009235289879143238 0.009657328948378563 0.010166062973439693 0.010587180964648724 0.010711492970585823 0.010355686768889427 0.00925049465149641 0.007749889977276325 0.006304119247943163 0.005705056246370077 0.005598992109298706 0.005590666085481644 0.005590295419096947 0.0055902800522744656 0.005590279120951891 0.005590278655290604 0.005590278655290604 0.005590278655290604 0.005590279120951891 0.005590279120951891 0.0055902800522744656 0.005590279120951891 0.005590278655290604 0.005590278655290604 0.005590278655290604 0.005590278655290604 0.005590278655290604
0.005602216813713312 0.005768931470811367 0.00688242819160223 0.010109806433320045 0.014593453146517277 0.018305741250514984 0.01949557103216648 0.01797979325056076 0.014831621199846268 0.01189587451517582 0.010071941651403904 0.008988168090581894 0.008311161771416664 0.007943411357700825 0.007797860540449619 0.007854560390114784 0.007990549318492413 0.008150706067681313 0.008206546306610107 0.008130330592393875 0.0077549004927277565 0.007090398110449314 0.006302776280790567 0.0057489764876663685 0.0056051407009363174 0.005590873770415783 0.005590292625129223 0.005590279120951891 0.005590278655290604 0.005590278655290604 0.005590278655290604 0.005590278655290604 0.005590278655290604 0.005590278655290604 0.005590279120951891 0.005590279120951891 0.005590279120951891 0.005590278655290604 0.005590278655290604 0.005590278655290604 0.005590278655290604 0.005590278655290604
0.005611758213490248 0.0058583361096680164 0.007167197298258543 0.010142229497432709 0.013490745797753334 0.015542632900178432 0.0158245712518692 0.01438665110617876 0.011873949319124222 0.00960705429315567 0.008215723559260368 0.0074141924269497395 0.006940747611224651 0.006682283710688353 0.006539275404065847 0.00647150119766593 0.006420513615012169 0.006382246967405081 0.006359604652971029 0.006289035547524691 0.006177245639264584 0.005954557564109564 0.005729683209210634 0.00561175774782896 0.005591484252363443 0.00559030519798398 0.005590279120951891 0.005590278655290604 0.005590278655290604 0.005590278655290604 0.005590278655290604 0.005590278655290604 0.005590278655290604 0.005590278655290604 0.005590279120951891 0.005590279120951891 0.005590278655290604 0.005590278655290604 0.005590278655290604 0.005590278655290604 0.005590278655290604 0.005590278655290604
0.005620412528514862 0.005928602069616318 0.007284278981387615 0.009904607199132442 0.01215311512351036 0.012638034299015999 0.011930055916309357 0.01063050702214241 0.008949318900704384 0.00754367932677269 0.006719676777720451 0.006267307326197624 0.006007585674524307 0.005884152837097645 0.0058120242320001125 0.005758701823651791 0.0057203578762710094 0.005694694351404905 0.005684159230440855 0.005677170120179653 0.005662516225129366 0.00563304265961051 0.0056043388321995735 0.005591928958892822 0.00559034151956439 0.005590279586613178 0.005590278655290604 0.005590278655290604 0.005590278655290604 0.005590278655290604 0.005590278655290604 0.005590278655290604 0.005590278655290604 0.005590278655290604 0.005590278655290604 0.005590279120951891 0.005590278655290604 0.005590278655290604 0.005590278655290604 0.005590278655290604 0.005590278655290604 0.005590278655290604
0.0056267110630869865 0.00594294024631381 0.007199882995337248 0.009380873292684555 0.010795507580041885 0.01036219485104084 0.009093033149838448 0.00794061180204153 0.006940819323062897 0.006249370984733105 0.005887270905077457 0.005724227987229824 0.005650807172060013 0.0056239767000079155 0.005610654596239328 0.005601570941507816 0.005596563220024109 0.0055942111648619175 0.005593604873865843 0.005593294743448496 0.00559315737336874 0.00559209194034338 0.005590884946286678 0.005590343847870827 0.005590280517935753 0.005590278655290604 0.005590278655290604 0.005590278655290604 0.005590278655290604 0.005590278655290604 0.005590278655290604 0.005590278655290604 0.005590277723968029 0.005590276326984167 0.005590276326984167 0.005590277258306742 0.005590277723968029 0.005590278189629316 0.005590278655290604 0.005590278655290604 0.005590278655290604 0.005590278655290604
0.00562360929325223 0.005895034410059452 0.006944572553038597 0.00862173642963171 0.009460227563977242 0.00873996689915657 0.007445586379617453 0.006555840373039246 0.006003210321068764 0.005730818025767803 0.005631777923554182 0.005599877797067165 0.00559129286557436 0.005590956658124924 0.0055907657369971275 0.005590432323515415 0.005590212997049093 0.00558997830376029 0.005589846987277269 0.005589949432760477 0.005590152461081743 0.005590260028839111 0.00559028098359704 0.005590279120951891 0.005590278655290604 0.005590278655290604 0.005590278655290604 0.005590278655290604 0.005590278655290604 0.005590278655290604 0.005590278655290604 0.005590277258306742 0.0055902693420648575 0.005590256303548813 0.005590254906564951 0.005590265151113272 0.005590273067355156 0.005590276792645454 0.005590277723968029 0.005590278189629316 0.005590278189629316 0.005590277258306742
0.00561629980802536 0.005819482263177633 0.006552686914801598 0.007659338414669037 0.008077472448348999 0.007435481529682875 0.0065283020958304405 0.0059707616455852985 0.005697784945368767 0.005609728861600161 0.0055928356014192104 0.0055902451276779175 0.005590109154582024 0.005590260028839111 0.005590271204710007 0.005590242799371481 0.005590167362242937 0.005590050481259823 0.005590000655502081 0.005590082611888647 0.005590198561549187 0.005590258631855249 0.0055902753956615925 0.005590278655290604 0.005590278655290604 0.005590278655290604 0.005590278655290604 0.005590278655290604 0.005590278655290604 0.005590278655290604 0.005590277723968029 0.005590266082435846 0.005590213928371668 0.005590139422565699 0.005590143613517284 0.005590206477791071 0.00559025164693594 0.0055902693420648575 0.005590274930000305 0.005590276326984167 0.0055902753956615925 0.00559026887640357
0.005605916492640972 0.005734148435294628 0.006180637516081333 0.006812689825892448 0.006977650336921215 0.006541148293763399 0.00603552395477891 0.005731578450649977 0.005616150330752134 0.005592476110905409 0.005590367596596479 0.005590270739048719 0.005590274464339018 0.0055902753956615925 0.005590270739048719 0.005590253975242376 0.005590212997049093 0.005590152461081743 0.005590127315372229 0.005590170621871948 0.00559023255482316 0.005590266082435846 0.005590276326984167 0.005590278655290604 0.005590278655290604 0.005590278655290604 0.005590278655290604 0.005590278655290604 0.005590278655290604 0.005590278189629316 0.005590272601693869 0.005590222775936127 0.005590016487985849 0.005589739885181189 0.005589754320681095 0.005589987151324749 0.005590161774307489 0.005590234883129597 0.005590258166193962 0.005590262822806835 0.005590253975242376 0.005590198561549187
0.005590937100350857 0.0056609525345265865 0.0059035057201981544 0.006227145902812481 0.006277773529291153 0.0060327365063130856 0.005774065852165222 0.005637821275740862 0.005595496390014887 0.005590471439063549 0.005590274464339018 0.00559027586132288 0.005590276792645454 0.005590276326984167 0.0055902739986777306 0.005590266548097134 0.005590247921645641 0.005590218584984541 0.005590200424194336 0.005590214394032955 0.005590246524661779 0.0055902679450809956 0.00559027586132288 0.005590278189629316 0.005590278655290604 0.005590278655290604 0.005590278655290604 0.005590278655290604 0.005590278189629316 0.005590276792645454 0.005590261425822973 0.005590138491243124 0.005589645355939865 0.00558891799300909 0.005588805768638849 0.0055893221870064735 0.005589817184954882 0.0055900681763887405 0.00559015991166234 0.00559017201885581 0.005590101704001427 0.005589729640632868
0.00554893771186471 0.005572236143052578 0.005680358503013849 0.005826856009662151 0.005839992314577103 0.005744168069213629 0.005649375729262829 0.005600328091531992 0.005590506829321384 0.005590185988694429 0.005590259563177824 0.0055902739986777306 0.005590276792645454 0.005590277258306742 0.005590276326984167 0.005590273533016443 0.005590266548097134 0.005590252578258514 0.0055902376770973206 0.005590235814452171 0.005590250715613365 0.005590267013758421 0.005590274930000305 0.005590277723968029 0.005590278189629316 0.005590278655290604 0.005590278655290604 0.005590278189629316 0.005590277723968029 0.005590274930000305 0.005590250249952078 0.005590070504695177 0.005589314736425877 0.005587900523096323 0.005587100982666016 0.0055876225233078 0.005588615778833628 0.00558931240811944 0.0055896220728755 0.0055896323174238205 0.005589228589087725 0.005587442312389612
0.005376663524657488 0.005338863469660282 0.005344635806977749 0.005401010625064373 0.005461655557155609 0.005516262724995613 0.005557537078857422 0.005579403135925531 0.005588064435869455 0.005589982029050589 0.005590242799371481 0.005590273067355156 0.005590277258306742 0.005590277723968029 0.005590277723968029 0.005590277258306742 0.005590274464339018 0.0055902679450809956 0.005590256303548813 0.005590246059000492 0.005590249318629503 0.0055902618914842606 0.005590271670371294 0.005590276326984167 0.005590277723968029 0.005590278189629316 0.005590278189629316 0.005590278189629316 0.005590277723968029 0.0055902739986777306 0.005590248852968216 0.005590082611888647 0.005589304957538843 0.005587299820035696 0.005584961734712124 0.005584230180829763 0.005585184320807457 0.005586490035057068 0.0055872658267617226 0.005587207619100809 0.005585744045674801 0.005580306518822908
0.004653885494917631 0.004511685110628605 0.004440836608409882 0.004536019638180733 0.004811547696590424 0.005167997907847166 0.0054353405721485615 0.00555389653891325 0.005585012026131153 0.005589737556874752 0.0055902316235005856 0.0055902739986777306 0.005590277723968029 0.005590278189629316 0.005590278189629316 0.005590278189629316 0.005590277258306742 0.0055902739986777306 0.005590265616774559 0.00559025164693594 0.0055902437306940556 0.00559025164693594 0.005590265151113272 0.005590273067355156 0.005590276792645454 0.005590277723968029 0.005590278189629316 0.005590278189629316 0.005590278189629316 0.005590274930000305 0.005590257700532675 0.0055901543237268925 0.005589596461504698 0.005587580148130655 0.005583587568253279 0.005579617340117693 0.005578186828643084 0.00557903153821826 0.005580252967774868 0.005580217111855745 0.005577416159212589 0.005567953456193209
