2D_landslide/Landslide/figures/1u.txt
ncols   200
nrows   200
xllcorner   0
yllcorner   0
cellsize   12.5
NODATA_value   -9999.00000
[rows 114 to 132 of 200, columns 42 to 83 of 200]
0.005590278189629316 0.005590276326984167 0.005590272601693869 0.005590245593339205 0.005590143147855997 0.0055897473357617855 0.005588686093688011 0.00558554008603096 0.00557809928432107 0.0055612013675272465 0.005517232231795788 0.00544217461720109 0.005344789940863848 0.005254095420241356 0.005087138619273901 0.005233884789049625 0.005437080282717943 0.0055445111356675625 0.005577053874731064 0.00558460084721446 0.005587027408182621 0.005577393341809511 0.005471221171319485 0.005168566945940256 0.0045913574285805225 0.003966730087995529 0.0023366988170892 0.0038631437346339226 0.00495110871270299 0.0052893757820129395 0.005421193316578865 0.0054971883073449135 0.005563223734498024 0.005580265074968338 0.005550858564674854 0.005454579368233681 0.005200913175940514 0.004867966286838055 0.004485554061830044 0.002366460394114256 -0.04229601100087166 -0.1112913191318512
0.005590278189629316 0.005590276792645454 0.005590272136032581 0.0055902511812746525 0.005590167827904224 0.0055899363942444324 0.005589374341070652 0.0055878134444355965 0.005584085360169411 0.005574698559939861 0.005546034313738346 0.0054814997129142284 0.005363271571695805 0.005196820478886366 0.004824509844183922 0.004873596131801605 0.005241925362497568 0.0054808445274829865 0.005561803933233023 0.0055834450758993626 0.005588324274867773 0.005582184065133333 0.0055267405696213245 0.005384597461670637 0.0051855905912816525 0.004895851016044617 0.0036559170112013817 0.003954410552978516 0.004674491006880999 0.005006927996873856 0.005314089357852936 0.005440422333776951 0.0055481749586761 0.005573546513915062 0.0055464343167841434 0.005453317891806364 0.005298898089677095 0.005062327720224857 0.00475029181689024 0.0021785020362585783 -0.03572731837630272 -0.13952738046646118
0.005590278655290604 0.005590277258306742 0.005590274930000305 0.005590264685451984 0.005590230692178011 0.005590123124420643 0.005589883308857679 0.005589277017861605 0.005587558727711439 0.005583008751273155 0.005567261483520269 0.005528103560209274 0.0054344977252185345 0.005263857543468475 0.004785462748259306 0.004707197193056345 0.0050818659365177155 0.005417748354375362 0.005545184947550297 0.005581827834248543 0.005588477477431297 0.005587697960436344 0.00557277537882328 0.00554285803809762 0.005488364491611719 0.005383672658354044 0.004676918964833021 0.003938732668757439 0.003839089535176754 0.004358810838311911 0.004963588900864124 0.005250046029686928 0.005467754788696766 0.005539875943213701 0.005515886005014181 0.005443431902676821 0.0053056394681334496 0.00510725611820817 0.004587499890476465 0.0016468707472085953 -0.02794129028916359 -0.13385730981826782
0.005590278655290604 0.005590278189629316 0.005590277723968029 0.0055902753956615925 0.005590265151113272 0.005590235348790884 0.005590156186372042 0.005589935462921858 0.0055892677046358585 0.005587385036051273 0.005581037141382694 0.005561442114412785 0.005509967915713787 0.005400211084634066 0.005090214777737856 0.005011199973523617 0.005185695365071297 0.005421011708676815 0.0055409143678843975 0.005579433869570494 0.00558833684772253 0.005589552689343691 0.0055877710692584515 0.005581552162766457 0.005570824723690748 0.005544772371649742 0.005292246118187904 0.0043674069456756115 0.002869578078389168 0.0020546885207295418 0.0040894197300076485 0.004714976064860821 0.005149210337549448 0.005344008095562458 0.005379675887525082 0.00535140885040164 0.005196114536374807 0.0050249164924025536 0.0045433007180690765 0.0024091911036521196 -0.01554945670068264 -0.09651295840740204
0.005590278655290604 0.005590278655290604 0.005590278655290604 0.005590278189629316 0.00559027586132288 0.005590268410742283 0.0055902437306940556 0.005590158514678478 0.0055898684076964855 0.005589079577475786 0.005586117506027222 0.005578046198934317 0.005556004587560892 0.00550650293007493 0.005367650650441647 0.005311556626111269 0.0053770290687680244 0.005490097217261791 0.005549912806600332 0.005579477176070213 0.005587210413068533 0.005589290056377649 0.005589360371232033 0.005588260013610125 0.005583832506090403 0.005560124292969704 0.005337306763976812 0.00439860112965107 0.0016961395740509033 -0.0015211226418614388 0.0005237869918346405 0.0017923451960086823 0.0029667080380022526 0.004169452004134655 0.004521361086517572 0.004593356512486935 0.004776634741574526 0.004785510711371899 0.004098490811884403 0.0020938313100486994 -0.010382430627942085 -0.06993775069713593
0.005590278655290604 0.005590278655290604 0.005590278655290604 0.005590278655290604 0.005590278189629316 0.005590277258306742 0.005590271670371294 0.005590241868048906 0.00559013057500124 0.00558977946639061 0.005588691681623459 0.005585783161222935 0.005579034797847271 0.005565065890550613 0.005523598752915859 0.005512360017746687 0.00552741251885891 0.00555768609046936 0.005573216360062361 0.005583861377090216 0.005588038358837366 0.00558927096426487 0.005589485168457031 0.005589126609265804 0.005586532410234213 0.005570261739194393 0.005375616252422333 0.0043565393425524235 0.0010511679574847221 -0.005126561038196087 -0.004512786865234375 -0.0027371859177947044 0.0007056263275444508 0.003125799121335149 0.004114330746233463 0.004796999506652355 0.0050216177478432655 0.005098366644233465 0.004896413069218397 0.00414951890707016 -0.002013654913753271 -0.03675181046128273
0.005590278655290604 0.005590278655290604 0.005590278655290604 0.005590278655290604 0.005590278655290604 0.005590278655290604 0.005590277258306742 0.005590267013758421 0.005590216722339392 0.005590048152953386 0.005589590407907963 0.00558873824775219 0.005586980376392603 0.005584709346294403 0.005577198229730129 0.005576053634285927 0.005578706506639719 0.005583067424595356 0.005585646256804466 0.005587908439338207 0.005588998552411795 0.005589254666119814 0.005589258391410112 0.005588962696492672 0.0055867466144263744 0.005569202359765768 0.005323926452547312 0.003855109214782715 -0.0013245935551822186 -0.01429046131670475 -0.016817143186926842 -0.009767504408955574 -0.0028242748230695724 0.001970679499208927 0.004011000506579876 0.005030193366110325 0.005325659643858671 0.005446936935186386 0.005428855773061514 0.005198627710342407 0.002885779831558466 -0.01489081047475338
0.005590278655290604 0.005590278655290604 0.005590278655290604 0.005590278655290604 0.005590278655290604 0.005590278655290604 0.005590278189629316 0.005590274930000305 0.00559025164693594 0.005590165965259075 0.005589949432760477 0.005589681211858988 0.005589384585618973 0.005589166656136513 0.005588188301771879 0.0055883293971419334 0.00558876246213913 0.005589260719716549 0.005589473061263561 0.005589616019278765 0.005589564796537161 0.005589476320892572 0.005589143838733435 0.005588822532445192 0.005586824845522642 0.005566376727074385 0.005207795184105635 0.002789625432342291 -0.005889066495001316 -0.025676462799310684 -0.032004863023757935 -0.017551088705658913 -0.00532517209649086 0.0016554389148950577 0.004251588135957718 0.005239459220319986 0.005484367720782757 0.0055463057942688465 0.0055562350898981094 0.005520162172615528 0.004809563513845205 -0.0036266231909394264
0.005590278655290604 0.005590278655290604 0.005590278655290604 0.005590278655290604 0.005590278655290604 0.005590278655290604 0.005590278655290604 0.005590277258306742 0.00559026375412941 0.005590209737420082 0.005590096581727266 0.005590005312114954 0.005589970387518406 0.005589998792856932 0.005589908454567194 0.005589997861534357 0.005590055137872696 0.00559012359008193 0.005590117070823908 0.005590095650404692 0.005589907523244619 0.005589561071246862 0.005588871892541647 0.005588389467447996 0.005584976635873318 0.005536763463169336 0.004444118123501539 -0.0015736627392470837 -0.0208108089864254 -0.054473839700222015 -0.06518499553203583 -0.045340631157159805 -0.018213363364338875 -0.0018377690576016903 0.0030500758439302444 0.004718341864645481 0.005324251018464565 0.005520571954548359 0.005569903180003166 0.005575065966695547 0.005355750676244497 0.0010309349745512009
0.005590278655290604 0.005590278655290604 0.005590278655290604 0.005590278655290604 0.005590278655290604 0.005590278655290604 0.005590278655290604 0.005590278189629316 0.005590271204710007 0.005590240471065044 0.00559017900377512 0.005590148735791445 0.005590162239968777 0.005590199027210474 0.005590206012129784 0.005590229295194149 0.005590247921645641 0.005590255372226238 0.005590255372226238 0.005590242799371481 0.005590124987065792 0.0055898381397128105 0.005589157342910767 0.005588340573012829 0.005584390833973885 0.005506665445864201 0.003869581501930952 -0.00664353184401989 -0.033348776400089264 -0.05933650955557823 -0.0670439600944519 -0.03579507768154144 -0.01223239116370678 -0.0005236179567873478 0.0025037555024027824 0.0042038485407829285 0.005091849714517593 0.005439399275928736 0.005547758657485247 0.005577359348535538 0.005548008717596531 0.0037831957451999187
0.005590278655290604 0.005590278655290604 0.005590278655290604 0.005590278655290604 0.005590278655290604 0.005590278655290604 0.005590278655290604 0.005590278189629316 0.0055902753956615925 0.005590259097516537 0.005590226501226425 0.0055902134627103806 0.0055902269668877125 0.005590248852968216 0.005590256303548813 0.005590267479419708 0.005590271670371294 0.005590274464339018 0.005590274464339018 0.005590269807726145 0.005590227432549 0.005590066779404879 0.005589229986071587 0.005588318686932325 0.00558273121714592 0.00547320581972599 0.003081957343965769 -0.00853191502392292 -0.03447042033076286 -0.05184698849916458 -0.04694671928882599 -0.020438523963093758 -0.004347093403339386 0.0004271254874765873 0.0022302819415926933 0.003692113794386387 0.004734440706670284 0.005267979111522436 0.005482206586748362 0.0055563319474458694 0.005574071779847145 0.0049476465210318565
0.005590278655290604 0.005590278655290604 0.005590278655290604 0.005590278655290604 0.005590278655290604 0.005590278655290604 0.005590278655290604 0.005590278655290604 0.005590277258306742 0.005590270273387432 0.005590254906564951 0.005590247921645641 0.005590253975242376 0.005590264685451984 0.00559026887640357 0.005590274464339018 0.005590276326984167 0.005590277258306742 0.005590277723968029 0.005590276326984167 0.005590260960161686 0.005590163636952639 0.005589466076344252 0.0055876546539366245 0.00558180408552289 0.00547326123341918 0.0031343381851911545 -0.007803534157574177 -0.024780455976724625 -0.032728035002946854 -0.027486000210046768 -0.004812988452613354 0.0006706430576741695 0.0013188663870096207 0.0022049855906516314 0.003423023968935013 0.004378002602607012 0.005021165125072002 0.005358855240046978 0.005507735535502434 0.005564295221120119 0.0053515248000621796
0.005590278655290604 0.005590278655290604 0.005590278655290604 0.005590278655290604 0.005590278655290604 0.005590278655290604 0.005590278655290604 0.005590278655290604 0.005590278189629316 0.0055902753956615925 0.0055902693420648575 0.005590264685451984 0.005590265616774559 0.005590270273387432 0.005590271204710007 0.0055902753956615925 0.005590277258306742 0.005590277723968029 0.005590278189629316 0.005590277258306742 0.005590266082435846 0.005590175278484821 0.005589337553828955 0.005585741251707077 0.005568289663642645 0.005456651095300913 0.004110022448003292 -0.001106212381273508 -0.012392060831189156 -0.01513071358203888 -0.012611741200089455 0.00012235669419169426 0.002335797529667616 0.002316427882760763 0.0025312728248536587 0.003248913213610649 0.0039916131645441055 0.0046666404232382774 0.005078278481960297 0.005367864388972521 0.005521729122847319 0.005467146169394255
0.005590278655290604 0.005590278655290604 0.005590278655290604 0.005590278655290604 0.005590278655290604 0.005590278655290604 0.005590278655290604 0.005590278655290604 0.005590278655290604 0.005590278189629316 0.005590276326984167 0.005590274464339018 0.005590273533016443 0.005590274464339018 0.005590274464339018 0.005590276326984167 0.005590277723968029 0.005590278189629316 0.005590278189629316 0.005590277723968029 0.00559026887640357 0.005590206943452358 0.005589562933892012 0.005586693529039621 0.005573326256126165 0.0055128708481788635 0.005181333515793085 0.0036268187686800957 0.0012215031310915947 0.0007948330603539944 0.0015839305706322193 0.004083311650902033 0.004020127933472395 0.003680409165099263 0.003627150086686015 0.003779900725930929 0.0040801833383738995 0.004449048545211554 0.0048179030418396 0.005186585709452629 0.0054368022829294205 0.005508750677108765
0.005590278655290604 0.005590278655290604 0.005590278655290604 0.005590278655290604 0.005590278655290604 0.005590278655290604 0.005590278655290604 0.005590278655290604 0.005590278655290604 0.005590278655290604 0.005590278189629316 0.005590277723968029 0.005590277723968029 0.005590277258306742 0.005590277258306742 0.005590277723968029 0.005590278189629316 0.005590278655290604 0.005590278655290604 0.005590277723968029 0.005590267479419708 0.005590213928371668 0.005589821841567755 0.005588200408965349 0.0055814520455896854 0.005557195283472538 0.0054625398479402065 0.005185383837670088 0.004863843787461519 0.004582608118653297 0.004620501771569252 0.0051437560468912125 0.0049559567123651505 0.004622186534106731 0.004422054626047611 0.004304489586502314 0.004373239818960428 0.004457549657672644 0.004643644671887159 0.005007672123610973 0.005308643914759159 0.005447838455438614
0.005590278655290604 0.005590278655290604 0.005590278655290604 0.005590278655290604 0.005590278655290604 0.005590278655290604 0.005590278655290604 0.005590278655290604 0.005590278655290604 0.005590278655290604 0.005590278655290604 0.005590278655290604 0.005590278655290604 0.005590278655290604 0.005590278189629316 0.005590278655290604 0.005590278655290604 0.005590278655290604 0.005590278655290604 0.005590277723968029 0.005590266082435846 0.005590207874774933 0.005589907523244619 0.005589237902313471 0.0055871764197945595 0.005579745396971703 0.005536177195608616 0.005469816271215677 0.00541180744767189 0.005359154660254717 0.005250750109553337 0.005377686116844416 0.005399834364652634 0.005244185216724873 0.005051195155829191 0.004931625444442034 0.004821709357202053 0.004743423778563738 0.004691692069172859 0.0048645189963281155 0.0050491271540522575 0.004790188279002905
0.005590278189629316 0.005590278655290604 0.005590278655290604 0.005590278655290604 0.005590278655290604 0.005590278655290604 0.005590278655290604 0.005590278655290604 0.005590278655290604 0.005590278655290604 0.005590278655290604 0.005590278655290604 0.005590278655290604 0.005590278655290604 0.005590278655290604 0.005590278655290604 0.005590278655290604 0.005590278655290604 0.005590278655290604 0.005590277258306742 0.005590262822806835 0.00559017900377512 0.005589905194938183 0.005589285399764776 0.005588218569755554 0.005585644859820604 0.0055735111236572266 0.0055347830057144165 0.0054984609596431255 0.005461694672703743 0.0053824977949261665 0.005453767720609903 0.005496122874319553 0.005476778838783503 0.005379748996347189 0.005260848440229893 0.005123463924974203 0.004981376696377993 0.004772488959133625 0.004550151526927948 0.0033458115067332983 -0.005987145937979221
0.005590278189629316 0.005590278655290604 0.005590278655290604 0.005590278655290604 0.005590278655290604 0.005590278655290604 0.005590278655290604 0.005590278655290604 0.005590278655290604 0.005590278655290604 0.005590278655290604 0.005590278655290604 0.005590278655290604 0.005590278655290604 0.005590278655290604 0.005590278655290604 0.005590278655290604 0.005590278655290604 0.005590278655290604 0.005590277723968029 0.005590266082435846 0.005590197630226612 0.005589958280324936 0.0055894628167152405 0.005588853266090155 0.005588612984865904 0.005588281899690628 0.005581439472734928 0.005561210215091705 0.005551467649638653 0.005513363052159548 0.005529319401830435 0.005550794769078493 0.00555629376322031 0.005539940670132637 0.005497459322214127 0.0054136523976922035 0.005233642179518938 0.004818016663193703 0.0029947732109576464 -0.00872731115669012 -0.08592155575752258
0.005590278655290604 0.005590278655290604 0.005590278655290604 0.005590278655290604 0.005590278655290604 0.005590278655290604 0.005590278655290604 0.005590278655290604 0.005590278655290604 0.005590278655290604 0.005590278655290604 0.005590278655290604 0.005590278655290604 0.005590278655290604 0.005590278655290604 0.005590278655290604 0.005590278655290604 0.005590278655290604 0.005590278655290604 0.005590278655290604 0.005590273067355156 0.005590232089161873 0.005590072367340326 0.005589749198406935 0.005589345935732126 0.005590403452515602 0.005598508287221193 0.005599115509539843 0.005586513318121433 0.005575396586209536 0.005559558514505625 0.005557690747082233 0.005564143881201744 0.005570612847805023 0.005561810918152332 0.005551132373511791 0.00549596082419157 0.005280344281345606 0.0038454881869256496 -0.006321286782622337 -0.06928412616252899 -0.30908694863319397
