2D_landslide/Landslide/figures/1u.txt
ncols   200
nrows   200
xllcorner   0
yllcorner   0
cellsize   12.5
NODATA_value   -9999.00000
[rows 19 to 37 of 200, columns 84 to 125 of 200]
0.024134650826454163 0.24496755003929138 0.5432592630386353 0.8230264782905579 1.1433982849121094 1.4294157028198242 1.6905428171157837 2.3179192543029785 4.012401103973389 5.107679843902588 5.784793853759766 6.485218048095703 7.617115497589111 8.503609657287598 9.531684875488281 9.822628021240234 9.669816017150879 9.41339111328125 8.327478408813477 8.55687141418457 8.990982055664062 9.105707168579102 9.289691925048828 9.513466835021973 9.757062911987305 9.916168212890625 9.945975303649902 10.012258529663086 9.627933502197266 9.035696029663086 8.18554401397705 7.464247226715088 6.178520679473877 5.134650707244873 3.8886642456054688 4.73042106628418 5.705822467803955 6.3271684646606445 6.359201908111572 5.147855758666992 3.2574963569641113 1.8166548013687134
0.043219637125730515 0.2813289761543274 0.5923883318901062 0.8938027620315552 1.2975972890853882 1.6164880990982056 1.837714672088623 2.5443429946899414 4.61929988861084 5.488833904266357 6.615718841552734 7.90259313583374 9.462562561035156 10.89165210723877 12.258602142333984 12.628021240234375 12.63416862487793 12.254218101501465 11.796158790588379 11.839539527893066 11.749935150146484 11.302806854248047 11.241270065307617 11.23727798461914 11.182887077331543 10.79234790802002 10.55363655090332 10.550322532653809 9.921181678771973 9.22703742980957 8.569786071777344 7.664926052093506 6.06649112701416 6.185943603515625 6.24602746963501 6.277045249938965 7.3489861488342285 7.890374660491943 7.758862495422363 6.535300254821777 4.381583213806152 2.436157703399658
0.05440995469689369 0.3171412944793701 0.6284564137458801 0.9965894818305969 1.5035018920898438 1.7562490701675415 1.9835178852081299 2.585482597351074 4.960849285125732 5.866004467010498 7.270236492156982 9.264994621276855 11.141988754272461 12.86505126953125 14.435383796691895 14.868071556091309 14.98957633972168 14.650699615478516 14.484048843383789 14.34936237335205 14.133337020874023 13.722548484802246 13.15324592590332 12.6178560256958 12.217615127563477 11.635162353515625 11.223817825317383 11.075845718383789 10.16446304321289 9.526474952697754 9.006945610046387 7.919078826904297 7.156687259674072 7.151862621307373 7.113797664642334 7.532289505004883 8.522337913513184 9.099946975708008 9.03762149810791 8.153109550476074 5.408143043518066 3.3943419456481934
0.11293724179267883 0.41272082924842834 0.7296963334083557 1.3113017082214355 1.7779285907745361 1.947371244430542 2.146131753921509 2.580669641494751 5.156023025512695 6.221229076385498 8.51598072052002 10.85684871673584 13.314892768859863 14.99518871307373 16.697975158691406 17.091676712036133 17.284414291381836 17.524160385131836 17.945470809936523 17.760988235473633 16.923368453979492 16.448179244995117 15.508362770080566 14.76928997039795 13.326937675476074 12.695632934570312 12.172870635986328 11.486382484436035 10.731915473937988 10.26836109161377 9.569389343261719 8.790078163146973 8.240555763244629 8.482053756713867 8.847893714904785 9.163217544555664 10.4115571975708 11.154081344604492 10.519383430480957 9.831161499023438 7.271775722503662 5.215695381164551
0.1293889731168747 0.43350955843925476 0.8305761814117432 1.5067675113677979 1.895951271057129 2.0527286529541016 2.2503998279571533 2.742121696472168 5.302822113037109 6.7690887451171875 9.864229202270508 12.386656761169434 15.313678741455078 17.170618057250977 18.461734771728516 19.27516746520996 19.988449096679688 20.074758529663086 20.137325286865234 20.424619674682617 19.548324584960938 18.562061309814453 17.70147132873535 16.16134262084961 14.268811225891113 13.522294044494629 13.012203216552734 12.281448364257812 11.644360542297363 11.198267936706543 10.559122085571289 10.067829132080078 9.67660903930664 9.98715877532959 10.557963371276855 10.972013473510742 12.473865509033203 12.195795059204102 11.775960922241211 10.873842239379883 9.37389087677002 6.809976577758789
0.14407102763652802 0.45724672079086304 0.9324653744697571 1.6336866617202759 1.9844895601272583 2.1438913345336914 2.3438830375671387 4.287442207336426 5.795980930328369 7.771705627441406 10.718940734863281 13.953116416931152 17.238290786743164 18.74869728088379 20.85803985595703 22.704801559448242 23.816246032714844 24.558025360107422 24.460403442382812 23.371564865112305 22.697694778442383 21.88086700439453 19.37386703491211 18.02943992614746 15.824590682983398 14.742937088012695 14.001755714416504 13.27779483795166 12.672215461730957 12.181275367736816 11.713459968566895 11.548689842224121 11.265016555786133 11.477904319763184 12.353899955749512 12.86271858215332 13.683712005615234 13.537087440490723 12.86207389831543 11.808286666870117 10.284661293029785 7.965035915374756
0.15619021654129028 0.4806872010231018 0.9928484559059143 1.6959456205368042 2.0639820098876953 2.228886842727661 3.6532509326934814 4.584983825683594 6.224129676818848 8.76202392578125 12.170672416687012 15.09976577758789 17.983993530273438 20.606958389282227 23.048948287963867 24.87665367126465 26.2139835357666 26.725088119506836 26.416675567626953 25.570905685424805 23.717300415039062 21.97684097290039 20.16934585571289 18.739181518554688 16.57268524169922 15.631916046142578 14.79576301574707 14.044297218322754 13.326277732849121 13.075926780700684 12.61471939086914 12.664148330688477 12.335244178771973 12.433060646057129 13.110525131225586 13.52853012084961 14.229203224182129 13.836552619934082 12.922383308410645 11.733773231506348 10.38269329071045 8.237512588500977
0.20787060260772705 0.5513869524002075 1.1684706211090088 1.8473807573318481 2.194988250732422 2.3644931316375732 3.8704562187194824 5.071079730987549 7.636345386505127 10.09099006652832 13.960068702697754 16.80924415588379 19.71057891845703 22.774192810058594 25.006868362426758 26.548229217529297 27.50031089782715 27.94178581237793 27.244224548339844 26.21934700012207 25.442447662353516 22.37906837463379 20.1021671295166 18.5377140045166 17.22081184387207 16.467510223388672 15.238463401794434 14.751264572143555 14.210029602050781 14.014788627624512 13.807466506958008 13.713871002197266 13.293513298034668 13.383651733398438 13.682098388671875 13.996564865112305 14.130069732666016 13.837803840637207 12.96557331085205 11.756599426269531 5.263125419616699 3.9120748043060303
0.21314918994903564 0.5541771650314331 1.1371889114379883 1.810947060585022 2.2515642642974854 2.5284276008605957 3.7041432857513428 5.488059997558594 9.0244140625 11.901740074157715 16.011999130249023 18.787353515625 21.25323486328125 23.81181526184082 26.018417358398438 27.126672744750977 27.561359405517578 26.996967315673828 25.91823387145996 25.800222396850586 25.26448631286621 22.675081253051758 19.85789680480957 17.82474136352539 17.39140510559082 16.60624885559082 15.857918739318848 15.640067100524902 15.088027954101562 14.830174446105957 14.674954414367676 14.412287712097168 13.940564155578613 13.942425727844238 14.044954299926758 14.352462768554688 14.010232925415039 13.488242149353027 12.601095199584961 11.24886417388916 5.423518657684326 3.894292116165161
0.20802851021289825 0.5450026988983154 1.0870686769485474 1.7405543327331543 2.3485326766967773 4.348510265350342 4.366057872772217 7.518848896026611 10.778603553771973 13.671098709106445 17.928632736206055 20.402551651000977 21.822269439697266 23.83138084411621 25.76166343688965 25.893077850341797 25.49368667602539 24.914180755615234 24.386051177978516 24.626684188842773 24.570280075073242 22.704463958740234 19.521467208862305 18.03814697265625 17.6945743560791 17.054540634155273 16.579275131225586 16.7092342376709 16.200084686279297 15.733242988586426 15.402514457702637 15.461214065551758 14.733112335205078 14.467793464660645 15.007761001586914 14.86993408203125 14.153071403503418 13.369511604309082 12.006263732910156 10.534637451171875 5.244386672973633 3.7275352478027344
0.21147626638412476 0.5444117188453674 1.0975005626678467 1.8432968854904175 4.507999897003174 5.043219089508057 4.573624610900879 7.455764293670654 12.081117630004883 15.173824310302734 19.00860595703125 21.087631225585938 21.90789031982422 23.67391586303711 25.06968116760254 24.952482223510742 24.4074649810791 24.5300235748291 24.04755973815918 24.866634368896484 23.995779037475586 22.3179931640625 19.263986587524414 17.53738784790039 17.16240119934082 16.45390510559082 16.78464698791504 16.79183578491211 16.351205825805664 16.115886688232422 15.827856063842773 15.82922077178955 15.01309585571289 15.228472709655762 15.205070495605469 14.837239265441895 13.64630126953125 12.74234390258789 11.091075897216797 9.521355628967285 4.929046154022217 3.6373753547668457
0.24482139945030212 0.815077543258667 1.6212646961212158 5.129868984222412 5.1965508460998535 5.2485127449035645 6.107887268066406 8.148780822753906 13.50448989868164 16.49607276916504 19.81396484375 21.938125610351562 23.137237548828125 24.12741470336914 24.95952033996582 25.356916427612305 25.316028594970703 25.236425399780273 24.756183624267578 24.394908905029297 23.536314010620117 21.9139347076416 19.224987030029297 17.547704696655273 16.83345603942871 16.52131462097168 16.615644454956055 17.042217254638672 16.553937911987305 16.36937141418457 15.976821899414062 16.001710891723633 16.100479125976562 15.67314338684082 15.099946975708008 14.388427734375 12.920466423034668 11.798202514648438 10.125664710998535 5.863637447357178 5.169862747192383 3.823199987411499
0.44045567512512207 1.2171037197113037 5.200348854064941 6.22813606262207 6.0607404708862305 6.866751194000244 7.056746006011963 9.691422462463379 14.35240364074707 17.53997039794922 19.840059280395508 21.57525062561035 22.262075424194336 23.135868072509766 23.799381256103516 24.100130081176758 24.512216567993164 24.85017204284668 24.901687622070312 24.179452896118164 22.783763885498047 21.370834350585938 19.19486427307129 17.34695053100586 16.490022659301758 16.141944885253906 16.007171630859375 16.381872177124023 16.439476013183594 16.2874813079834 15.52794075012207 15.790156364440918 15.544478416442871 15.107412338256836 14.43348217010498 13.899579048156738 12.149442672729492 10.86423397064209 9.221304893493652 7.815031051635742 4.759724140167236 3.6828932762145996
0.8333945274353027 1.9651838541030884 6.708677291870117 7.327394485473633 8.141617774963379 8.959733009338379 9.663593292236328 11.847818374633789 15.387397766113281 17.971023559570312 20.263744354248047 20.94060516357422 21.46439552307129 22.187957763671875 22.83699607849121 23.771678924560547 25.403221130371094 25.989521026611328 25.777915954589844 24.835186004638672 22.71883201599121 21.0352783203125 19.491010665893555 17.631967544555664 16.414928436279297 15.943076133728027 15.696454048156738 15.661722183227539 16.118906021118164 16.067651748657227 15.353187561035156 15.43520450592041 15.06342887878418 14.781668663024902 14.174050331115723 13.3305082321167 11.758752822875977 10.339947700500488 8.599581718444824 6.801617622375488 4.666890621185303 3.7086703777313232
1.3617289066314697 6.8004865646362305 7.395371437072754 8.64340591430664 9.160367965698242 9.959683418273926 11.05226993560791 12.562161445617676 15.984140396118164 17.26270866394043 19.554784774780273 20.211423873901367 20.66359519958496 21.28635025024414 22.64807891845703 24.437734603881836 26.031686782836914 26.60324478149414 26.001766204833984 24.2277774810791 22.155649185180664 20.150625228881836 18.375642776489258 16.640493392944336 15.57871150970459 14.686220169067383 14.347618103027344 14.267333984375 14.374405860900879 13.991490364074707 14.123359680175781 14.432552337646484 14.18761920928955 14.36581039428711 13.97956657409668 13.25532054901123 11.455862998962402 9.704916954040527 7.593845844268799 6.599857330322266 4.752682209014893 3.940721035003662
2.6865031719207764 8.029747009277344 8.67772388458252 9.476197242736816 9.925813674926758 10.749727249145508 12.085734367370605 13.840076446533203 15.256739616394043 15.926523208618164 18.67760467529297 19.581497192382812 19.857791900634766 20.760944366455078 22.467851638793945 24.163251876831055 25.624059677124023 25.49992561340332 24.755538940429688 22.414600372314453 20.989971160888672 19.402929306030273 17.37749671936035 15.430285453796387 14.239547729492188 13.225798606872559 12.7962064743042 12.564688682556152 12.100476264953613 11.805103302001953 12.631361961364746 13.051210403442383 13.5441255569458 14.41754150390625 14.246414184570312 13.401330947875977 11.100767135620117 9.946887016296387 7.809703350067139 6.517612934112549 5.258016586303711 4.811687469482422
3.5588865280151367 8.216713905334473 8.968579292297363 9.786033630371094 10.479219436645508 11.239307403564453 12.4230318069458 13.484562873840332 14.187891960144043 15.021327018737793 17.72832489013672 18.541194915771484 18.74864959716797 19.487415313720703 21.414825439453125 22.812530517578125 23.69209861755371 23.41909408569336 22.607311248779297 21.103668212890625 19.55158233642578 17.980276107788086 16.060556411743164 14.268921852111816 12.914162635803223 12.107378005981445 11.41402530670166 11.009062767028809 10.655426979064941 10.485610961914062 11.496508598327637 12.302596092224121 13.163996696472168 14.40412712097168 14.564976692199707 13.122754096984863 11.308209419250488 10.006200790405273 8.296248435974121 6.6913743019104 5.572132110595703 5.1498613357543945
4.046174049377441 8.53909683227539 9.405614852905273 10.302740097045898 11.005622863769531 11.66858959197998 12.504496574401855 12.910865783691406 13.80388069152832 14.945795059204102 17.06386947631836 17.55226707458496 17.865671157836914 19.354887008666992 20.671663284301758 21.381690979003906 22.17165184020996 21.293922424316406 21.0130558013916 19.58116912841797 18.26188850402832 16.96662712097168 14.687982559204102 12.876264572143555 11.645362854003906 10.517781257629395 10.30135440826416 9.931309700012207 9.816267013549805 10.104866981506348 11.10442066192627 12.11546516418457 13.650298118591309 15.654019355773926 15.430603981018066 14.204680442810059 12.129773139953613 10.467978477478027 8.350610733032227 7.16994571685791 5.911362648010254 5.581176280975342
4.293427467346191 8.359396934509277 9.12105655670166 10.038440704345703 10.607870101928711 11.253182411193848 11.77982234954834 12.069440841674805 12.92729663848877 14.004374504089355 15.696488380432129 16.166410446166992 17.573471069335938 18.785938262939453 19.679256439208984 20.02566909790039 20.275806427001953 19.576435089111328 18.967071533203125 18.256765365600586 17.136014938354492 15.505735397338867 12.99464225769043 11.27942943572998 9.606534957885742 8.728547096252441 8.505949974060059 8.582348823547363 8.970196723937988 9.970526695251465 11.080575942993164 12.232515335083008 14.13630485534668 15.857427597045898 15.497679710388184 14.579583168029785 12.355668067932129 10.618030548095703 8.441478729248047 7.161532402038574 6.190160751342773 5.954335689544678
