2D_landslide/Landslide/figures/1u.txt
ncols   200
nrows   200
xllcorner   0
yllcorner   0
cellsize   12.5
NODATA_value   -9999.00000
[rows 76 to 94 of 200, columns 84 to 125 of 200]
8.991310119628906 13.459190368652344 18.146251678466797 25.257770538330078 33.25065612792969 38.23073196411133 41.44273376464844 44.128501892089844 48.31840133666992 53.22802734375 54.495235443115234 53.627166748046875 52.08256912231445 49.68961715698242 46.546852111816406 43.274696350097656 40.503631591796875 37.96136474609375 35.68662643432617 33.966529846191406 35.06607437133789 36.08313751220703 36.5612678527832 37.8180046081543 37.54645538330078 35.68097686767578 33.06589126586914 30.982009887695312 30.129331588745117 30.542566299438477 29.957530975341797 30.488821029663086 27.739200592041016 24.63295555114746 22.536787033081055 21.54486083984375 20.2493839263916 18.274991989135742 15.958410263061523 15.313763618469238 19.2040958404541 23.395174026489258
8.24841594696045 12.762730598449707 19.08232307434082 27.24152374267578 35.04676055908203 40.20235061645508 43.013153076171875 46.45755386352539 51.46957015991211 55.910282135009766 57.39511489868164 56.784034729003906 55.866180419921875 53.758602142333984 50.51656723022461 46.927734375 43.07090759277344 40.30089569091797 38.15494155883789 37.22770690917969 38.35679244995117 38.76115417480469 39.76533508300781 40.09696960449219 39.0893669128418 37.099124908447266 33.659912109375 30.711576461791992 29.290502548217773 29.806386947631836 28.859588623046875 29.422542572021484 26.85698127746582 23.379165649414062 21.623886108398438 20.488624572753906 18.59213638305664 16.589805603027344 12.408957481384277 14.956122398376465 19.0113468170166 23.300207138061523
7.926264762878418 12.754366874694824 20.85361671447754 29.484607696533203 37.13526916503906 42.59519577026367 44.51301193237305 48.493961334228516 54.21964645385742 58.816070556640625 60.278236389160156 59.87112808227539 59.163063049316406 57.184288024902344 54.65797424316406 50.70064926147461 46.21668243408203 43.40206527709961 40.92877960205078 39.860595703125 41.145790100097656 41.32286834716797 41.278194427490234 40.82141876220703 39.2817268371582 37.497169494628906 33.91584777832031 30.07971954345703 28.372291564941406 28.580547332763672 27.82183265686035 28.258769989013672 25.5954532623291 21.976886749267578 19.817840576171875 18.84711456298828 16.31954574584961 15.455546379089355 12.999968528747559 15.72480297088623 19.841772079467773 24.136756896972656
7.104710578918457 12.778599739074707 22.00865364074707 30.806425094604492 38.4711799621582 43.76668167114258 45.4496955871582 49.9271125793457 56.59760284423828 61.27020263671875 62.52755355834961 61.95736312866211 61.5948371887207 60.20352554321289 58.07889175415039 54.29393005371094 49.11277389526367 45.28973388671875 43.32512664794922 42.5942497253418 43.54698181152344 42.40785598754883 41.51869201660156 40.434810638427734 38.742244720458984 36.86442947387695 33.11940383911133 29.090248107910156 27.375093460083008 27.711822509765625 26.40106964111328 26.87078094482422 23.90928840637207 21.18599510192871 18.431243896484375 17.175457000732422 15.445355415344238 14.69708251953125 12.754927635192871 15.415597915649414 19.303808212280273 23.438127517700195
5.966944217681885 12.339080810546875 22.706941604614258 32.00819396972656 39.024871826171875 44.59321594238281 46.02174758911133 48.85248565673828 58.864524841308594 63.612911224365234 64.21464538574219 63.919822692871094 63.55561828613281 62.68592071533203 60.6591911315918 56.95035934448242 53.350093841552734 49.742164611816406 46.50498962402344 45.08503341674805 43.804283142089844 42.51162338256836 41.028663635253906 39.51339340209961 38.06181716918945 36.283058166503906 32.27322769165039 28.362449645996094 26.8375301361084 26.909082412719727 25.4996395111084 25.945114135742188 24.155797958374023 21.139062881469727 18.37750816345215 17.67243766784668 15.850905418395996 15.135382652282715 12.91968059539795 15.367733001708984 19.12152099609375 22.967906951904297
5.251080513000488 12.408387184143066 22.93992042541504 32.20335006713867 39.43651580810547 44.793846130371094 46.20268249511719 49.56427764892578 59.45676803588867 64.35873413085938 65.2667007446289 65.3348388671875 65.27841186523438 64.6247329711914 62.55791091918945 59.63200759887695 56.15452575683594 52.06532669067383 48.782718658447266 46.15751266479492 43.91040802001953 42.00209426879883 40.206138610839844 38.47537612915039 37.11800765991211 34.93022155761719 31.105436325073242 27.32037925720215 25.786664962768555 25.540973663330078 24.347660064697266 24.685630798339844 23.878684997558594 21.01761817932129 18.73183250427246 18.37351417541504 17.44809341430664 12.091376304626465 13.693458557128906 15.853334426879883 19.216999053955078 22.692398071289062
5.873302459716797 14.451529502868652 24.529457092285156 33.218868255615234 40.5739631652832 45.010337829589844 46.266082763671875 49.74078369140625 59.468605041503906 64.7496566772461 66.18557739257812 66.5146713256836 66.67277526855469 66.1332778930664 64.50605773925781 61.84729766845703 58.36260223388672 53.747379302978516 50.615657806396484 47.20777893066406 43.761680603027344 41.688079833984375 39.415706634521484 37.69817352294922 35.82295608520508 33.72159957885742 30.119609832763672 26.460859298706055 24.750411987304688 23.942970275878906 23.07888412475586 23.577524185180664 23.0972843170166 21.319786071777344 19.26596450805664 19.005277633666992 13.600996971130371 14.456714630126953 15.906767845153809 18.02959442138672 20.841373443603516 23.696184158325195
5.612746238708496 14.688642501831055 24.638263702392578 33.072147369384766 39.86021041870117 43.89585876464844 45.410797119140625 48.87422561645508 58.84780502319336 64.4335708618164 66.17182159423828 66.98556518554688 67.44274139404297 67.18675231933594 65.87723541259766 63.13606643676758 59.72433853149414 55.30768585205078 51.66432571411133 47.73573684692383 43.83346939086914 41.1448974609375 38.842193603515625 37.007301330566406 35.28009033203125 33.405853271484375 30.17397689819336 25.755599975585938 23.936079025268555 23.68477439880371 22.795658111572266 22.63303565979004 23.17025375366211 21.735639572143555 20.485244750976562 19.649444580078125 15.78012466430664 16.394411087036133 17.844894409179688 19.48760223388672 21.924562454223633 24.242128372192383
5.541919231414795 13.977017402648926 24.50433921813965 32.76325225830078 38.757080078125 42.30913543701172 43.8645133972168 47.754459381103516 58.39494323730469 63.81354904174805 66.05338287353516 67.21096801757812 67.89544677734375 67.85076141357422 66.66649627685547 64.16865539550781 61.10609817504883 57.23746871948242 52.74604034423828 48.45789337158203 44.72037124633789 41.46035385131836 38.995304107666016 37.22849655151367 35.41547393798828 33.556156158447266 30.184179306030273 25.932493209838867 23.52484703063965 23.700485229492188 22.811988830566406 22.491470336914062 23.256406784057617 23.610706329345703 23.026824951171875 22.803701400756836 18.394243240356445 19.26819610595703 20.364835739135742 21.71969985961914 23.768056869506836 25.262977600097656
6.480741024017334 14.494089126586914 24.22590446472168 32.36037063598633 37.36833190917969 40.368316650390625 42.34778594970703 46.57655334472656 57.98833084106445 63.14748001098633 65.68792724609375 67.09761047363281 68.2260513305664 68.42216491699219 67.3532485961914 65.14323425292969 62.12753677368164 58.16647720336914 53.492889404296875 49.26629638671875 45.389225006103516 41.8671875 39.0296630859375 37.201683044433594 35.85033416748047 34.09748077392578 30.245586395263672 25.97662925720215 23.369720458984375 23.29425621032715 23.158843994140625 22.57341957092285 23.038959503173828 23.83859634399414 24.40367889404297 20.360702514648438 21.53857421875 22.352523803710938 23.3850040435791 24.5135555267334 26.216432571411133 26.900239944458008
9.313995361328125 17.49507713317871 26.395374298095703 33.197853088378906 37.452598571777344 39.09651184082031 41.38986587524414 47.1209831237793 58.286346435546875 63.13463592529297 65.5755615234375 67.4001693725586 68.83499908447266 69.20892333984375 68.44735717773438 66.12171936035156 63.319374084472656 59.32476806640625 54.8719596862793 50.31498718261719 46.205684661865234 42.87744903564453 39.864097595214844 37.84591293334961 36.42525863647461 34.70799255371094 30.761085510253906 26.460905075073242 23.491348266601562 22.95599365234375 23.296356201171875 23.17727279663086 23.043039321899414 24.535144805908203 23.166980743408203 24.07025718688965 25.352664947509766 26.385929107666016 27.734615325927734 28.82765769958496 29.53038215637207 30.017215728759766
10.366971015930176 17.87101173400879 26.732622146606445 33.13127899169922 36.655982971191406 37.497554779052734 40.14219665527344 47.722469329833984 58.35914993286133 63.07184600830078 65.40481567382812 67.38085174560547 68.79322052001953 69.35081481933594 68.50920867919922 66.3852310180664 63.6860237121582 60.101051330566406 55.77052307128906 51.65073776245117 47.06010437011719 43.485443115234375 40.74877166748047 38.89575958251953 37.27431106567383 35.62152862548828 31.926599502563477 28.234209060668945 24.329992294311523 23.2864933013916 24.099956512451172 23.898340225219727 23.978946685791016 25.203941345214844 24.687854766845703 26.17691421508789 28.167781829833984 29.732744216918945 30.950620651245117 32.03993225097656 32.85708999633789 32.729278564453125
11.542695045471191 17.721782684326172 26.415937423706055 32.66802215576172 35.840065002441406 35.73162078857422 40.33013153076172 48.21194076538086 59.50283432006836 62.96725845336914 65.19576263427734 67.20115661621094 68.85599517822266 69.33244323730469 68.61294555664062 66.3871078491211 63.853736877441406 60.830474853515625 57.23580551147461 52.78861999511719 48.476959228515625 44.523433685302734 41.84974670410156 40.08967208862305 38.568443298339844 37.334529876708984 34.826011657714844 30.710451126098633 23.065725326538086 24.696983337402344 24.953815460205078 25.80887794494629 23.455110549926758 24.814613342285156 26.308595657348633 27.941659927368164 30.273284912109375 32.1817626953125 33.88895034790039 34.82495880126953 35.46144104003906 35.204620361328125
12.411293983459473 17.79584312438965 26.053470611572266 32.29590606689453 34.785709381103516 34.85734176635742 41.09031677246094 49.148834228515625 60.18223571777344 62.98348617553711 65.22413635253906 67.19747924804688 68.69488525390625 69.19915771484375 68.61996459960938 66.58613586425781 64.29496765136719 61.643898010253906 58.32887268066406 53.8111457824707 49.40871047973633 45.42185974121094 42.819820404052734 41.06876754760742 39.771263122558594 38.50922393798828 36.1884880065918 29.72390365600586 25.47870635986328 22.318439483642578 26.018835067749023 27.092586517333984 25.00505828857422 26.290090560913086 27.87847900390625 29.555761337280273 31.8864803314209 33.8953857421875 35.44163513183594 36.511783599853516 37.11612319946289 36.50455093383789
14.347989082336426 19.700931549072266 27.366945266723633 32.63346862792969 34.41508865356445 35.69718551635742 44.18251037597656 52.19261932373047 61.04407501220703 63.18326950073242 65.46595001220703 67.40463256835938 68.96654510498047 69.47330474853516 69.0670166015625 67.34288787841797 65.36724090576172 62.917171478271484 59.5224723815918 55.21170425415039 50.86336135864258 46.9582633972168 44.17719268798828 42.31458282470703 40.926578521728516 39.5052604675293 37.29828643798828 32.85926055908203 28.89736557006836 25.150110244750977 23.66797637939453 25.004602432250977 26.71276092529297 28.180116653442383 29.739103317260742 31.598243713378906 33.83644485473633 35.903038024902344 37.649200439453125 38.650272369384766 39.03418731689453 38.33705139160156
14.630385398864746 19.33740234375 26.28236198425293 31.894100189208984 33.49526596069336 36.783016204833984 45.44486999511719 53.635257720947266 60.59381866455078 62.993289947509766 65.32926177978516 67.23932647705078 68.65958404541016 69.38760375976562 69.01685333251953 67.81704711914062 66.04275512695312 63.54178237915039 60.333072662353516 56.49711608886719 52.10910415649414 48.113365173339844 45.3958740234375 43.485076904296875 41.92593765258789 40.57247543334961 38.80773162841797 34.9734001159668 31.034746170043945 27.420616149902344 24.87586784362793 25.704635620117188 27.690170288085938 29.153865814208984 30.732192993164062 32.50801086425781 34.958412170410156 37.069053649902344 38.780174255371094 39.778175354003906 40.08401107788086 39.630950927734375
14.68239688873291 18.937591552734375 24.763853073120117 30.365699768066406 33.078189849853516 37.91458511352539 46.44847106933594 54.642696380615234 58.942962646484375 62.60573196411133 65.1297836303711 67.02070617675781 68.54811096191406 69.1850814819336 69.13584899902344 68.0134048461914 66.33211517333984 64.01073455810547 60.9000358581543 57.37567138671875 53.63283920288086 49.47414779663086 46.618675231933594 44.67524337768555 43.09027099609375 41.707916259765625 40.08543014526367 36.91456985473633 33.1109733581543 29.301267623901367 26.376239776611328 26.457441329956055 28.439455032348633 30.005043029785156 31.451679229736328 33.34939193725586 35.78217697143555 37.864776611328125 39.453285217285156 40.485897064208984 40.991878509521484 40.60628128051758
14.07524299621582 17.886293411254883 23.679706573486328 28.14663314819336 32.47307205200195 38.12547302246094 47.229339599609375 54.75217819213867 57.98259735107422 62.083412170410156 64.79473876953125 66.70658874511719 68.26472473144531 69.10210418701172 69.08826446533203 68.13702392578125 66.73043823242188 64.42488098144531 61.69459915161133 58.19317626953125 54.651817321777344 50.42367172241211 47.46919250488281 45.45163345336914 43.83713150024414 42.31513977050781 40.83061599731445 38.34244918823242 34.69001388549805 31.223400115966797 28.470003128051758 27.424863815307617 29.03295135498047 30.78907585144043 32.262847900390625 34.09539794921875 36.43982696533203 38.342628479003906 39.96568298339844 40.99594497680664 41.45176315307617 41.07258224487305
13.56607723236084 17.31474494934082 22.793460845947266 26.510009765625 32.42647171020508 39.36581039428711 48.76172637939453 54.88096237182617 58.33794403076172 61.35160827636719 64.77963256835938 67.075439453125 68.55176544189453 69.4329605102539 69.58380126953125 69.01498413085938 67.64276885986328 65.63229370117188 62.81534194946289 59.6361198425293 56.04703903198242 51.93013381958008 48.52852249145508 46.191253662109375 44.391258239746094 42.760398864746094 41.22343063354492 39.67008590698242 37.205989837646484 33.957096099853516 31.410245895385742 29.28365707397461 29.786678314208984 31.67447853088379 33.39447021484375 35.133304595947266 37.280696868896484 39.111328125 40.45003128051758 41.380374908447266 41.755523681640625 41.335140228271484
