2D_landslide/Landslide/figures/2h.txt
ncols   200
nrows   200
xllcorner   0
yllcorner   0
cellsize   12.5
NODATA_value   -9999.00000
[rows 38 to 56 of 200, columns 43 to 85 of 200]
0.0026652482338249683 0.004393207840621471 0.005948501639068127 0.006827205419540405 0.007157312706112862 0.0072490437887609005 0.007270979229360819 0.007275857497006655 0.007277041207998991 0.007277303375303745 0.00727660208940506 0.007261008955538273 0.0070658838376402855 0.005798433441668749 0.002322922460734844 0.0 0.0017843469977378845 0.005864694714546204 0.007139011286199093 0.006877540610730648 0.005673118866980076 0.0015833755023777485 0.0 0.0 0.0 0.0 0.0215984508395195 0.05437075346708298 0.08678339421749115 0.10591498762369156 0.1071193739771843 0.1283162534236908 0.16410592198371887 0.2662523686885834 0.3948286473751068 0.5110718011856079 0.5365487933158875 0.3211537003517151 0.08518531918525696 0.0 0.0 0.2867846190929413 0.7824517488479614
0.001959817949682474 0.004187964368611574 0.0059601012617349625 0.006838787347078323 0.007157399319112301 0.007246579509228468 0.007269475143402815 0.007275212090462446 0.0072766984812915325 0.007276905234903097 0.007274911273270845 0.007241649553179741 0.006906877271831036 0.0051307519897818565 0.0005222326144576073 0.0 0.0 0.004345224238932133 0.0070497109554708 0.007202578708529472 0.006918269209563732 0.005619481205940247 0.0025789113715291023 0.0 0.0 0.0 0.0 0.000684024766087532 0.021684633567929268 0.051679328083992004 0.08595043420791626 0.14075833559036255 0.2162369042634964 0.3578139543533325 0.46967482566833496 0.5045906901359558 0.4691259264945984 0.27015990018844604 0.114950992166996 0.028746817260980606 0.09013295918703079 0.6798204183578491 1.0956172943115234
0.0010041999630630016 0.0037886537611484528 0.005846526939421892 0.006809048354625702 0.0071467128582298756 0.007242420222610235 0.007267441600561142 0.00727427564561367 0.007276026997715235 0.007275830488651991 0.007271654903888702 0.007224064785987139 0.006846140138804913 0.0051529984921216965 0.0011574076488614082 0.0 0.0 0.0032871696166694164 0.006828146055340767 0.007255625911056995 0.007219868712127209 0.006922490894794464 0.005990860052406788 0.003453308716416359 0.0 0.0 0.0 0.0 0.0 0.020078841596841812 0.07232454419136047 0.14496703445911407 0.28744590282440186 0.44927337765693665 0.5017377138137817 0.44384899735450745 0.4255339801311493 0.33552980422973633 0.25287482142448425 0.2098741978406906 0.3821154534816742 0.9707656502723694 1.1730329990386963
0.0 0.0031156446784734726 0.005586016923189163 0.006725611165165901 0.007121959701180458 0.007234816439449787 0.007265021558851004 0.0072730653919279575 0.007274814415723085 0.007273225579410791 0.007266214583069086 0.0072197639383375645 0.0069395448081195354 0.005862619262188673 0.0036118796560913324 0.0009573977440595627 0.0009128395467996597 0.004071773029863834 0.006753263529390097 0.007249641697853804 0.0072692809626460075 0.0072233350947499275 0.007026036269962788 0.006290074437856674 0.004100277088582516 0.0 0.0 0.0 0.0 0.0 0.05371181294322014 0.16408470273017883 0.34053993225097656 0.5165629386901855 0.5068736672401428 0.4440864622592926 0.5168976783752441 0.5226593613624573 0.45364513993263245 0.4238987863063812 0.6448360085487366 1.0202287435531616 1.2342420816421509
0.0 0.0020021949894726276 0.005057670641690493 0.006555250845849514 0.007070897612720728 0.00722119677811861 0.007261039223521948 0.007271395530551672 0.007272370159626007 0.007266068831086159 0.007250727154314518 0.0072160642594099045 0.007063285447657108 0.006577039137482643 0.005671359598636627 0.004734808579087257 0.004485848359763622 0.005416231695562601 0.006699174642562866 0.0072104972787201405 0.007269448135048151 0.007268088404089212 0.007234049029648304 0.007061515934765339 0.0064005544409155846 0.004417793825268745 0.0 0.0 0.0 0.0 0.08088870346546173 0.2433520406484604 0.44242730736732483 0.562353253364563 0.5177671313285828 0.5418429374694824 0.674706757068634 0.7291540503501892 0.6752820611000061 0.6428756713867188 0.7662302255630493 0.985984206199646 1.3685599565505981
0.0 0.0006626676768064499 0.004386174492537975 0.006325283087790012 0.007014384958893061 0.007207481190562248 0.0072579095140099525 0.007270038593560457 0.007269097492098808 0.007252542767673731 0.007222204003483057 0.007200498133897781 0.007178943138569593 0.007078360300511122 0.006924366112798452 0.006793702952563763 0.006773424334824085 0.006930312141776085 0.0071684373542666435 0.007261543069034815 0.0072760069742798805 0.007276385091245174 0.007272351998835802 0.007246225140988827 0.0071183862164616585 0.006597747094929218 0.004743245430290699 0.0 0.0 0.0 0.0710320696234703 0.246277317404747 0.44339287281036377 0.641521692276001 0.6662023663520813 0.6875976920127869 0.8182768225669861 0.941839873790741 0.9217212796211243 0.8274799585342407 0.8007890582084656 0.9711819291114807 1.4685084819793701
0.0 0.0 0.0035933374892920256 0.006033578887581825 0.00694370036944747 0.007194008212536573 0.007255713455379009 0.0072690867818892 0.0072646294720470905 0.007231156807392836 0.007172394543886185 0.007152261212468147 0.007205483969300985 0.007237043231725693 0.007235598284751177 0.007232015021145344 0.007236827164888382 0.0072489515878260136 0.007266699336469173 0.007275232579559088 0.007277170196175575 0.0072773597203195095 0.007276714313775301 0.007272285874933004 0.00725166080519557 0.007117989473044872 0.0063521042466163635 0.0029957545921206474 0.0 0.0 0.053855061531066895 0.21599368751049042 0.46016570925712585 0.7311059236526489 0.8056809306144714 0.812227725982666 0.9234939217567444 1.0961636304855347 1.1365152597427368 1.003255009651184 0.8846607804298401 0.9971691966056824 1.5003762245178223
0.0 0.0 0.0027366704307496548 0.0057508754543960094 0.006877092178910971 0.00718447333201766 0.007255124393850565 0.007268438581377268 0.007259502075612545 0.007205112837255001 0.007112033199518919 0.0070855626836419106 0.007183562498539686 0.0072575281374156475 0.0072739277966320515 0.007275398820638657 0.007275971584022045 0.007276441436260939 0.007276962976902723 0.007277347147464752 0.007277447730302811 0.007277406752109528 0.007277245633304119 0.007276227697730064 0.007271247915923595 0.0072258817963302135 0.00689234584569931 0.0049701570533216 0.0 0.0 0.019508909434080124 0.19071879982948303 0.45162951946258545 0.7842617034912109 0.9099492430686951 0.9076402187347412 0.985099196434021 1.1733602285385132 1.2867751121520996 1.1819782257080078 0.998278796672821 1.0849919319152832 1.5199682712554932
0.0 0.0 0.001946963369846344 0.0054391780868172646 0.006818251684308052 0.007177686784416437 0.007254505529999733 0.007267810869961977 0.007253221236169338 0.007178875617682934 0.007053459528833628 0.007029623258858919 0.007157600484788418 0.007254903204739094 0.0072746844962239265 0.007276192773133516 0.007276650983840227 0.007276838179677725 0.007277084980159998 0.007277121301740408 0.007277136202901602 0.007277034223079681 0.007277040276676416 0.007276367861777544 0.007272670976817608 0.007230277638882399 0.006864120718091726 0.004707625601440668 0.0 0.0 0.00025747623294591904 0.1869857907295227 0.4867141842842102 0.8362333178520203 0.96280837059021 0.953710675239563 1.0112720727920532 1.2029629945755005 1.3781968355178833 1.3421138525009155 1.1689891815185547 1.210170865058899 1.5560284852981567
0.0 0.0 0.0016582785174250603 0.0053496649488806725 0.0068147024139761925 0.007183142937719822 0.007257032673805952 0.00726891215890646 0.007255382835865021 0.0071934242732822895 0.007092680316418409 0.0070791225880384445 0.007183643523603678 0.0072573209181427956 0.007270968519151211 0.007272481452673674 0.007273994851857424 0.007274731993675232 0.007275757845491171 0.007276061922311783 0.007276358548551798 0.0072764260694384575 0.00727654667571187 0.007276573684066534 0.0072738127782940865 0.007250627502799034 0.007096198387444019 0.0060508111491799355 0.00039174314588308334 0.0 0.0 0.10428422689437866 0.41925814747810364 0.7793443202972412 0.9590521454811096 0.9672891497612 1.0096797943115234 1.217450499534607 1.4619330167770386 1.497581124305725 1.3587428331375122 1.3280209302902222 1.5943576097488403
0.0 0.0 0.001887775957584381 0.005451280158013105 0.006852213758975267 0.007194248028099537 0.00726004084572196 0.007270710542798042 0.007263124920427799 0.007227546535432339 0.007176848128437996 0.007173594553023577 0.007227267138659954 0.0072586978785693645 0.007261690218001604 0.007262955419719219 0.007267126813530922 0.0072706593200564384 0.007272590883076191 0.007273817900568247 0.007274922914803028 0.007274698466062546 0.007275964133441448 0.007276380900293589 0.007274063769727945 0.0072554475627839565 0.007140241097658873 0.0063882083632051945 0.0022247997112572193 0.0 0.0 0.04457002133131027 0.2823461592197418 0.6325373649597168 0.8792938590049744 0.9361597299575806 0.9945011138916016 1.2421983480453491 1.5484205484390259 1.5795973539352417 1.4786200523376465 1.4002233743667603 1.5474905967712402
0.0 0.0 0.0026159347034990788 0.005736354738473892 0.006917266175150871 0.007207470014691353 0.007262845057994127 0.007272485643625259 0.007271057926118374 0.007259403821080923 0.007242238614708185 0.007242974359542131 0.0072539509274065495 0.007252558600157499 0.00724474061280489 0.007249548565596342 0.007258178200572729 0.007263416890054941 0.007268085144460201 0.0072710225358605385 0.007273273542523384 0.00727307191118598 0.007275080308318138 0.007275758311152458 0.007273926865309477 0.007258182857185602 0.007172455079853535 0.006657510530203581 0.0039133536629378796 0.0 0.0 0.0 0.17127293348312378 0.4926123321056366 0.7662336230278015 0.8743170499801636 0.9737211465835571 1.2652028799057007 1.6319397687911987 1.6819595098495483 1.5108815431594849 1.4007606506347656 1.499255895614624
0.0 0.00010258099064230919 0.0037226956337690353 0.006072057411074638 0.006988946348428726 0.007218039128929377 0.007264513056725264 0.007273380644619465 0.0072745587676763535 0.007272567134350538 0.007268915418535471 0.0072661638259887695 0.007255940698087215 0.007232091389596462 0.00721637811511755 0.007218624465167522 0.007237694226205349 0.0072489636950194836 0.007259041536599398 0.0072648492641747 0.007268774788826704 0.007269669324159622 0.007272438146173954 0.007273130118846893 0.007268885616213083 0.007236572913825512 0.007085680961608887 0.006321773864328861 0.0017932397313416004 0.0 0.0 0.0 0.14022907614707947 0.43718239665031433 0.7022212743759155 0.8144799470901489 0.96739661693573 1.3367968797683716 1.6966243982315063 1.6647791862487793 1.4631543159484863 1.3305913209915161 1.4026200771331787
0.0005101622082293034 0.0025345473550260067 0.0049348995089530945 0.0064653679728507996 0.007072745822370052 0.0072315046563744545 0.00726677943021059 0.007274252828210592 0.0072758435271680355 0.0072760386392474174 0.007275527808815241 0.007271953392773867 0.007258518598973751 0.0072214314714074135 0.007198642939329147 0.007205052766948938 0.007232195232063532 0.007247922010719776 0.007260126527398825 0.00726620526984334 0.0072714355774223804 0.007271356415003538 0.007272241171449423 0.007270879577845335 0.007262791506946087 0.0072007994167506695 0.00697845034301281 0.006029353477060795 0.0012852060608565807 0.0 0.0 0.0 0.06667464226484299 0.3082490563392639 0.5738349556922913 0.7425861358642578 0.9567389488220215 1.3568425178527832 1.7150046825408936 1.6073386669158936 1.3826578855514526 1.203902006149292 1.2330037355422974
0.0036882462445646524 0.00472871121019125 0.005973603576421738 0.006797106005251408 0.007142075337469578 0.007243939209729433 0.007268898189067841 0.007274741306900978 0.0072762928903102875 0.0072766924276947975 0.007276642601937056 0.0072742304764688015 0.007262000814080238 0.007223759312182665 0.00720094982534647 0.007211537100374699 0.007239891681820154 0.007259002886712551 0.007267938461154699 0.007271612994372845 0.00727289542555809 0.007272799964994192 0.007271114736795425 0.007262684870511293 0.007243521511554718 0.007158965338021517 0.006779867690056562 0.005528002046048641 0.0017806501127779484 0.0 0.0 0.0 0.025291427969932556 0.26066869497299194 0.5086290836334229 0.6733866333961487 0.9461696147918701 1.3770935535430908 1.6848348379135132 1.4671046733856201 1.2243040800094604 1.0072802305221558 0.9861457943916321
0.005832724738866091 0.006197636481374502 0.006684770341962576 0.007033850532025099 0.007197851315140724 0.007254352327436209 0.007270778529345989 0.007275255862623453 0.007276591844856739 0.00727700674906373 0.007277100346982479 0.007276156451553106 0.007268110755831003 0.007244077045470476 0.00722361309453845 0.007234009448438883 0.007254858035594225 0.007267374079674482 0.007273391354829073 0.007274587173014879 0.007274026051163673 0.00727011589333415 0.0072633964009583 0.007249168120324612 0.007213634438812733 0.007034094538539648 0.00660660257562995 0.00472218357026577 0.00041669048368930817 0.0 0.0 0.0 0.00703961867839098 0.20474764704704285 0.4304281771183014 0.6482611894607544 0.9540084004402161 1.3662195205688477 1.6027467250823975 1.2719649076461792 1.0339248180389404 0.7789162397384644 0.7264125347137451
0.006834077183157206 0.006920612882822752 0.007056800648570061 0.007170282304286957 0.00723514286801219 0.007262146566063166 0.007272306364029646 0.007275726180523634 0.0072768209502100945 0.007277204189449549 0.0072773355059325695 0.007277035620063543 0.007273002527654171 0.007258869707584381 0.007246964145451784 0.0072537935338914394 0.007267581764608622 0.007273050956428051 0.0072744605131447315 0.0072730849497020245 0.00726934801787138 0.0072565944865345955 0.00723795872181654 0.00720709515735507 0.007101230788975954 0.00666552409529686 0.005794665776193142 0.002550677862018347 0.0 0.0 0.0 0.0 0.05336590111255646 0.28811368346214294 0.546113908290863 0.712078869342804 1.0116832256317139 1.3881173133850098 1.435927391052246 1.0066626071929932 0.7620282173156738 0.48915961384773254 0.4357621669769287
0.007172232959419489 0.007184936199337244 0.007210869342088699 0.007238198537379503 0.007257567718625069 0.007268628105521202 0.007274006959050894 0.0072762323543429375 0.007277083583176136 0.007277371361851692 0.007277468219399452 0.007277436088770628 0.007276411168277264 0.007271448615938425 0.007268843706697226 0.0072709438391029835 0.0072747040539979935 0.0072751734405756 0.007273698691278696 0.007266683038324118 0.007248895708471537 0.007217290345579386 0.0071630231104791164 0.007110570091754198 0.006918221712112427 0.006157601717859507 0.0049045030027627945 0.0009005190804600716 0.0 0.0 0.0 0.0 0.10169967263936996 0.3576548993587494 0.5448793172836304 0.7489541172981262 1.0517768859863281 1.3522135019302368 1.273760199546814 0.7591248154640198 0.4605567157268524 0.18362663686275482 0.10341005772352219
0.007255875505506992 0.00725696561858058 0.007260212209075689 0.0072647989727556705 0.007269248832017183 0.007272902876138687 0.007275449577718973 0.0072767422534525394 0.007277281954884529 0.007277465425431728 0.007277521304786205 0.007277526427060366 0.007277339231222868 0.007276461459696293 0.007275959011167288 0.007276262156665325 0.007276535499840975 0.007275145500898361 0.007267878856509924 0.007246732711791992 0.007194924168288708 0.007097408175468445 0.007025482133030891 0.006922646425664425 0.006757508032023907 0.005529493559151888 0.003998086787760258 0.0 0.0 0.0 0.0 0.0327797532081604 0.17204052209854126 0.4486894905567169 0.6172690391540527 0.8137418031692505 1.103779673576355 1.3148950338363647 1.1016210317611694 0.47137945890426636 0.15036547183990479 0.0 0.0
