2D_landslide/Landslide/figures/2h.txt
ncols   200
nrows   200
xllcorner   0
yllcorner   0
cellsize   12.5
NODATA_value   -9999.00000
[rows 133 to 151 of 200, columns 0 to 42 of 200]
0.00726788304746151 0.007274765986949205 0.0072772386483848095 0.0072775352746248245 0.0072775487788021564 0.007277549244463444 0.0072775487788021564 0.0072775473818182945 0.007277541793882847 0.007277525961399078 0.007277496159076691 0.007277460768818855 0.007277437951415777 0.00727744260802865 0.007277480326592922 0.0072775231674313545 0.007277544122189283 0.0072775487788021564 0.007277549244463444 0.007277549244463444 0.007277549244463444 0.007277549244463444 0.007277549244463444 0.007277549244463444 0.007277547847479582 0.0072775064036250114 0.0072771175764501095 0.0072756558656692505 0.007273304276168346 0.007269400637596846 0.007246443070471287 0.007176960352808237 0.00700040441006422 0.00675805751234293 0.00652292650192976 0.006548299454152584 0.00688306475058198 0.007110247854143381 0.0072252387180924416 0.007262472994625568 0.007275659125298262 0.007277417462319136 0.007277547847479582
0.007274464704096317 0.0072769406251609325 0.007277507800608873 0.007277548313140869 0.007277549244463444 0.007277548313140869 0.0072775427252054214 0.007277504075318575 0.007277302909642458 0.007276585791260004 0.0072751580737531185 0.007273818366229534 0.00727376714348793 0.007275124080479145 0.007276677060872316 0.007277391850948334 0.007277536205947399 0.0072775487788021564 0.007277549244463444 0.007277549244463444 0.007277549244463444 0.007277549244463444 0.007277549244463444 0.007277549244463444 0.007277547847479582 0.007277494762092829 0.0072768027894198895 0.007273380178958178 0.007265815511345863 0.0072615500539541245 0.00725264847278595 0.007218433078378439 0.007133424747735262 0.0070016831159591675 0.006857599597424269 0.006748233921825886 0.006830332335084677 0.007079885806888342 0.007210170850157738 0.007258288562297821 0.00727529963478446 0.0072773527354002 0.00727754645049572
0.007276924327015877 0.007277459371834993 0.007277545053511858 0.007277549244463444 0.007277548313140869 0.007277542259544134 0.007277488708496094 0.00727705517783761 0.007274536415934563 0.007265159860253334 0.0072472612373530865 0.007233108393847942 0.007238606456667185 0.007258363999426365 0.007272908464074135 0.007277060300111771 0.007277528289705515 0.0072775487788021564 0.007277549244463444 0.007277549244463444 0.007277549244463444 0.007277549244463444 0.007277549244463444 0.007277549244463444 0.0072775487788021564 0.00727752735838294 0.007277106866240501 0.007274227682501078 0.0072645884938538074 0.0072557381354272366 0.007250893395394087 0.007239886559545994 0.007206939626485109 0.007150236051529646 0.007080815266817808 0.0070224604569375515 0.007055317517369986 0.007145071402192116 0.007232947275042534 0.007264603860676289 0.007276369724422693 0.007277500815689564 0.007277548313140869
0.007277476601302624 0.007277540862560272 0.0072775487788021564 0.0072775487788021564 0.007277545053511858 0.0072775124572217464 0.007277206052094698 0.007274737115949392 0.007260981481522322 0.007214146666228771 0.007135446183383465 0.0070898025296628475 0.007133550476282835 0.007219589315354824 0.00726710818707943 0.007276812102645636 0.007277530152350664 0.007277549244463444 0.007277549244463444 0.007277549244463444 0.007277549244463444 0.007277549244463444 0.007277549244463444 0.007277549244463444 0.007277549244463444 0.007277546916157007 0.0072774686850607395 0.007276665419340134 0.0072720348834991455 0.007263563107699156 0.007253839634358883 0.007243409287184477 0.0072264098562300205 0.007206013426184654 0.007179087493568659 0.007159232161939144 0.007163420785218477 0.007209609728306532 0.0072533003985881805 0.0072718337178230286 0.00727712782099843 0.007277537602931261 0.007277549244463444
0.007277545519173145 0.0072775487788021564 0.0072775487788021564 0.007277547847479582 0.007277537137269974 0.00727743050083518 0.0072764139622449875 0.007268660236150026 0.007229367271065712 0.007115618325769901 0.006959284655749798 0.006909994874149561 0.007037699222564697 0.0071992650628089905 0.007266755681484938 0.007276995573192835 0.007277538999915123 0.007277549244463444 0.007277549244463444 0.007277549244463444 0.007277549244463444 0.007277549244463444 0.007277549244463444 0.007277549244463444 0.007277549244463444 0.007277549244463444 0.007277544587850571 0.007277463097125292 0.007276616990566254 0.007273041643202305 0.007264511659741402 0.0072470554150640965 0.007205442059785128 0.007142810616642237 0.0070684319362044334 0.006975763943046331 0.006907403469085693 0.006977967452257872 0.0071461498737335205 0.007255167700350285 0.007276879157871008 0.007277544587850571 0.007277549244463444
0.007277549244463444 0.007277549244463444 0.007277549244463444 0.007277547847479582 0.007277532946318388 0.007277364376932383 0.007275654003024101 0.007262773811817169 0.007202256470918655 0.007046801503747702 0.00686914985999465 0.006863643880933523 0.007052934728562832 0.007220106665045023 0.007271572481840849 0.007277315948158503 0.007277545984834433 0.007277549244463444 0.007277549244463444 0.007277549244463444 0.007277549244463444 0.007277549244463444 0.007277549244463444 0.007277549244463444 0.007277549244463444 0.007277549244463444 0.007277549244463444 0.00727754645049572 0.007277469616383314 0.007276863791048527 0.007273340597748756 0.0072573646903038025 0.0071789901703596115 0.006979397498071194 0.006575562059879303 0.005991148762404919 0.004893679171800613 0.0048100268468260765 0.005591919180005789 0.00680049043148756 0.007242613006383181 0.007277022115886211 0.0072775487788021564
0.007277549244463444 0.007277549244463444 0.007277549244463444 0.0072775487788021564 0.0072775413282215595 0.007277439348399639 0.007276269607245922 0.00726679852232337 0.007222326938062906 0.007108071353286505 0.006982853636145592 0.006996604148298502 0.007143635768443346 0.007249560672789812 0.0072752442210912704 0.0072774747386574745 0.007277548313140869 0.007277549244463444 0.007277549244463444 0.007277549244463444 0.007277549244463444 0.007277549244463444 0.007277549244463444 0.007277549244463444 0.007277549244463444 0.007277549244463444 0.007277549244463444 0.007277549244463444 0.007277545519173145 0.007277471013367176 0.007276417687535286 0.007265609223395586 0.007168776821345091 0.006745517253875732 0.005541094578802586 0.003375404281541705 0.0 0.0 0.00016768276691436768 0.00426077377051115 0.006848403252661228 0.007266317028552294 0.007277521770447493
0.007277549244463444 0.007277549244463444 0.007277549244463444 0.007277549244463444 0.007277547847479582 0.007277528289705515 0.007277255412191153 0.0072746798396110535 0.007261583115905523 0.007223677355796099 0.007174867205321789 0.007173054851591587 0.0072278729639947414 0.007267685141414404 0.007276790216565132 0.007277525495737791 0.0072775487788021564 0.007277549244463444 0.007277549244463444 0.007277549244463444 0.007277549244463444 0.007277549244463444 0.007277549244463444 0.007277549244463444 0.007277549244463444 0.007277549244463444 0.007277549244463444 0.007277549244463444 0.0072775487788021564 0.007277540862560272 0.007277274504303932 0.0072712949477136135 0.007155907340347767 0.0065026432275772095 0.00416193250566721 0.0 0.0 0.0 0.0 0.0 0.00548388808965683 0.007184091489762068 0.007276729680597782
0.007277549244463444 0.007277549244463444 0.007277549244463444 0.007277549244463444 0.007277549244463444 0.007277548313140869 0.007277530152350664 0.007277331314980984 0.007276124786585569 0.00727173313498497 0.00726387370377779 0.007260468788444996 0.007267785258591175 0.007275212090462446 0.00727732852101326 0.007277540396898985 0.007277549244463444 0.007277549244463444 0.007277549244463444 0.007277549244463444 0.007277549244463444 0.007277549244463444 0.007277549244463444 0.007277549244463444 0.007277549244463444 0.007277549244463444 0.007277549244463444 0.007277549244463444 0.007277548313140869 0.007277542259544134 0.007277421187609434 0.007273126859217882 0.00715678371489048 0.0062740277498960495 0.002779983915388584 0.0 0.0 0.0 0.0 0.0 0.002804056741297245 0.006945001892745495 0.007235574536025524
0.007277549244463444 0.007277549244463444 0.007277549244463444 0.007277549244463444 0.007277549244463444 0.007277549244463444 0.0072775487788021564 0.007277545519173145 0.007277518045157194 0.007277382537722588 0.0072769890539348125 0.007276528514921665 0.007276703137904406 0.007277233526110649 0.007277499884366989 0.007277545519173145 0.007277549244463444 0.007277549244463444 0.007277549244463444 0.007277549244463444 0.007277549244463444 0.007277549244463444 0.007277549244463444 0.007277549244463444 0.007277549244463444 0.007277549244463444 0.007277549244463444 0.0072775487788021564 0.007277544122189283 0.007277505472302437 0.007277266122400761 0.007273921277374029 0.00716871302574873 0.00621182331815362 0.0027203168720006943 0.0 0.0 0.0 0.0 0.0 0.0 0.005347957368940115 0.00571477971971035
0.007277549244463444 0.007277549244463444 0.007277549244463444 0.007277549244463444 0.007277549244463444 0.007277549244463444 0.007277549244463444 0.007277549244463444 0.007277549244463444 0.007277548313140869 0.007277544587850571 0.007277532946318388 0.0072775231674313545 0.007277528755366802 0.007277542259544134 0.007277547847479582 0.007277549244463444 0.007277549244463444 0.007277549244463444 0.007277549244463444 0.007277549244463444 0.007277549244463444 0.007277549244463444 0.007277549244463444 0.007277549244463444 0.007277549244463444 0.007277549244463444 0.007277547847479582 0.007277526427060366 0.007277340162545443 0.0072763762436807156 0.007271428592503071 0.007163552567362785 0.006135731935501099 0.002398464363068342 0.0 0.0 0.0 0.0 0.0 0.0 0.001829255372285843 0.0
0.007277549244463444 0.007277549244463444 0.007277549244463444 0.007277549244463444 0.007277549244463444 0.007277549244463444 0.007277549244463444 0.007277549244463444 0.007277549244463444 0.007277549244463444 0.007277549244463444 0.007277549244463444 0.0072775487788021564 0.0072775487788021564 0.0072775487788021564 0.0072775487788021564 0.007277549244463444 0.007277549244463444 0.007277549244463444 0.007277549244463444 0.007277549244463444 0.007277549244463444 0.007277549244463444 0.007277549244463444 0.007277549244463444 0.007277549244463444 0.007277549244463444 0.007277545984834433 0.007277495227754116 0.00727705005556345 0.00727491918951273 0.0072676753625273705 0.007170668337494135 0.006266807205975056 0.00301078287884593 0.0 0.0 0.0 0.0 0.0024097198620438576 0.0030764294788241386 0.0 0.0
0.007277549244463444 0.007277549244463444 0.007277549244463444 0.007277549244463444 0.007277549244463444 0.007277549244463444 0.007277549244463444 0.007277549244463444 0.007277549244463444 0.007277549244463444 0.007277549244463444 0.007277549244463444 0.007277549244463444 0.007277549244463444 0.007277549244463444 0.007277549244463444 0.007277549244463444 0.007277549244463444 0.007277549244463444 0.007277549244463444 0.007277549244463444 0.007277549244463444 0.007277549244463444 0.007277549244463444 0.007277549244463444 0.007277549244463444 0.007277549244463444 0.007277545984834433 0.007277488708496094 0.007277023512870073 0.007274843752384186 0.007269065361469984 0.007211723364889622 0.006678733974695206 0.004481783136725426 0.0013633384369313717 0.0 0.0 0.0027783820405602455 0.005261839367449284 0.0029774876311421394 0.0 0.0
0.007277549244463444 0.007277549244463444 0.007277549244463444 0.007277549244463444 0.007277549244463444 0.007277549244463444 0.007277549244463444 0.007277549244463444 0.007277549244463444 0.007277549244463444 0.007277549244463444 0.007277549244463444 0.007277549244463444 0.007277549244463444 0.007277549244463444 0.007277549244463444 0.007277549244463444 0.007277549244463444 0.007277549244463444 0.007277549244463444 0.007277549244463444 0.007277549244463444 0.007277549244463444 0.007277549244463444 0.007277549244463444 0.007277549244463444 0.007277549244463444 0.0072775473818182945 0.007277521304786205 0.007277321070432663 0.00727646192535758 0.007274258881807327 0.007255683187395334 0.007054608780890703 0.006229630671441555 0.004880688153207302 0.0035932266619056463 0.004429863765835762 0.0056453002616763115 0.006497588474303484 0.003058518748730421 0.0 0.0
0.007277549244463444 0.007277549244463444 0.007277549244463444 0.007277549244463444 0.007277549244463444 0.007277549244463444 0.007277549244463444 0.007277549244463444 0.007277549244463444 0.007277549244463444 0.007277549244463444 0.007277549244463444 0.007277549244463444 0.007277549244463444 0.007277549244463444 0.007277549244463444 0.007277549244463444 0.007277549244463444 0.007277549244463444 0.007277549244463444 0.007277549244463444 0.007277549244463444 0.007277549244463444 0.007277549244463444 0.007277549244463444 0.007277549244463444 0.007277549244463444 0.0072775487788021564 0.007277543190866709 0.007277504075318575 0.007277349010109901 0.007276966702193022 0.007273510564118624 0.0072347549721598625 0.007041458506137133 0.006652136333286762 0.006219301838427782 0.0063412850722670555 0.0066627259366214275 0.0064773280173540115 0.0018948200158774853 0.0 0.0
0.007277549244463444 0.007277549244463444 0.007277549244463444 0.007277549244463444 0.007277549244463444 0.007277549244463444 0.007277549244463444 0.007277549244463444 0.007277549244463444 0.007277549244463444 0.007277549244463444 0.007277549244463444 0.007277549244463444 0.007277549244463444 0.007277549244463444 0.007277549244463444 0.007277549244463444 0.007277549244463444 0.007277549244463444 0.007277549244463444 0.007277549244463444 0.007277549244463444 0.007277549244463444 0.007277549244463444 0.007277549244463444 0.007277549244463444 0.007277549244463444 0.007277549244463444 0.0072775487788021564 0.007277545053511858 0.007277533411979675 0.007277504540979862 0.007277267519384623 0.007274069357663393 0.007252908311784267 0.0071885487996041775 0.007091096136718988 0.00707671232521534 0.006983505561947823 0.006314592901617289 0.001223290804773569 0.0 0.0
0.007277549244463444 0.007277549244463444 0.007277549244463444 0.007277549244463444 0.007277549244463444 0.007277549244463444 0.007277549244463444 0.007277549244463444 0.007277549244463444 0.007277549244463444 0.007277549244463444 0.007277549244463444 0.007277549244463444 0.007277549244463444 0.007277549244463444 0.007277549244463444 0.007277549244463444 0.007277549244463444 0.007277549244463444 0.007277549244463444 0.007277549244463444 0.007277549244463444 0.007277549244463444 0.007277549244463444 0.007277549244463444 0.007277549244463444 0.007277549244463444 0.007277549244463444 0.007277549244463444 0.007277549244463444 0.0072775487788021564 0.0072775473818182945 0.007277541793882847 0.007277443539351225 0.007276517804712057 0.007272489368915558 0.007262092549353838 0.0072412509471178055 0.0070914337411522865 0.006223837845027447 0.001894339919090271 0.0 0.0
0.007277549244463444 0.007277549244463444 0.007277549244463444 0.007277549244463444 0.007277549244463444 0.007277549244463444 0.007277549244463444 0.007277549244463444 0.007277549244463444 0.007277549244463444 0.007277549244463444 0.007277549244463444 0.007277549244463444 0.007277549244463444 0.007277549244463444 0.007277549244463444 0.007277549244463444 0.007277549244463444 0.007277549244463444 0.007277549244463444 0.007277549244463444 0.007277549244463444 0.007277549244463444 0.007277549244463444 0.007277549244463444 0.007277549244463444 0.007277549244463444 0.007277549244463444 0.007277549244463444 0.007277549244463444 0.007277549244463444 0.007277549244463444 0.007277549244463444 0.007277548313140869 0.007277533877640963 0.00727743050083518 0.007276865653693676 0.007270047906786203 0.00716871814802289 0.006468813866376877 0.00393059803172946 0.0003141290508210659 4.6001747250556946e-05
0.007277549244463444 0.007277549244463444 0.007277549244463444 0.007277549244463444 0.007277549244463444 0.007277549244463444 0.007277549244463444 0.007277549244463444 0.007277549244463444 0.007277549244463444 0.007277549244463444 0.007277549244463444 0.007277549244463444 0.007277549244463444 0.007277549244463444 0.007277549244463444 0.007277549244463444 0.007277549244463444 0.007277549244463444 0.007277549244463444 0.007277549244463444 0.007277549244463444 0.007277549244463444 0.007277549244463444 0.007277549244463444 0.007277549244463444 0.007277549244463444 0.007277549244463444 0.007277549244463444 0.007277549244463444 0.007277549244463444 0.007277549244463444 0.007277549244463444 0.007277549244463444 0.007277549244463444 0.007277547847479582 0.007277507334947586 0.007275482639670372 0.007221569307148457 0.0067733959294855595 0.005377775989472866 0.004020274616777897 0.004526425153017044
