2D_landslide/Landslide/figures/2h.txt
ncols   200
nrows   200
xllcorner   0
yllcorner   0
cellsize   12.5
NODATA_value   -9999.00000
[rows 38 to 56 of 200, columns 86 to 128 of 200]
1.022782564163208 1.2542961835861206 1.955847978591919 2.940931558609009 3.8593099117279053 4.650754451751709 5.347193717956543 6.892655849456787 8.548356056213379 9.740675926208496 10.369728088378906 10.719882011413574 11.301023483276367 12.041539192199707 12.642544746398926 13.312294006347656 14.158111572265625 14.814353942871094 15.671114921569824 16.618350982666016 17.289424896240234 17.900493621826172 18.14225959777832 18.162826538085938 17.732398986816406 16.723703384399414 14.974034309387207 12.504111289978027 10.24504280090332 8.73123550415039 7.577080726623535 6.396128177642822 5.259505271911621 4.181646347045898 3.3812990188598633 3.1447372436523438 2.9475862979888916 3.3475377559661865 3.7029378414154053 3.8744616508483887 3.4844977855682373 3.004500389099121 2.547372341156006
1.2216930389404297 1.7382174730300903 2.4962124824523926 3.489820718765259 4.338813304901123 5.008237361907959 6.234633922576904 8.260000228881836 9.989367485046387 11.186396598815918 11.966174125671387 12.562732696533203 13.3880615234375 14.166679382324219 14.544594764709473 14.849035263061523 15.277552604675293 15.727231979370117 16.264850616455078 16.9332332611084 17.3804988861084 17.7486515045166 17.755828857421875 17.435579299926758 16.78754997253418 15.75583267211914 14.255773544311523 12.09947395324707 10.202013969421387 8.612003326416016 7.550719261169434 6.265595436096191 5.025270462036133 3.8320600986480713 3.242095708847046 3.0220508575439453 2.8734123706817627 3.2806389331817627 3.6998419761657715 3.9142255783081055 3.6493542194366455 3.11830735206604 2.5469791889190674
1.5601129531860352 2.122737407684326 2.9311420917510986 3.9030563831329346 4.51627254486084 5.519317626953125 7.103012561798096 9.3302640914917 11.283059120178223 12.514857292175293 13.430159568786621 14.291910171508789 15.401124000549316 16.12412452697754 16.31429100036621 16.41533851623535 16.57600212097168 16.59157943725586 16.611736297607422 16.880393981933594 17.183195114135742 17.242860794067383 16.975425720214844 16.3713436126709 15.433749198913574 14.230792999267578 12.820977210998535 11.475789070129395 10.016840934753418 8.599186897277832 7.380480766296387 6.048125267028809 5.036973476409912 3.6159799098968506 3.073643684387207 2.9720077514648438 2.9201340675354004 3.2389798164367676 3.6907758712768555 3.9297690391540527 3.7025482654571533 3.0586695671081543 2.529914617538452
1.780035376548767 2.3215415477752686 3.1729276180267334 3.9668266773223877 4.757711410522461 5.826103210449219 7.754409313201904 9.98828411102295 12.151188850402832 13.356842994689941 14.553691864013672 15.791497230529785 16.94159698486328 17.58152198791504 17.649673461914062 17.586021423339844 17.403064727783203 16.98159408569336 16.7137508392334 16.558923721313477 16.44482421875 16.240371704101562 15.756515502929688 14.956628799438477 13.834741592407227 12.440991401672363 11.04997444152832 10.383933067321777 9.725656509399414 8.487838745117188 7.072294235229492 5.662195205688477 4.604714870452881 3.4087631702423096 3.0531530380249023 2.9775633811950684 2.949230670928955 3.202770709991455 3.6463217735290527 3.867326021194458 3.648371696472168 2.988450050354004 2.4526054859161377
1.9299259185791016 2.449566125869751 3.3926568031311035 3.9979159832000732 4.793190956115723 5.903051376342773 8.147273063659668 10.2714204788208 12.44052791595459 13.77254867553711 15.370007514953613 16.810029983520508 17.9199275970459 18.497989654541016 18.436071395874023 18.164953231811523 17.63376808166504 16.934677124023438 16.399290084838867 15.986334800720215 15.4111328125 14.825817108154297 14.191466331481934 13.275053977966309 12.069560050964355 10.71215534210205 9.771632194519043 9.489166259765625 9.20422649383545 8.593167304992676 7.082952976226807 5.595908164978027 4.271477222442627 3.4698684215545654 3.154829502105713 3.169360637664795 2.941585063934326 3.166351318359375 3.556943416595459 3.777829885482788 3.690349817276001 3.120488166809082 2.4674737453460693
1.9695396423339844 2.563086986541748 3.348924160003662 3.844085216522217 4.623586654663086 5.919890880584717 8.098653793334961 10.30940055847168 12.233309745788574 13.850181579589844 15.73232364654541 17.197277069091797 18.23950958251953 18.755203247070312 18.58966636657715 18.162887573242188 17.2615966796875 16.360916137695312 15.731603622436523 15.092118263244629 14.285334587097168 13.333425521850586 12.407455444335938 11.43775463104248 10.33953857421875 9.398324012756348 8.957772254943848 8.691758155822754 8.439781188964844 8.214653015136719 6.973662376403809 5.4552788734436035 4.082024097442627 3.539015769958496 3.2706029415130615 3.276796579360962 2.99499249458313 3.093982458114624 3.406620740890503 3.606595993041992 3.5169312953948975 2.857974052429199 2.3060860633850098
2.045337677001953 2.6538033485412598 3.089860677719116 3.6385674476623535 4.476318359375 5.862950325012207 7.8550825119018555 10.149200439453125 11.829340934753418 13.786955833435059 15.706528663635254 17.093868255615234 18.00760841369629 18.429052352905273 18.231224060058594 17.713314056396484 16.79150390625 15.862614631652832 14.9452486038208 14.025450706481934 13.075018882751465 11.991059303283691 10.840224266052246 9.805378913879395 8.977872848510742 8.47983169555664 8.269526481628418 7.939453125 7.751274108886719 7.689540386199951 6.8630900382995605 5.406362533569336 4.041377544403076 3.557796001434326 3.399168014526367 3.373955249786377 3.01479434967041 3.0333845615386963 3.245476007461548 3.4538047313690186 3.3759565353393555 2.7340404987335205 2.2591311931610107
2.052257776260376 2.491859197616577 2.9023075103759766 3.5019476413726807 4.391871929168701 5.758110523223877 7.813773155212402 9.875581741333008 11.427024841308594 13.425107955932617 15.25791072845459 16.54653549194336 17.349157333374023 17.776874542236328 17.594966888427734 17.196645736694336 16.564176559448242 15.689129829406738 14.610041618347168 13.34350872039795 12.067458152770996 10.942771911621094 9.828446388244629 8.796433448791504 8.094918251037598 7.740393161773682 7.5261759757995605 7.228672981262207 7.150870323181152 7.193782329559326 6.699230670928955 5.376349925994873 4.050439357757568 3.5564141273498535 3.5643062591552734 3.4288787841796875 3.1751294136047363 2.9721181392669678 3.0987823009490967 3.328955888748169 3.2692079544067383 2.6526336669921875 2.241586685180664
1.9091062545776367 2.330233335494995 2.835334539413452 3.539668321609497 4.439980983734131 5.791018486022949 8.00202465057373 9.825581550598145 11.167488098144531 12.822037696838379 14.462855339050293 15.641918182373047 16.378843307495117 16.84272003173828 16.855045318603516 16.771167755126953 16.36199188232422 15.672172546386719 14.869294166564941 13.546516418457031 11.980762481689453 10.549360275268555 9.304346084594727 8.24171257019043 7.513235092163086 7.171895503997803 6.871538162231445 6.630061149597168 6.677711486816406 6.68004846572876 6.5321855545043945 5.400904655456543 4.1237006187438965 3.5487725734710693 3.7462751865386963 3.5093352794647217 3.2282490730285645 2.977572441101074 2.925905227661133 3.0611917972564697 3.1255669593811035 2.92547869682312 2.3652617931365967
1.7311772108078003 2.2575135231018066 2.934354305267334 3.7212753295898438 4.608270168304443 5.927331447601318 7.974669456481934 9.798998832702637 11.081670761108398 12.346229553222656 13.63115119934082 14.613734245300293 15.312511444091797 15.859968185424805 16.20075225830078 16.390012741088867 16.231090545654297 15.837613105773926 15.279090881347656 14.270440101623535 12.7550048828125 11.025349617004395 9.42439079284668 8.04439926147461 7.152750015258789 6.705350875854492 6.3274078369140625 6.123873710632324 6.188827037811279 6.13567590713501 6.22022819519043 5.228857517242432 4.049470901489258 3.5739803314208984 3.80842924118042 3.532700777053833 3.212283134460449 2.9334168434143066 2.820148468017578 2.8559677600860596 2.910839557647705 2.8439652919769287 2.3933093547821045
1.59990394115448 2.2943665981292725 3.1261613368988037 3.899820566177368 4.757026195526123 5.991547584533691 7.765018463134766 9.453060150146484 10.74862003326416 11.883795738220215 12.980432510375977 13.902620315551758 14.640419006347656 15.287446975708008 15.694618225097656 15.911121368408203 15.903390884399414 15.790945053100586 15.649608612060547 14.763238906860352 13.77125072479248 12.116735458374023 10.328641891479492 8.424724578857422 7.1175761222839355 6.330987453460693 5.813784122467041 5.6026411056518555 5.627885818481445 5.513193130493164 5.817826747894287 5.075174331665039 4.010522842407227 3.533393383026123 3.822869062423706 3.570932388305664 3.1801912784576416 2.878817319869995 2.722670316696167 2.6835086345672607 2.6682558059692383 2.7114734649658203 2.3023793697357178
1.545310139656067 2.292323589324951 3.236865997314453 4.007467746734619 4.7502641677856445 5.82258415222168 7.367239952087402 8.888753890991211 10.039237022399902 11.148201942443848 12.300674438476562 13.282026290893555 14.039587020874023 14.569151878356934 14.867666244506836 15.232437133789062 15.429338455200195 15.47205638885498 15.2322998046875 14.749239921569824 13.79470157623291 12.712398529052734 11.052878379821777 9.128243446350098 7.415106773376465 6.097360134124756 5.288154602050781 4.995738983154297 4.942490577697754 4.863919734954834 5.2240142822265625 4.860909461975098 3.907733917236328 3.437394142150879 3.782245397567749 3.5459818840026855 3.136641502380371 2.8051300048828125 2.6282317638397217 2.553328514099121 2.5136873722076416 2.5356175899505615 2.1515541076660156
1.5053833723068237 2.181652784347534 3.1644365787506104 3.993760585784912 4.628432273864746 5.474875450134277 6.869112968444824 8.238502502441406 9.278336524963379 10.31855583190918 11.451820373535156 12.445043563842773 13.163448333740234 13.665543556213379 14.171905517578125 14.691368103027344 15.140289306640625 15.277555465698242 15.200163841247559 14.594802856445312 13.718663215637207 12.780378341674805 11.622086524963379 9.926985740661621 8.079255104064941 6.260372161865234 4.8890533447265625 4.282652378082275 4.159855842590332 4.107602596282959 4.2342681884765625 4.603725433349609 3.8784825801849365 3.3336825370788574 3.638786554336548 3.582632064819336 3.1091816425323486 2.77125883102417 2.5494346618652344 2.4643125534057617 2.456655979156494 2.3271188735961914 2.023793935775757
1.410023808479309 1.9560704231262207 2.8289284706115723 3.748262882232666 4.393033504486084 5.067719459533691 6.280816555023193 7.5608906745910645 8.532514572143555 9.490405082702637 10.574156761169434 11.514825820922852 12.23165225982666 12.768975257873535 13.298958778381348 14.028712272644043 14.623786926269531 14.895490646362305 14.855875968933105 14.340022087097168 13.641345977783203 12.723698616027832 11.56865119934082 10.16950511932373 8.46111011505127 6.516501426696777 4.681451797485352 3.7537646293640137 3.438399076461792 3.305299758911133 3.366692066192627 4.167858123779297 3.809282064437866 3.2317001819610596 3.3498034477233887 3.4486124515533447 2.8862733840942383 2.647784948348999 2.460045576095581 2.4560933113098145 2.4781157970428467 2.2496418952941895 1.8427116870880127
1.2035493850708008 1.6849852800369263 2.385977268218994 3.2908737659454346 3.9948484897613525 4.5994439125061035 5.7705397605896 7.07303524017334 8.03396987915039 8.874576568603516 9.878663063049316 10.835846900939941 11.541458129882812 12.05275821685791 12.753007888793945 13.569299697875977 14.236058235168457 14.618010520935059 14.647226333618164 14.294273376464844 13.670944213867188 12.777327537536621 11.736625671386719 10.413385391235352 8.98461627960205 6.9614129066467285 4.881826400756836 3.5554568767547607 2.941983461380005 2.5732831954956055 2.528812885284424 3.2627110481262207 3.7153916358947754 3.12813401222229 3.029355764389038 3.1917812824249268 2.7601318359375 2.544828176498413 2.429126739501953 2.494023084640503 2.448904514312744 2.091750383377075 1.6649647951126099
0.9535985589027405 1.3645461797714233 1.9449243545532227 2.690504789352417 3.4541068077087402 4.0993242263793945 5.197054386138916 6.67480993270874 7.824974536895752 8.600677490234375 9.53152847290039 10.424823760986328 11.039127349853516 11.546375274658203 12.431438446044922 13.3405179977417 14.064620018005371 14.429242134094238 14.44689655303955 14.206080436706543 13.707794189453125 12.968688011169434 11.950342178344727 10.74964427947998 9.315396308898926 7.446446418762207 5.396729946136475 3.7316977977752686 2.7354114055633545 2.2080559730529785 2.009995460510254 2.37408447265625 3.3933844566345215 3.0235373973846436 2.797332286834717 2.737173318862915 2.6758384704589844 2.4820220470428467 2.4373128414154053 2.4668197631835938 2.2922072410583496 1.8698195219039917 1.495839238166809
0.7329343557357788 1.0721359252929688 1.5973855257034302 2.2020580768585205 2.8531014919281006 3.602780818939209 4.6254425048828125 6.175533294677734 7.563490867614746 8.317560195922852 8.956958770751953 9.724714279174805 10.306926727294922 11.039779663085938 12.069663047790527 13.101831436157227 13.942648887634277 14.387059211730957 14.5380859375 14.358448028564453 13.931188583374023 13.295842170715332 12.424339294433594 11.268277168273926 9.953639030456543 8.07048225402832 6.100555896759033 4.376623153686523 2.9551925659179688 2.219241142272949 1.984344720840454 1.7851157188415527 2.5028038024902344 2.955368995666504 2.620159387588501 2.334723472595215 2.5860037803649902 2.4569382667541504 2.3729512691497803 2.3266959190368652 2.0959391593933105 1.7226589918136597 1.3970266580581665
0.49337318539619446 0.849270224571228 1.3276362419128418 1.8502224683761597 2.386892318725586 3.146530866622925 4.25248384475708 5.650860786437988 7.192889213562012 7.988060474395752 8.428877830505371 8.933135032653809 9.469128608703613 10.484067916870117 11.686932563781738 12.863212585449219 13.799322128295898 14.38648796081543 14.72533893585205 14.696687698364258 14.29421615600586 13.70163345336914 12.933747291564941 11.92786693572998 10.656964302062988 8.749432563781738 6.763851165771484 5.130720615386963 3.4807395935058594 2.4053308963775635 2.1241464614868164 1.7940829992294312 1.7757248878479004 2.7520358562469482 2.522998332977295 2.131143808364868 2.098710060119629 2.342142105102539 2.336599588394165 2.2006640434265137 1.8763536214828491 1.508864402770996 1.282918095588684
0.23796012997627258 0.6316506266593933 1.1445708274841309 1.6736633777618408 2.088819980621338 2.8710389137268066 4.095514297485352 5.43389368057251 6.893250942230225 7.641429901123047 8.040678977966309 8.336478233337402 8.896121978759766 10.22881031036377 11.50544261932373 12.742859840393066 13.704795837402344 14.485820770263672 14.957099914550781 15.093887329101562 14.811760902404785 14.253876686096191 13.531941413879395 12.655352592468262 11.46212387084961 9.581724166870117 7.638121128082275 5.990447044372559 4.295657634735107 2.818215847015381 2.3064239025115967 2.1314644813537598 1.494794249534607 2.1525261402130127 2.4385340213775635 2.0605854988098145 1.7487484216690063 1.9510184526443481 2.2943973541259766 2.052616596221924 1.6686822175979614 1.3758448362350464 1.2402002811431885
