2D_landslide/Landslide/figures/2h.txt
ncols   200
nrows   200
xllcorner   0
yllcorner   0
cellsize   12.5
NODATA_value   -9999.00000
[rows 76 to 94 of 200, columns 43 to 85 of 200]
0.007277429569512606 0.007277440745383501 0.007277484983205795 0.007277513854205608 0.007277526892721653 0.007277530152350664 0.007277525030076504 0.007277480326592922 0.007277303375303745 0.007276665885001421 0.007275985553860664 0.007275794632732868 0.007276255637407303 0.007276539225131273 0.007276767399162054 0.0072766742669045925 0.007277108263224363 0.007277392316609621 0.007277485448867083 0.007277499418705702 0.007277404889464378 0.007276738528162241 0.007266170810908079 0.007171137724071741 0.006647904869168997 0.004353501833975315 0.0005343351513147354 0.0 0.0 0.0 0.0 0.0 0.0 0.16666468977928162 0.3302350640296936 0.5393455624580383 0.8828186392784119 1.1121785640716553 0.9183673858642578 0.5809050798416138 0.3262471854686737 0.21601614356040955 0.0
0.0072775231674313545 0.007277527824044228 0.007277537137269974 0.007277541793882847 0.0072775427252054214 0.007277539931237698 0.007277533411979675 0.007277508266270161 0.007277435623109341 0.007277121767401695 0.007276463322341442 0.007276033516973257 0.007275910582393408 0.0072761173360049725 0.007276913151144981 0.007277054246515036 0.007277308497577906 0.00727744260802865 0.007277485448867083 0.007277447730302811 0.007277288474142551 0.007276267744600773 0.007264644838869572 0.007194027304649353 0.006915614474564791 0.005847628228366375 0.004147020168602467 0.0022649583406746387 0.0 0.0 0.0 0.0 0.0 0.12093895673751831 0.2958911657333374 0.5094977617263794 0.843684732913971 1.1202808618545532 1.0040005445480347 0.6581705808639526 0.38643160462379456 0.3055580258369446 0.022245366126298904
0.007277544122189283 0.007277545519173145 0.0072775473818182945 0.007277547847479582 0.0072775473818182945 0.007277545053511858 0.007277537602931261 0.007277511525899172 0.007277424447238445 0.007277121767401695 0.007276385091245174 0.007275405339896679 0.007275023963302374 0.007274771574884653 0.007276325952261686 0.007276908494532108 0.007277263794094324 0.0072774398140609264 0.0072774565778672695 0.007277343422174454 0.007276936434209347 0.007274799048900604 0.007260976824909449 0.007185750175267458 0.007017646916210651 0.006630454678088427 0.00598018616437912 0.004670631140470505 0.0028698337264358997 0.0 0.0 0.0 0.0 0.14270581305027008 0.3218480050563812 0.5689011812210083 0.8942667841911316 1.137235403060913 0.9720128774642944 0.6206744909286499 0.3812553882598877 0.32737404108047485 0.05595606938004494
0.007277548313140869 0.0072775487788021564 0.0072775487788021564 0.007277549244463444 0.0072775487788021564 0.007277547847479582 0.007277543656527996 0.0072775231674313545 0.007277447264641523 0.0072770994156599045 0.007276417221873999 0.0072753410786390305 0.007274263072758913 0.007273995783179998 0.007276196964085102 0.007277052849531174 0.007277380209416151 0.007277484517544508 0.007277487311512232 0.007277428638190031 0.007276985328644514 0.0072750733233988285 0.007265429478138685 0.00723932683467865 0.007184785325080156 0.007102122064679861 0.006849717814475298 0.006298166699707508 0.00533545995131135 0.0 0.0 0.0 0.0 0.11793257296085358 0.3024482727050781 0.5380673408508301 0.9188729524612427 1.12267005443573 0.9326630234718323 0.611836850643158 0.3517993092536926 0.3059059679508209 0.10385537147521973
0.007277549244463444 0.007277549244463444 0.007277549244463444 0.007277549244463444 0.007277549244463444 0.0072775487788021564 0.0072775473818182945 0.007277538068592548 0.007277484983205795 0.007277241442352533 0.007276505697518587 0.007275211624801159 0.007274300325661898 0.007273927330970764 0.007275795564055443 0.007276921533048153 0.007277286145836115 0.007277455180883408 0.007277472410351038 0.007277421187609434 0.007277138996869326 0.007275937590748072 0.007271363865584135 0.007263864856213331 0.007255096919834614 0.007232957519590855 0.007153894752264023 0.006935244891792536 0.00620858883485198 0.002329670824110508 0.0 0.0 0.0 0.07094863802194595 0.27480000257492065 0.5282158851623535 0.9324284195899963 1.1043643951416016 0.8953738808631897 0.570258378982544 0.3193691372871399 0.23890724778175354 0.17376914620399475
0.007277549244463444 0.007277549244463444 0.007277549244463444 0.007277549244463444 0.007277549244463444 0.007277549244463444 0.0072775487788021564 0.007277545984834433 0.007277526427060366 0.007277392316609621 0.007276860997080803 0.007275919429957867 0.007274840492755175 0.007273402065038681 0.0072752502746880054 0.0072763292118906975 0.007276949938386679 0.007277308497577906 0.007277370430529118 0.007277342025190592 0.007277129217982292 0.007276390213519335 0.007274386938661337 0.007271374575793743 0.007270422298461199 0.007263642735779285 0.007228788919746876 0.0071106250397861 0.0067909955978393555 0.005003554746508598 0.0001221057027578354 0.0 0.0 0.042117681354284286 0.2096875011920929 0.5002001523971558 0.8682736754417419 1.0822362899780273 0.8401100635528564 0.5492441058158875 0.25209924578666687 0.1516508162021637 0.16822923719882965
0.007277549244463444 0.007277549244463444 0.007277549244463444 0.007277549244463444 0.007277549244463444 0.007277549244463444 0.007277549244463444 0.0072775487788021564 0.007277542259544134 0.0072774821892380714 0.007277111988514662 0.007276135962456465 0.007274990901350975 0.0072733620181679726 0.0072737326845526695 0.00727405259385705 0.007275276351720095 0.0072758435271680355 0.00727631663903594 0.007276096381247044 0.007275698706507683 0.007273445371538401 0.007270018104463816 0.00726627791300416 0.00726972334086895 0.007261447608470917 0.007212375290691853 0.0070877536199986935 0.006634465418756008 0.003983600996434689 0.0 0.0 0.0 0.04120666906237602 0.21208243072032928 0.5348635315895081 0.9227451086044312 1.013750433921814 0.7009451985359192 0.4130898714065552 0.1379123479127884 0.06934729218482971 0.0326281413435936
0.007277549244463444 0.007277549244463444 0.007277549244463444 0.007277549244463444 0.007277549244463444 0.007277549244463444 0.007277549244463444 0.007277549244463444 0.007277548313140869 0.007277531083673239 0.007277405355125666 0.007276919670403004 0.007275952957570553 0.007273651659488678 0.0072708954103291035 0.007270285859704018 0.00727000692859292 0.0072713023982942104 0.007272020913660526 0.007273231633007526 0.007272624876350164 0.00727093406021595 0.007269368972629309 0.007270417641848326 0.007272586226463318 0.0072683230973780155 0.007253187242895365 0.007170850411057472 0.006989895366132259 0.00491914339363575 0.0010348395444452763 0.0 0.0 0.00472643319517374 0.14592134952545166 0.417896568775177 0.7919002175331116 0.9525613784790039 0.6550635099411011 0.3417218029499054 0.10279538482427597 0.0 0.0
0.007277549244463444 0.007277549244463444 0.007277549244463444 0.007277549244463444 0.007277549244463444 0.007277549244463444 0.007277549244463444 0.007277549244463444 0.007277549244463444 0.007277545984834433 0.007277514319866896 0.007277341093868017 0.007276707328855991 0.0072733866982162 0.007267774548381567 0.007262084167450666 0.00725802406668663 0.00725668715313077 0.007260011974722147 0.007262422237545252 0.00726667745038867 0.007267135661095381 0.00726791936904192 0.007269955240190029 0.007272105198353529 0.0072691249661147594 0.007260134909301996 0.007203542161732912 0.006987556349486113 0.005485523492097855 0.002545566763728857 0.0 0.0 0.0 0.04713081941008568 0.2780064046382904 0.6349996328353882 0.8633004426956177 0.6115634441375732 0.3418571352958679 0.07720870524644852 0.0 0.0
0.007277549244463444 0.007277549244463444 0.007277549244463444 0.007277549244463444 0.007277549244463444 0.007277549244463444 0.007277549244463444 0.007277549244463444 0.007277549244463444 0.007277548313140869 0.0072775427252054214 0.007277491968125105 0.007277064956724644 0.007272549904882908 0.007261395920068026 0.007241690065711737 0.00722487224265933 0.007220730185508728 0.0072326865047216415 0.007243240252137184 0.007251144852489233 0.007256721146404743 0.007261333521455526 0.007268570363521576 0.00726937223225832 0.007265724241733551 0.007255726493895054 0.0071885534562170506 0.006940260995179415 0.005846850108355284 0.0025355652906000614 0.0 0.0 0.0 0.0 0.13244496285915375 0.46424487233161926 0.7370615005493164 0.5090786218643188 0.29657691717147827 0.12254459410905838 0.0 0.0
0.007277549244463444 0.007277549244463444 0.007277549244463444 0.007277549244463444 0.007277549244463444 0.007277549244463444 0.007277549244463444 0.007277549244463444 0.007277549244463444 0.0072775487788021564 0.00727754645049572 0.007277513854205608 0.007277105934917927 0.00726773077622056 0.007219839841127396 0.007086785510182381 0.006965702399611473 0.006979308091104031 0.007040331605821848 0.007136540021747351 0.007175619248300791 0.007180352229624987 0.007205101661384106 0.007208394352346659 0.007210123352706432 0.0071920971386134624 0.007145565934479237 0.006754757836461067 0.006053002551198006 0.0031470851972699165 0.0 0.0 0.0 0.0 0.0 0.12464257329702377 0.5182927846908569 0.5075043439865112 0.27815574407577515 0.10331486910581589 0.0 0.0 0.0
0.007277549244463444 0.007277549244463444 0.007277549244463444 0.007277549244463444 0.007277549244463444 0.007277549244463444 0.007277549244463444 0.007277549244463444 0.007277549244463444 0.0072775487788021564 0.007277547847479582 0.007277537602931261 0.00727724377065897 0.007267860230058432 0.007188356947153807 0.006965948268771172 0.006686100270599127 0.006613278761506081 0.006768537685275078 0.0069930353201925755 0.007085274904966354 0.0071443719789385796 0.007184505462646484 0.007191580254584551 0.007216252386569977 0.007195390295237303 0.007076867390424013 0.006718483287841082 0.006045992020517588 0.0034325257875025272 0.0001625395379960537 0.0 0.0 0.0 0.0 0.05804678797721863 0.4175211787223816 0.37427806854248047 0.08987147361040115 0.028680521994829178 0.0 0.0 0.0
0.007277549244463444 0.007277549244463444 0.007277549244463444 0.007277549244463444 0.007277549244463444 0.007277549244463444 0.007277549244463444 0.007277549244463444 0.007277549244463444 0.007277548313140869 0.00727754645049572 0.007277537602931261 0.007277236320078373 0.007264935877174139 0.0071623860858380795 0.0068455045111477375 0.006512243766337633 0.00610712543129921 0.006394407711923122 0.006689517293125391 0.006976961623877287 0.00707564502954483 0.0071369498036801815 0.007179646752774715 0.007205310743302107 0.007163061294704676 0.007053348235785961 0.00664348341524601 0.005444219335913658 0.0034331674687564373 0.0006665801629424095 0.0 0.0 0.0 0.0 0.05807529389858246 0.3838319480419159 0.23639391362667084 0.003660639515146613 0.047188326716423035 0.055385664105415344 0.0 0.0
0.007277549244463444 0.007277549244463444 0.007277549244463444 0.007277549244463444 0.007277549244463444 0.007277549244463444 0.007277549244463444 0.007277549244463444 0.007277549244463444 0.0072775473818182945 0.007277538999915123 0.007277512922883034 0.007277057506144047 0.007263637613505125 0.007168867159634829 0.006861151661723852 0.006486151833087206 0.006101988721638918 0.00621135625988245 0.0064064511097967625 0.006849844008684158 0.006994923576712608 0.007128309458494186 0.007169573102146387 0.007191324606537819 0.00716414162889123 0.006910912226885557 0.0062415022403001785 0.005203355569392443 0.003092029597610235 0.002044504974037409 0.0 0.0 0.0 0.0 0.081485815346241 0.38150662183761597 0.21548089385032654 0.08089634031057358 0.1535182148218155 0.20618052780628204 0.09180084615945816 0.0
0.007277549244463444 0.007277549244463444 0.007277549244463444 0.007277549244463444 0.007277549244463444 0.007277549244463444 0.007277549244463444 0.007277549244463444 0.0072775487788021564 0.007277538999915123 0.007277454249560833 0.007277192547917366 0.007275823503732681 0.0072523015551269054 0.0071537671610713005 0.006925966590642929 0.006646470632404089 0.005893178284168243 0.005600035656243563 0.005349618848413229 0.005529453512281179 0.006310084834694862 0.00671056704595685 0.006936546415090561 0.006950779352337122 0.00676475977525115 0.005661227274686098 0.004217510111629963 0.0014737211167812347 0.0 0.0 0.0 0.0 0.0 0.08569128811359406 0.295797199010849 0.3803381621837616 0.15096701681613922 0.14829732477664948 0.30115413665771484 0.37883248925209045 0.2517833113670349 0.19085989892482758
0.007277549244463444 0.007277549244463444 0.007277549244463444 0.007277549244463444 0.007277549244463444 0.007277549244463444 0.007277549244463444 0.007277549244463444 0.0072775487788021564 0.007277518045157194 0.0072771105915308 0.007275368086993694 0.007270930800586939 0.00724900932982564 0.00719517981633544 0.0070877172984182835 0.006960827857255936 0.0065523674711585045 0.00612062681466341 0.0058389767073094845 0.0058940197341144085 0.006203074473887682 0.006601904518902302 0.006833210587501526 0.0069635286927223206 0.006576159968972206 0.005694141611456871 0.002904576249420643 0.0006189029663801193 0.0 0.0 0.0 0.0 0.025652796030044556 0.1665177345275879 0.3530556261539459 0.46348732709884644 0.3111090064048767 0.4063499867916107 0.5417769551277161 0.6217352151870728 0.5685259103775024 0.6836736798286438
0.007277549244463444 0.007277549244463444 0.007277549244463444 0.007277549244463444 0.007277549244463444 0.007277549244463444 0.007277549244463444 0.007277549244463444 0.0072775473818182945 0.007277459837496281 0.007275919895619154 0.007267973851412535 0.007250793278217316 0.0072267791256308556 0.007213539443910122 0.007189552299678326 0.007158303167670965 0.0069923968985676765 0.006789829581975937 0.006606986280530691 0.006268052384257317 0.006369689479470253 0.006618171464651823 0.006780891213566065 0.006758441217243671 0.006610020063817501 0.0058996407315135 0.0030283955857157707 0.0 0.0 0.0 0.0 0.0 0.07984000444412231 0.2443142980337143 0.4367547631263733 0.5612481832504272 0.5399383902549744 0.6680646538734436 0.7889948487281799 0.8367025256156921 0.8565505146980286 1.1325138807296753
0.007277549244463444 0.007277549244463444 0.007277549244463444 0.007277549244463444 0.007277549244463444 0.007277549244463444 0.007277549244463444 0.007277547847479582 0.007277539931237698 0.00727728521451354 0.007272477261722088 0.007246694061905146 0.007207338698208332 0.00717190420255065 0.007207179442048073 0.007225979585200548 0.00724389823153615 0.007149836514145136 0.0071047465316951275 0.006883350666612387 0.006729640532284975 0.006405849941074848 0.006489782594144344 0.006561245769262314 0.006476222071796656 0.006439397111535072 0.0060681188479065895 0.003523582825437188 0.0 0.0 0.0 0.0 0.0 0.15899336338043213 0.33962482213974 0.5237593650817871 0.64576256275177 0.7234352827072144 0.8567662239074707 0.9383009672164917 0.9745693206787109 1.1292638778686523 1.4616302251815796
0.007277549244463444 0.007277549244463444 0.007277549244463444 0.007277549244463444 0.007277549244463444 0.0072775487788021564 0.007277546916157007 0.007277531083673239 0.007277464494109154 0.007276620715856552 0.007260421756654978 0.007185069378465414 0.0070901126600801945 0.007090640254318714 0.007169975433498621 0.007226125802844763 0.007258720230311155 0.007150065619498491 0.00700803566724062 0.006721231155097485 0.005904334597289562 0.005388613324612379 0.004586420021951199 0.004480338655412197 0.003914535511285067 0.002644424792379141 0.00019392604008316994 0.0 0.0 0.0 0.0 0.001615080051124096 0.09304387867450714 0.2859783172607422 0.4686548113822937 0.6089929342269897 0.6944634914398193 0.8014225959777832 0.9039818644523621 0.9499006271362305 1.0785353183746338 1.4003627300262451 1.8005566596984863
