2D_landslide/Landslide/figures/2u.txt
ncols   200
nrows   200
xllcorner   0
yllcorner   0
cellsize   12.5
NODATA_value   -9999.00000
[rows 171 to 189 of 200, columns 42 to 83 of 200]
0.005590278189629316 0.005590278189629316 0.005590277258306742 0.005590277258306742 0.005590277258306742 0.005590272136032581 0.005590253509581089 0.0055902861058712006 0.005590381100773811 0.00559023953974247 0.00558718666434288 0.005551119800657034 0.0052400389686226845 0.003761779051274061 0.000565903726965189 -0.002650444395840168 -0.0034554917365312576 -0.0014158361591398716 0.0018728384748101234 0.0043046604841947556 0.005306663457304239 0.0055579254403710365 0.005607588682323694 0.005628179758787155 0.005637599155306816 0.005614890716969967 0.005545406136661768 0.0054786670953035355 0.005490835756063461 0.005677742417901754 0.006191254127770662 0.006686964072287083 0.007343226112425327 0.008270766586065292 0.008666605688631535 0.008112401701509953 0.00503280246630311 -0.004440635442733765 -0.004526134580373764 -0.013309909030795097 -0.011889440938830376 -0.0080803781747818
0.0055902753956615925 0.005590272601693869 0.005590266548097134 0.005590268410742283 0.005590270273387432 0.005590217653661966 0.005589948035776615 0.005589891225099564 0.005590129643678665 0.005588967818766832 0.005575548391789198 0.005476593039929867 0.004961632192134857 0.003497279016301036 0.0013418104499578476 5.3975265473127365e-05 0.0007606497965753078 0.0028268243186175823 0.00461149774491787 0.005382387898862362 0.005564709659665823 0.0055922698229551315 0.005599113646894693 0.0056077660992741585 0.005615154281258583 0.005622094497084618 0.00561787374317646 0.005610962398350239 0.005637255497276783 0.005771243013441563 0.005883169826120138 0.006235672626644373 0.007053024601191282 0.008016586303710938 0.008747064508497715 0.009400884620845318 0.00940706767141819 0.008636455982923508 0.0075678229331970215 0.004716943018138409 0.0046097831800580025 0.005153971258550882
0.005590247921645641 0.005590228363871574 0.005590199027210474 0.005590210668742657 0.005590229760855436 0.005589928478002548 0.005587711464613676 0.005584821570664644 0.0055850595235824585 0.00558136822655797 0.005544278770685196 0.0053564319387078285 0.004757924936711788 0.0036300106439739466 0.0025642847176641226 0.002497782465070486 0.0035442959051579237 0.004769338760524988 0.005402404349297285 0.005566061940044165 0.005589059088379145 0.005591710563749075 0.005593578796833754 0.005596183240413666 0.005601107608526945 0.005605777725577354 0.005603761412203312 0.005600355099886656 0.005609442945569754 0.0056496174074709415 0.0057217758148908615 0.006030325312167406 0.006658662110567093 0.007628944702446461 0.008514484390616417 0.009350688196718693 0.009574046358466148 0.009427668526768684 0.009315280243754387 0.008849641308188438 0.008586914278566837 0.007778305094689131
0.005589937325567007 0.005589790642261505 0.005589660257101059 0.005589800421148539 0.005589963402599096 0.005589157808572054 0.0055776494555175304 0.005554464645683765 0.005546777043491602 0.005546530243009329 0.005491112358868122 0.005269285757094622 0.004785820376127958 0.004186370875686407 0.003920953720808029 0.004276926163583994 0.004948819521814585 0.0054112705402076244 0.005563216749578714 0.00558810867369175 0.005590379238128662 0.005590703804045916 0.005591262597590685 0.005592486821115017 0.005594547837972641 0.005596595350652933 0.005592811852693558 0.005591097287833691 0.005592453293502331 0.00560294184833765 0.005637597292661667 0.005785156041383743 0.006213407032191753 0.007000420242547989 0.007903318852186203 0.008902466855943203 0.009359922260046005 0.009365187957882881 0.009370722807943821 0.009387538768351078 0.008979786187410355 0.007700865622609854
0.005586681421846151 0.005585755221545696 0.005585295148193836 0.005586640443652868 0.005588160827755928 0.005588056985288858 0.005563561338931322 0.005483565852046013 0.005429054610431194 0.005458449013531208 0.005443294066935778 0.00529199605807662 0.005042447708547115 0.004862226080149412 0.004921889863908291 0.005188353359699249 0.005444166716188192 0.005560754798352718 0.005587113089859486 0.005590134300291538 0.005590323358774185 0.005590396001935005 0.005590568296611309 0.005590869579464197 0.005591407418251038 0.0055918567813932896 0.0055904388427734375 0.005590052343904972 0.005590470042079687 0.005594319198280573 0.005610847380012274 0.005681948270648718 0.005935813300311565 0.006503172684460878 0.007368912920355797 0.00839151069521904 0.00893393438309431 0.008968512527644634 0.008990727365016937 0.008815892040729523 0.008128369227051735 0.006692430004477501
0.0055488585494458675 0.005543041042983532 0.005546729080379009 0.005561950616538525 0.005576006136834621 0.005583687219768763 0.0055635650642216206 0.005445918068289757 0.00534072844311595 0.005386754870414734 0.005444194655865431 0.0054045808501541615 0.005334541201591492 0.005326633341610432 0.005401352886110544 0.005501421634107828 0.005564931780099869 0.00558623718097806 0.005589963402599096 0.0055902679450809956 0.0055902875028550625 0.005590301007032394 0.0055903284810483456 0.005590371321886778 0.005590394139289856 0.0055902875028550625 0.005590046755969524 0.00558992987498641 0.005590051878243685 0.005591079127043486 0.00559574319049716 0.005622657015919685 0.005728917196393013 0.006060043349862099 0.006657950580120087 0.0075075821951031685 0.008104002103209496 0.008258979767560959 0.008175378665328026 0.007818467915058136 0.0070570530369877815 0.005637285299599171
0.005167200695723295 0.005128613207489252 0.005217346828430891 0.0053866528905928135 0.005504732485860586 0.005564156454056501 0.005575268995016813 0.005516960285604 0.005434544291347265 0.005456592887639999 0.0055104633793234825 0.005515974946320057 0.005509794689714909 0.005523791071027517 0.005551599431782961 0.005575134418904781 0.00558676989749074 0.005589787848293781 0.005590241402387619 0.005590276326984167 0.005590277258306742 0.005590276326984167 0.005590272601693869 0.005590259563177824 0.0055902209132909775 0.005590145010501146 0.005590059794485569 0.005589987616986036 0.005589985754340887 0.005590144079178572 0.005590948276221752 0.005596380215138197 0.005626852624118328 0.005747098010033369 0.0060490937903523445 0.006499624811112881 0.006982832215726376 0.007323820143938065 0.007058524526655674 0.006667385343462229 0.006171692628413439 0.005008836276829243
0.0022186641581356525 0.0021547554060816765 0.0030770767480134964 0.0043580057099461555 0.005189029965549707 0.00550584914162755 0.005578021053224802 0.005577293690294027 0.00555668119341135 0.005558285862207413 0.005570253357291222 0.005572170950472355 0.005573176313191652 0.005578182637691498 0.005584495607763529 0.005588209256529808 0.00558979157358408 0.005590209737420082 0.005590271204710007 0.005590274930000305 0.0055902739986777306 0.005590272136032581 0.0055902693420648575 0.005590260028839111 0.00559023953974247 0.005590199492871761 0.005590137559920549 0.005590048618614674 0.005589968524873257 0.005589944310486317 0.005590040702372789 0.005590584594756365 0.005594686605036259 0.005616211332380772 0.005679802969098091 0.005825412925332785 0.006072321441024542 0.0063126226887106895 0.006155822426080704 0.0059417011216282845 0.005690951365977526 0.004760232288390398
-0.009909435175359249 -0.009840031154453754 -0.005300529301166534 0.0008020894601941109 0.004348685033619404 0.0054102628491818905 0.005576177500188351 0.005589232314378023 0.005588256288319826 0.0055877878330647945 0.005587916821241379 0.005587578285485506 0.0055877817794680595 0.0055886064656078815 0.005589512176811695 0.005589998792856932 0.005590206943452358 0.005590266082435846 0.0055902739986777306 0.005590274464339018 0.005590274464339018 0.005590274464339018 0.005590273533016443 0.005590269807726145 0.005590260028839111 0.005590233951807022 0.005590175278484821 0.005590024869889021 0.005589772015810013 0.005589463748037815 0.005589375738054514 0.005589540582150221 0.005590036977082491 0.005592068657279015 0.005600115284323692 0.005631685256958008 0.005726789124310017 0.005835867952555418 0.0057756113819777966 0.0056628077290952206 0.005399852991104126 0.004368072375655174
-0.03632305562496185 -0.03617185726761818 -0.02351609244942665 -0.006566106341779232 0.002896880963817239 0.005315985064953566 0.005578165408223867 0.005590053740888834 0.005590254440903664 0.005590199027210474 0.005590112879872322 0.005590029060840607 0.005590027663856745 0.0055900984443724155 0.0055901892483234406 0.005590241402387619 0.005590266082435846 0.005590273533016443 0.005590274464339018 0.0055902753956615925 0.005590276326984167 0.005590276792645454 0.005590276792645454 0.0055902753956615925 0.005590270273387432 0.005590252112597227 0.0055901845917105675 0.00558991264551878 0.005589115899056196 0.005587620660662651 0.0055864956229925156 0.005586578976362944 0.005588022526353598 0.00558936083689332 0.005590401124209166 0.005594440270215273 0.00562037480995059 0.00564556522294879 0.0056211743503808975 0.00556132523342967 0.0050661019049584866 0.004187371116131544
-0.06662669777870178 -0.06666131317615509 -0.044692281633615494 -0.01533815823495388 0.0014449120499193668 0.005278585013002157 0.005582219921052456 0.005590205080807209 0.005590280517935753 0.005590277258306742 0.005590271670371294 0.005590265151113272 0.00559026375412941 0.005590265616774559 0.005590269807726145 0.005590273533016443 0.0055902753956615925 0.00559027586132288 0.005590276326984167 0.005590277258306742 0.005590277723968029 0.005590278189629316 0.005590278189629316 0.005590277258306742 0.005590274930000305 0.005590259097516537 0.0055901650339365005 0.005589603912085295 0.00558713311329484 0.005580758210271597 0.005573562812060118 0.005573338828980923 0.005579949822276831 0.005586592014878988 0.005589426029473543 0.005590318236500025 0.005592248868197203 0.00559460511431098 0.005592551548033953 0.005502390209585428 0.0047154598869383335 0.004597827792167664
-0.08710019290447235 -0.0829550176858902 -0.0560414120554924 -0.019965898245573044 0.0009275800548493862 0.005312536843121052 0.0055855922400951385 0.005590253975242376 0.005590279120951891 0.005590278655290604 0.005590278655290604 0.005590278189629316 0.005590278189629316 0.005590278189629316 0.005590278189629316 0.005590277723968029 0.005590277723968029 0.005590277258306742 0.005590277723968029 0.005590278189629316 0.005590278189629316 0.005590278655290604 0.005590278655290604 0.005590278189629316 0.005590276326984167 0.0055902618914842606 0.0055901226587593555 0.005588894244283438 0.005582035519182682 0.005560683086514473 0.0055335755459964275 0.0055318265222013 0.005556537304073572 0.005579202901571989 0.005588240921497345 0.005589996464550495 0.0055902693420648575 0.005590484943240881 0.005589568521827459 0.0054756649769842625 0.004520509857684374 0.0051958318799734116
-0.08565038442611694 -0.07814091444015503 -0.05190560966730118 -0.017776867374777794 0.0015453528612852097 0.005378780420869589 0.005587546620517969 0.005590267013758421 0.005590278655290604 0.005590278655290604 0.005590278655290604 0.005590278655290604 0.005590278655290604 0.005590278655290604 0.005590278655290604 0.005590278655290604 0.005590278189629316 0.005590278189629316 0.005590278655290604 0.005590278655290604 0.005590278655290604 0.005590278655290604 0.005590278655290604 0.005590278189629316 0.005590276792645454 0.0055902572348713875 0.0055900150910019875 0.005587467458099127 0.0055708130821585655 0.00551688252016902 0.005451768636703491 0.005446949508041143 0.0055108158849179745 0.005566718988120556 0.005586179904639721 0.005589799955487251 0.005590228363871574 0.005590302869677544 0.005589017644524574 0.0054585300385952 0.0044472478330135345 0.0055388291366398335
-0.06974203884601593 -0.05892282351851463 -0.03589412942528725 -0.01061984896659851 0.0028381755109876394 0.005447256378829479 0.005588356871157885 0.005590264685451984 0.005590278189629316 0.005590278655290604 0.005590278655290604 0.005590278655290604 0.005590278655290604 0.005590278655290604 0.005590278655290604 0.005590278655290604 0.005590278655290604 0.005590278655290604 0.005590278655290604 0.005590278655290604 0.005590278655290604 0.005590278655290604 0.005590278655290604 0.005590278189629316 0.00559027586132288 0.0055902451276779175 0.0055898018181324005 0.005585051141679287 0.00555509515106678 0.005467048846185207 0.0053651779890060425 0.005367584060877562 0.005473465658724308 0.005555250681936741 0.00558421341702342 0.00558956665918231 0.0055902074091136456 0.005590271670371294 0.0055894129909574986 0.005493006203323603 0.004521667957305908 0.00525498203933239
-0.05096570402383804 -0.038019195199012756 -0.01980910822749138 -0.003862478770315647 0.003919361624866724 0.005486466456204653 0.0055879163555800915 0.0055902269668877125 0.005590276326984167 0.005590278655290604 0.005590278655290604 0.005590278655290604 0.005590278655290604 0.005590278655290604 0.005590278655290604 0.005590278655290604 0.005590278655290604 0.005590278655290604 0.005590278655290604 0.005590278655290604 0.005590278655290604 0.005590278655290604 0.005590278655290604 0.005590278189629316 0.005590273533016443 0.005590210668742657 0.005589438136667013 0.005582178942859173 0.005544760264456272 0.0054480754770338535 0.005358154885470867 0.0053734686225652695 0.005475426558405161 0.005555650219321251 0.005583790596574545 0.005589457228779793 0.005590185523033142 0.005590267013758421 0.005590023472905159 0.005544954910874367 0.004816398955881596 0.004486776422709227
-0.040140073746442795 -0.026789531111717224 -0.011365162208676338 -0.00046393927186727524 0.004376565106213093 0.005475679878145456 0.005584360100328922 0.005589992739260197 0.005590264219790697 0.005590277723968029 0.005590278655290604 0.005590278655290604 0.005590278655290604 0.005590278655290604 0.005590278655290604 0.005590278655290604 0.005590278655290604 0.005590278655290604 0.005590278655290604 0.005590278655290604 0.005590278655290604 0.005590278655290604 0.005590278189629316 0.005590277258306742 0.005590264219790697 0.0055901240557432175 0.005588859785348177 0.005580474156886339 0.005547116044908762 0.005481255706399679 0.0054328665137290955 0.005451662931591272 0.005517800338566303 0.0055672237649559975 0.005585724953562021 0.005589546635746956 0.005590171553194523 0.005590262357145548 0.005590254440903664 0.00558095145970583 0.005277785938233137 0.0042653195559978485
-0.03619906306266785 -0.023635134100914 -0.009378381073474884 6.748037412762642e-05 0.004253283608704805 0.005389919504523277 0.005570793058723211 0.005588887725025415 0.005590194370597601 0.0055902739986777306 0.005590278189629316 0.005590278655290604 0.005590278655290604 0.005590278655290604 0.005590278655290604 0.005590278655290604 0.005590278655290604 0.005590278655290604 0.005590278655290604 0.005590278655290604 0.005590278655290604 0.005590278655290604 0.005590277723968029 0.005590271670371294 0.005590225104242563 0.0055899000726640224 0.005588050466030836 0.005580033641308546 0.0055590420961380005 0.00552753871306777 0.005512883886694908 0.005526172928512096 0.005554849747568369 0.005577051546424627 0.005586893763393164 0.005589504726231098 0.005590123124420643 0.005590247921645641 0.005590272601693869 0.005589591339230537 0.005534068215638399 0.005015876144170761
-0.03489604592323303 -0.023199446499347687 -0.009785551577806473 -0.0006013060919940472 0.003754535224288702 0.005213111639022827 0.00553885055705905 0.00558549864217639 0.005589950829744339 0.005590260494500399 0.005590277723968029 0.005590278655290604 0.005590278655290604 0.005590278655290604 0.005590278655290604 0.005590278655290604 0.005590278655290604 0.005590278655290604 0.005590278655290604 0.005590278655290604 0.005590278655290604 0.005590277723968029 0.005590271204710007 0.005590236745774746 0.005590058863162994 0.00558932451531291 0.005586979910731316 0.005581217352300882 0.005571399349719286 0.005561938975006342 0.005560064688324928 0.005565623752772808 0.005575667135417461 0.005583257880061865 0.005587634164839983 0.005589427892118692 0.0055900379084050655 0.005590218119323254 0.005590266082435846 0.005590264685451984 0.005587722174823284 0.00552234286442399
-0.03382635861635208 -0.022248633205890656 -0.009753712452948093 -0.0011130222119390965 0.003327735234051943 0.0050380416214466095 0.0054981340654194355 0.005579965654760599 0.005589518696069717 0.005590236745774746 0.005590276792645454 0.005590278655290604 0.005590278655290604 0.005590278655290604 0.005590278655290604 0.005590278655290604 0.005590278655290604 0.005590278655290604 0.005590278655290604 0.005590278655290604 0.005590277723968029 0.005590269807726145 0.005590225104242563 0.00559002673253417 0.0055894250981509686 0.005588011350482702 0.005585744045674801 0.005582783836871386 0.005580088589340448 0.00557849183678627 0.005579417571425438 0.005581366829574108 0.005583914462476969 0.005586208775639534 0.005588081665337086 0.005589212756603956 0.005589859094470739 0.005590148735791445 0.005590250249952078 0.005590273533016443 0.005590253975242376 0.005588771775364876
