2D_landslide/Landslide/figures/2u.txt
ncols   200
nrows   200
xllcorner   0
yllcorner   0
cellsize   12.5
NODATA_value   -9999.00000
[rows 38 to 56 of 200, columns 0 to 41 of 200]
0.005589710548520088 0.005562156904488802 0.005197303835302591 0.004004916176199913 0.0029528257437050343 0.002819004701450467 0.0034261534456163645 0.004434005357325077 0.00523806270211935 0.005539565812796354 0.005585594102740288 0.005588850472122431 0.005589852575212717 0.005590217188000679 0.0055902739986777306 0.005590278189629316 0.005590278655290604 0.005590278189629316 0.005590271204710007 0.005590243265032768 0.005590218584984541 0.005590234417468309 0.005590258631855249 0.005590269807726145 0.005590274930000305 0.005590277258306742 0.0055902753956615925 0.00559022044762969 0.005589931737631559 0.005590515211224556 0.005593905225396156 0.005593772046267986 0.0055884746834635735 0.005594127345830202 0.00564165972173214 0.005742186680436134 0.0057844072580337524 0.005407818593084812 0.003942451439797878 0.0007653678767383099 -0.003831181675195694 -0.007595978677272797
0.005590253043919802 0.005587354302406311 0.005492795258760452 0.0047721476294100285 0.0034702576231211424 0.0027775838971138 0.0028683843556791544 0.0036038763355463743 0.004660319536924362 0.005364368204027414 0.005559004843235016 0.005581203382462263 0.0055875591933727264 0.0055898879654705524 0.005590248852968216 0.005590277258306742 0.005590278655290604 0.005590277723968029 0.005590264685451984 0.00559022044762969 0.005590193439275026 0.005590226501226425 0.005590260960161686 0.005590272601693869 0.0055902753956615925 0.005590274930000305 0.005590260960161686 0.005590129178017378 0.005589460022747517 0.005588787607848644 0.005589254200458527 0.00558848213404417 0.00558779900893569 0.005596949718892574 0.005632026121020317 0.0056749251671135426 0.005532475654035807 0.004579250700771809 0.0017473180778324604 -0.003448319621384144 -0.009449155069887638 -0.012953419238328934
0.005590278655290604 0.005590226501226425 0.005583180580288172 0.005395643413066864 0.004472710192203522 0.003337642876431346 0.00290479208342731 0.0032345433719456196 0.004155323840677738 0.005094047170132399 0.005483590066432953 0.005552925635129213 0.005579225718975067 0.0055887168273329735 0.00559016689658165 0.005590273067355156 0.005590278189629316 0.005590277258306742 0.005590262822806835 0.0055902209132909775 0.005590202286839485 0.005590234417468309 0.005590264685451984 0.0055902739986777306 0.005590270739048719 0.005590240005403757 0.00559014268219471 0.005589911248534918 0.005589140113443136 0.005587788298726082 0.0055869040079414845 0.005586959887295961 0.005589937791228294 0.005602838005870581 0.005629657302051783 0.005610445514321327 0.0052040391601622105 0.003356354311108589 -0.0014717373996973038 -0.00889517366886139 -0.016077054664492607 -0.0189600121229887
0.005590278189629316 0.005590278655290604 0.005590167827904224 0.005574025213718414 0.005281828809529543 0.004342051222920418 0.003505341475829482 0.003410783363506198 0.004019738174974918 0.004885885864496231 0.005347779486328363 0.00548573536798358 0.005560960154980421 0.0055864909663796425 0.005590034648776054 0.0055902679450809956 0.005590278189629316 0.005590277723968029 0.005590268410742283 0.0055902451276779175 0.005590234883129597 0.0055902511812746525 0.0055902679450809956 0.005590270273387432 0.00559022044762969 0.0055899652652442455 0.005589415319263935 0.005589088425040245 0.005588986445218325 0.005588492378592491 0.005588083062320948 0.005589305888861418 0.005595559254288673 0.005613009445369244 0.005633670836687088 0.005547461565583944 0.004801410250365734 0.0017608096823096275 -0.005428992211818695 -0.015127604827284813 -0.02266193926334381 -0.024818941950798035
0.005590264685451984 0.005590277258306742 0.005590278189629316 0.005589873995631933 0.0055548702366650105 0.005209599621593952 0.004489429295063019 0.004064811859279871 0.004268078599125147 0.004800030961632729 0.005161574110388756 0.005383355543017387 0.00553775392472744 0.005584441125392914 0.005589969921857119 0.0055902679450809956 0.005590278189629316 0.005590278189629316 0.005590274930000305 0.005590266082435846 0.005590260960161686 0.005590264219790697 0.005590269807726145 0.005590250715613365 0.005590006243437529 0.005588866304606199 0.0055870171636343 0.0055866539478302 0.00558830751106143 0.005589446984231472 0.005590212531387806 0.005593816749751568 0.005605466663837433 0.005629306193441153 0.005643433425575495 0.005480331368744373 0.004301796667277813 -0.00019092392176389694 -0.009937372989952564 -0.021243061870336533 -0.028800547122955322 -0.03025202825665474
0.005589925218373537 0.005590238142758608 0.005590276326984167 0.005590274464339018 0.005588633939623833 0.005532900802791119 0.005245708394795656 0.004850809928029776 0.004686754196882248 0.004746009595692158 0.0049290843307971954 0.005268887151032686 0.005518442485481501 0.005583802703768015 0.005590014159679413 0.005590271670371294 0.005590278655290604 0.005590278655290604 0.005590277723968029 0.0055902753956615925 0.005590272601693869 0.005590271204710007 0.0055902693420648575 0.005590216256678104 0.005589591339230537 0.005586701910942793 0.00558249419555068 0.005582799203693867 0.005586853716522455 0.005590049084275961 0.005593557842075825 0.005603710655122995 0.0056258440017700195 0.005657604895532131 0.00566041050478816 0.005411094054579735 0.003810578491538763 -0.0020120209082961082 -0.013607405126094818 -0.025864921510219574 -0.032583605498075485 -0.03382589668035507
0.005586579442024231 0.005589739419519901 0.0055902376770973206 0.005590276326984167 0.005590186920017004 0.005585062317550182 0.005520530045032501 0.005286572501063347 0.0048864008858799934 0.004550641402602196 0.004667402245104313 0.005176728591322899 0.005511006340384483 0.0055844648741185665 0.005590093322098255 0.005590274464339018 0.005590278655290604 0.005590278655290604 0.005590278655290604 0.005590277723968029 0.005590276326984167 0.005590273533016443 0.0055902679450809956 0.005590185057371855 0.0055891890078783035 0.005584704224020243 0.005578864831477404 0.005580239929258823 0.005586547777056694 0.0055924067273736 0.005603117868304253 0.00562702864408493 0.005663715768605471 0.005699964705854654 0.005682504735887051 0.0053411987610161304 0.003385394113138318 -0.00332708191126585 -0.016204694285988808 -0.028672657907009125 -0.034638792276382446 -0.03559859097003937
0.005572113674134016 0.00558644300326705 0.00558979157358408 0.005590253975242376 0.005590221378952265 0.005588183179497719 0.005555316805839539 0.005346409976482391 0.004790326114743948 0.004260413348674774 0.004442191682755947 0.005117399152368307 0.0055109611712396145 0.005585445556789637 0.005590147338807583 0.005590276326984167 0.005590278655290604 0.005590278655290604 0.005590278655290604 0.005590278189629316 0.005590277723968029 0.005590274464339018 0.0055902632884681225 0.005590145010501146 0.005588803440332413 0.005583220161497593 0.0055776918306946754 0.0055808997713029385 0.005588732194155455 0.005599879194051027 0.005624787416309118 0.00566820940002799 0.0057172938250005245 0.0057478356175124645 0.005699595902115107 0.005284109618514776 0.0031707296147942543 -0.0038513382896780968 -0.017042307183146477 -0.0297565758228302 -0.035466279834508896 -0.036132074892520905
0.005543386097997427 0.0055735548958182335 0.005586696323007345 0.005589980632066727 0.0055902376770973206 0.005588739179074764 0.005559814162552357 0.005335839465260506 0.0046853297390043736 0.004073232412338257 0.004330526106059551 0.005106161814182997 0.005516303237527609 0.005586167331784964 0.00559017201885581 0.005590276326984167 0.005590278655290604 0.005590278655290604 0.005590278655290604 0.005590278655290604 0.005590277723968029 0.005590273533016443 0.005590249318629503 0.0055900076404213905 0.005587829742580652 0.005581020377576351 0.0055765146389603615 0.005582260899245739 0.005592690780758858 0.005612195935100317 0.005653254687786102 0.0057123564183712006 0.0057616448029875755 0.005774263758212328 0.005694311577826738 0.005248514469712973 0.0032175686210393906 -0.0033644242212176323 -0.01615266129374504 -0.02926510199904442 -0.0355120413005352 -0.036184459924697876
0.005496634636074305 0.005534413270652294 0.00557170482352376 0.005587866064161062 0.00559017201885581 0.005589178763329983 0.005563756916671991 0.005342892371118069 0.004666246473789215 0.004031279124319553 0.004311779513955116 0.005113411229103804 0.005518028978258371 0.00558621296659112 0.005590165499597788 0.00559027586132288 0.005590278655290604 0.005590278655290604 0.005590278655290604 0.005590278655290604 0.005590278189629316 0.005590270739048719 0.0055902148596942425 0.005589739885181189 0.005586701445281506 0.005579260177910328 0.005575860384851694 0.005582478363066912 0.005595659837126732 0.005622906610369682 0.005672176834195852 0.005730077624320984 0.00576652679592371 0.0057576606050133705 0.005660759285092354 0.005256316624581814 0.0035802898928523064 -0.0018594744615256786 -0.013235937803983688 -0.02648831531405449 -0.03438742831349373 -0.03609596937894821
0.005435388535261154 0.005459604784846306 0.0055307955481112 0.005579257849603891 0.005589676089584827 0.005589581094682217 0.005570205394178629 0.005383352283388376 0.004778143018484116 0.0041844528168439865 0.004432970192283392 0.005156277678906918 0.005521696526557207 0.005585895851254463 0.005590127781033516 0.005590273533016443 0.005590278189629316 0.005590278655290604 0.005590278655290604 0.005590278655290604 0.005590277723968029 0.005590266548097134 0.005590155720710754 0.0055894092656672 0.005586167331784964 0.005579627584666014 0.005576198920607567 0.005581122823059559 0.005595228169113398 0.005623476579785347 0.005665241740643978 0.005706335883587599 0.005723116919398308 0.005701018963009119 0.005612395703792572 0.005306123290210962 0.004133465234190226 0.0002452298067510128 -0.00873278733342886 -0.02121974714100361 -0.031067680567502975 -0.03476867079734802
0.0053910380229353905 0.005384453106671572 0.00547490268945694 0.005562656559050083 0.005588221829384565 0.005589849781244993 0.005577243864536285 0.005444904323667288 0.004986048676073551 0.00452593807131052 0.004683368373662233 0.005237337667495012 0.0055289193987846375 0.005585695616900921 0.005590060260146856 0.005590267479419708 0.005590277723968029 0.005590278189629316 0.005590278655290604 0.005590278189629316 0.005590276792645454 0.005590260494500399 0.0055900998413562775 0.0055892132222652435 0.005586384329944849 0.005581269972026348 0.005577925126999617 0.0055811139754951 0.005593893583863974 0.005615283735096455 0.00564032606780529 0.0056593953631818295 0.005661272909492254 0.005639472045004368 0.005577636417001486 0.005386590491980314 0.00469357892870903 0.002349803689867258 -0.003670802339911461 -0.013829899951815605 -0.024235840886831284 -0.030160032212734222
0.005418210756033659 0.005392972379922867 0.005462590139359236 0.005554661154747009 0.005586941726505756 0.005590024869889021 0.005583781749010086 0.005512810777872801 0.00524647394195199 0.004954969510436058 0.005038874689489603 0.00536515424028039 0.0055451299995183945 0.005586068145930767 0.005589999258518219 0.005590255372226238 0.005590274930000305 0.005590277258306742 0.005590277258306742 0.0055902753956615925 0.00559026887640357 0.005590236280113459 0.005590053740888834 0.005589314736425877 0.005587471183389425 0.005584473256021738 0.0055824751034379005 0.005585151258856058 0.005593855865299702 0.005605361424386501 0.0056154197081923485 0.00562025373801589 0.005616697948426008 0.005602572113275528 0.005568867549300194 0.005470664240419865 0.005128718912601471 0.003947062883526087 0.0006031650118529797 -0.0060852887108922005 -0.014854352921247482 -0.02165847457945347
0.005492223426699638 0.005470787640661001 0.005507487338036299 0.005564696155488491 0.005587559659034014 0.0055901356972754 0.005587786436080933 0.005558837670832872 0.00544447498396039 0.005310205742716789 0.005331001710146666 0.005476688500493765 0.005564493592828512 0.005587180145084858 0.005589974112808704 0.005590236280113459 0.005590266548097134 0.005590270739048719 0.005590268410742283 0.005590255372226238 0.005590215791016817 0.005590093322098255 0.0055898078717291355 0.005589332897216082 0.005588722415268421 0.0055879876017570496 0.005587802268564701 0.00558967050164938 0.005593819078058004 0.005598039366304874 0.005600413773208857 0.005600243806838989 0.00559718394652009 0.005590421613305807 0.005575533024966717 0.00553336413577199 0.005391960497945547 0.004900624975562096 0.003407976822927594 -2.6203226298093796e-05 -0.00556696392595768 -0.011097660288214684
0.0055588423274457455 0.005550871137529612 0.005562102422118187 0.005581167992204428 0.00558921555057168 0.005590224638581276 0.0055896020494401455 0.0055817170068621635 0.005548201501369476 0.0055066728964447975 0.005511186085641384 0.005552922375500202 0.0055799526162445545 0.0055886427871882915 0.005590035114437342 0.005590222775936127 0.0055902511812746525 0.0055902497842907906 0.005590223241597414 0.005590126849710941 0.005589893087744713 0.005589309614151716 0.0055884928442537785 0.005588114261627197 0.005588641855865717 0.0055894386023283005 0.005590144544839859 0.005591245833784342 0.00559272663667798 0.0055937133729457855 0.005593792535364628 0.00559312105178833 0.0055917431600391865 0.005589229054749012 0.005583681631833315 0.005568221211433411 0.005517852492630482 0.005345274228602648 0.004803549963980913 0.0034242470283061266 0.0008505061268806458 -0.0022518308833241463
0.005585321690887213 0.005583996884524822 0.005585699342191219 0.0055887396447360516 0.005590077955275774 0.005590266548097134 0.005590163636952639 0.005588836502283812 0.005583139136433601 0.005575322080403566 0.005575548391789198 0.005582704674452543 0.005587847903370857 0.005589756183326244 0.005590155720710754 0.005590228829532862 0.005590234883129597 0.005590200889855623 0.005590062588453293 0.005589569453150034 0.005588248372077942 0.005585418548434973 0.005582553334534168 0.005582891404628754 0.005586397368460894 0.005589326843619347 0.0055905780754983425 0.005591194611042738 0.005591591354459524 0.005591627676039934 0.0055913981050252914 0.005591073073446751 0.005590654909610748 0.005589923355728388 0.005588180851191282 0.0055831437930464745 0.005566962994635105 0.005513140466064215 0.0053464267402887344 0.00490821385756135 0.004016965627670288 0.0027925237081944942
0.005589964799582958 0.005589872598648071 0.005589969456195831 0.0055901664309203625 0.005590261425822973 0.005590277258306742 0.005590266548097134 0.005590148735791445 0.005589635111391544 0.0055889408104121685 0.005588925909250975 0.005589516367763281 0.005589976441115141 0.005590185988694429 0.005590242333710194 0.0055902511812746525 0.005590233486145735 0.0055901361629366875 0.005589659325778484 0.005587439052760601 0.005580880679190159 0.005567153450101614 0.005555639509111643 0.0055610667914152145 0.005577555857598782 0.005587749648839235 0.005590456537902355 0.0055908747017383575 0.005590904504060745 0.0055907792411744595 0.005590624641627073 0.005590507760643959 0.005590411368757486 0.0055902511812746525 0.005589798558503389 0.0055883196182549 0.005583401303738356 0.005567621439695358 0.005521867424249649 0.005405532196164131 0.005161242093890905 0.004807609133422375
0.005590270273387432 0.005590267013758421 0.00559026887640357 0.005590274464339018 0.005590277723968029 0.005590278655290604 0.005590277723968029 0.005590270739048719 0.005590246059000492 0.005590214394032955 0.0055902134627103806 0.0055902376770973206 0.005590257700532675 0.0055902693420648575 0.005590272136032581 0.0055902693420648575 0.005590249318629503 0.0055901119485497475 0.005589114967733622 0.005582868121564388 0.00556061789393425 0.005510949995368719 0.005470037925988436 0.0054925610311329365 0.005551038309931755 0.005583213176578283 0.005590077489614487 0.0055906143970787525 0.005590558052062988 0.005590460263192654 0.005590387620031834 0.0055903485044837 0.00559032941237092 0.005590306129306555 0.005590214394032955 0.005589823704212904 0.005588385742157698 0.005584023892879486 0.005573100410401821 0.005546266213059425 0.0054891686886549 0.005409897770732641
0.005590278655290604 0.005590278655290604 0.005590278655290604 0.005590278655290604 0.005590278655290604 0.005590278655290604 0.005590278655290604 0.005590278189629316 0.005590277723968029 0.005590276792645454 0.005590276792645454 0.005590277723968029 0.005590277723968029 0.005590278189629316 0.005590277723968029 0.005590276792645454 0.005590266082435846 0.005590150598436594 0.005588812753558159 0.005576970521360636 0.005524063017219305 0.005391228478401899 0.0052709514275193214 0.00532367080450058 0.005482377950102091 0.005570912268012762 0.005589148961007595 0.005590425804257393 0.0055903964675962925 0.005590344779193401 0.005590315442532301 0.005590302869677544 0.005590299144387245 0.005590300541371107 0.005590294953435659 0.00559022044762969 0.005589872132986784 0.005589003209024668 0.005587220657616854 0.005580860655754805 0.005566580221056938 0.005550637375563383
