2D_landslide/Landslide/figures/2u.txt
ncols   200
nrows   200
xllcorner   0
yllcorner   0
cellsize   12.5
NODATA_value   -9999.00000
[rows 171 to 189 of 200, columns 84 to 125 of 200]
-0.000750301405787468 0.0012760343961417675 0.0011857002973556519 -7.003359496593475e-05 -0.0024034474045038223 -0.005759894847869873 -0.007922201417386532 -0.007754188030958176 -0.00466320663690567 -0.0006563528440892696 0.0023587180767208338 0.002866314956918359 0.00021039694547653198 -0.005353912711143494 -0.01266792044043541 -0.01718820072710514 -0.013401105999946594 -0.0007711905054748058 0.01613919623196125 0.03238583728671074 0.04024728387594223 0.038497231900691986 0.023714089766144753 0.002898344537243247 -0.013335607945919037 -0.014870963990688324 -0.006800471805036068 0.0005929935723543167 0.0039734384045004845 0.005015372298657894 0.0052237920463085175 0.005054256413131952 0.004494906403124332 0.0032007761765271425 0.0008255839347839355 -0.0015112608671188354 -0.0015460401773452759 0.0010376060381531715 0.003773251548409462 0.005148688331246376 0.005519062280654907 0.005580645985901356
0.006265830714255571 0.005119928624480963 0.0038249162025749683 0.0021272471640259027 7.948372513055801e-06 -0.002484050579369068 -0.0047657787799835205 -0.005152863450348377 -0.0033701928332448006 9.174225851893425e-05 0.002979088108986616 0.003946864977478981 0.0026720957830548286 -0.0014477302320301533 -0.00876767747104168 -0.015833063051104546 -0.015504814684391022 -0.005320971831679344 0.009331958368420601 0.021233057603240013 0.02319054864346981 0.013994155451655388 -0.0015225051902234554 -0.014008086174726486 -0.01467892900109291 -0.006778125651180744 0.0005752528086304665 0.004036940634250641 0.005146622192114592 0.005430566146969795 0.005465290509164333 0.00534084951505065 0.004975876770913601 0.004206165671348572 0.0030930007342249155 0.002417151117697358 0.002938703401014209 0.004200018011033535 0.005134508013725281 0.005495975725352764 0.0055762710981070995 0.005588313098996878
0.006735794711858034 0.005191071890294552 0.0038795084692537785 0.0025211540050804615 0.0006643235683441162 -0.0018893079832196236 -0.0038398345932364464 -0.0041022105142474174 -0.00240430049598217 0.0007407106459140778 0.003284079721197486 0.004562552087008953 0.004302831366658211 0.0020914634224027395 -0.003691422753036022 -0.012170394882559776 -0.016833562403917313 -0.011663828045129776 -0.0005942611023783684 0.007441811729222536 0.005973738618195057 -0.0041211266070604324 -0.01428045891225338 -0.0148813147097826 -0.006950848735868931 0.0005389247089624405 0.004095246084034443 0.005197657737880945 0.005483162589371204 0.005547603592276573 0.005543805193156004 0.005462431348860264 0.005235453136265278 0.004848465323448181 0.00447627529501915 0.004442663863301277 0.0048201060853898525 0.0052643995732069016 0.005502606742084026 0.005574383772909641 0.005587876308709383 0.005589844658970833
0.005999357905238867 0.004203836899250746 0.0025760126300156116 0.0010977890342473984 -0.00010631093755364418 -0.002054875250905752 -0.003443574532866478 -0.003301718272268772 -0.0014491146430373192 0.0012583560310304165 0.0035889826249331236 0.0046620783396065235 0.004855327773839235 0.004111000802367926 0.0011151880025863647 -0.005971490405499935 -0.014152823016047478 -0.016378380358219147 -0.011284179985523224 -0.007026211358606815 -0.009006296284496784 -0.014723740518093109 -0.014973903074860573 -0.00766705721616745 0.00029857363551855087 0.004118035547435284 0.005254169926047325 0.0055110943503677845 0.005568223539739847 0.005580154247581959 0.0055764769203960896 0.005543356295675039 0.005449399817734957 0.005313144996762276 0.005239726509898901 0.005305327940732241 0.005445496179163456 0.00554418982937932 0.00558032002300024 0.005588524043560028 0.005589923821389675 0.005590168759226799
0.004578309133648872 0.001219182275235653 -0.002476566471159458 -0.004021414555609226 -0.0030112173408269882 -0.003435380756855011 -0.004265657626092434 -0.003782551735639572 -0.0016114120371639729 0.001219789031893015 0.00338115100748837 0.004461331758648157 0.00480349687859416 0.004686080384999514 0.00358276953920722 -0.0005039721727371216 -0.008326254785060883 -0.015222154557704926 -0.01630592718720436 -0.015190422534942627 -0.01583840325474739 -0.014984836801886559 -0.008463221602141857 -0.00048158131539821625 0.003974268678575754 0.005270062945783138 0.00553065026178956 0.005577322095632553 0.005586414597928524 0.005588294938206673 0.005587300285696983 0.005579782649874687 0.005559647921472788 0.005535993725061417 0.005532737355679274 0.005553569179028273 0.005576137453317642 0.005586758255958557 0.005589573178440332 0.005590097513049841 0.005590200889855623 0.005590224638581276
0.00220871833153069 -0.004760615527629852 -0.0133211649954319 -0.014358120039105415 -0.007562430575489998 -0.004141255281865597 -0.004088128916919231 -0.00351059902459383 -0.0013527031987905502 0.0013563474640250206 0.0033544281031936407 0.004358869977295399 0.004792036488652229 0.004927101545035839 0.004695415496826172 0.003147297538816929 -0.001580746378749609 -0.00881426502019167 -0.013600258156657219 -0.014859350398182869 -0.013385018333792686 -0.008500998839735985 -0.0013208268210291862 0.003565619932487607 0.005221567582339048 0.005535847041755915 0.005582038313150406 0.005588558502495289 0.005589747801423073 0.005589972250163555 0.005589847918599844 0.005589008331298828 0.005587100517004728 0.005585539620369673 0.0055862306617200375 0.005588264670222998 0.00558966351673007 0.005590133834630251 0.005590233951807022 0.005590250249952078 0.005590247921645641 0.005590234417468309
5.317898467183113e-05 -0.013941075652837753 -0.02879970520734787 -0.028811544179916382 -0.014154935255646706 -0.004030153155326843 -0.002399275079369545 -0.0018303683027625084 -5.044508725404739e-06 0.0022257438395172358 0.003839109791442752 0.00468047522008419 0.0050798640586435795 0.005237083416432142 0.005270159337669611 0.0048869699239730835 0.0030385712161660194 -0.0012553324922919273 -0.005734666250646114 -0.007617640309035778 -0.005691914819180965 -0.0011829561553895473 0.0031199015211313963 0.005063239950686693 0.005522672086954117 0.00558269489556551 0.005589307751506567 0.005590094719082117 0.005590219981968403 0.0055902437306940556 0.0055902376770973206 0.005590194836258888 0.005590126849710941 0.005590103100985289 0.0055901603773236275 0.005590230226516724 0.005590264219790697 0.005590273067355156 0.005590272601693869 0.005590262357145548 0.005590240936726332 0.00559021532535553
0.00010536191985011101 -0.0157117061316967 -0.03412915766239166 -0.03593864664435387 -0.019727176055312157 -0.003798837773501873 0.00038496172055602074 0.0010326518677175045 0.002282086992636323 0.003724690992385149 0.0047073522582650185 0.005197837017476559 0.005416139494627714 0.005499234423041344 0.0055287182331085205 0.005458883475512266 0.004977123811841011 0.003495684592053294 0.0012708604335784912 0.0001431172713637352 0.0010818555019795895 0.0033097518607974052 0.0049284654669463634 0.005481332074850798 0.00557912839576602 0.005589310545474291 0.005590176675468683 0.005590261425822973 0.005590273067355156 0.005590274464339018 0.005590272601693869 0.00559026887640357 0.005590266082435846 0.005590266548097134 0.005590269807726145 0.0055902739986777306 0.005590276792645454 0.005590276792645454 0.005590253975242376 0.005590134300291538 0.005590023472905159 0.005590100307017565
0.0009961794130504131 -0.012974243611097336 -0.03319071978330612 -0.039234861731529236 -0.025507846847176552 -0.00609294418245554 0.002386686159297824 0.00355135346762836 0.004232416395097971 0.004917841870337725 0.005323880352079868 0.0054969172924757 0.005558608565479517 0.005579150747507811 0.005583500489592552 0.005569949746131897 0.005475325509905815 0.005121444817632437 0.004483911208808422 0.004026469774544239 0.004306372255086899 0.004974825773388147 0.005432214587926865 0.005567948333919048 0.005588406231254339 0.005590143613517284 0.005590267013758421 0.00559027586132288 0.005590267479419708 0.005590222775936127 0.00559011148288846 0.005589968990534544 0.005589917302131653 0.0055899848230183125 0.005590118933469057 0.005590221378952265 0.005590264685451984 0.005590252112597227 0.0055899592116475105 0.005588932428508997 0.005588350351899862 0.005589407403022051
0.003992211073637009 -0.0040234848856925964 -0.02358601614832878 -0.0371159203350544 -0.030043624341487885 -0.011199859902262688 0.0020202065352350473 0.004804326221346855 0.005199566949158907 0.005436301697045565 0.005544703453779221 0.005578681360930204 0.005587675608694553 0.0055895294062793255 0.005589487496763468 0.005586595740169287 0.005571071989834309 0.0055132233537733555 0.005385843105614185 0.005269784014672041 0.005309926811605692 0.005455360282212496 0.005555997136980295 0.005585651379078627 0.005589920561760664 0.0055902572348713875 0.00559027586132288 0.005590246990323067 0.005589914973825216 0.005588267929852009 0.005584459751844406 0.005580556578934193 0.005580391734838486 0.005583780352026224 0.005587580613791943 0.00558957876637578 0.0055901543237268925 0.0055900379084050655 0.005588241387158632 0.005583369173109531 0.005580818746238947 0.0055861403234303
0.007456908002495766 0.005555461626499891 -0.01034383662045002 -0.028722457587718964 -0.03268454596400261 -0.018965141847729683 -0.0015271836891770363 0.004802973475307226 0.005479451734572649 0.005561315920203924 0.005585073493421078 0.005589423235505819 0.0055900877341628075 0.005590150132775307 0.005590025335550308 0.0055894735269248486 0.0055871088989079 0.005579160992056131 0.005560312885791063 0.005539960227906704 0.005541025660932064 0.005563381128013134 0.00558283319696784 0.0055892253294587135 0.005590199492871761 0.005590274464339018 0.005590262357145548 0.0055897352285683155 0.005583626218140125 0.005556258372962475 0.005504307337105274 0.00546437781304121 0.005473834462463856 0.005520840175449848 0.005564712453633547 0.005584667436778545 0.00558946980163455 0.005589282605797052 0.005583914928138256 0.005570312030613422 0.005560846533626318 0.005575588438659906
0.009772120974957943 0.011906733736395836 0.0023249781224876642 -0.017316993325948715 -0.030615460127592087 -0.02460072562098503 -0.007511514239013195 0.003514928510412574 0.0054747723042964935 0.005576914642006159 0.005587789695709944 0.005589739419519901 0.0055900863371789455 0.005590162705630064 0.005590155255049467 0.00559005793184042 0.005589742213487625 0.005588765721768141 0.005586473736912012 0.0055833072401583195 0.00558250118046999 0.005585421342402697 0.0055886851623654366 0.00559003371745348 0.005590260028839111 0.005590276792645454 0.005590161308646202 0.005585681181401014 0.005537112709134817 0.005363799631595612 0.005120692774653435 0.0049858130514621735 0.005044545046985149 0.005251532420516014 0.0054599870927631855 0.005561716388911009 0.005586482118815184 0.005588204134255648 0.005579719319939613 0.005555806681513786 0.005531030707061291 0.005555372219532728
0.010787704028189182 0.014387670904397964 0.009976654313504696 -0.007743192836642265 -0.02647516503930092 -0.029417268931865692 -0.014929298311471939 0.0001280573196709156 0.005134104751050472 0.005553311202675104 0.00558103621006012 0.005588124971836805 0.00558975525200367 0.005590106826275587 0.005590185523033142 0.00559019111096859 0.005590147338807583 0.005590017419308424 0.005589724518358707 0.005589302163571119 0.005589072126895189 0.005589375738054514 0.005589938722550869 0.005590219050645828 0.0055902739986777306 0.005590276326984167 0.005589871201664209 0.005572397727519274 0.005403674207627773 0.0049495818093419075 0.004522840958088636 0.004368847236037254 0.004443286918103695 0.004763134755194187 0.005213763564825058 0.005496379919350147 0.005577051546424627 0.0055873882956802845 0.005580398254096508 0.005553727503865957 0.005513731390237808 0.0055383644066751
0.010249245911836624 0.014153337106108665 0.012809423729777336 0.000845850445330143 -0.017943495884537697 -0.02659197896718979 -0.01810075156390667 -0.0034727919846773148 0.004290085751563311 0.0054442305117845535 0.0055533903650939465 0.005582388490438461 0.005588824395090342 0.005589959677308798 0.005590178072452545 0.005590224638581276 0.005590230226516724 0.005590216722339392 0.005590177606791258 0.005590114276856184 0.005590072833001614 0.005590109154582024 0.0055902074091136456 0.005590265151113272 0.005590277723968029 0.005590276792645454 0.0055896504782140255 0.005557697266340256 0.0052609252743422985 0.00461181066930294 0.004234411288052797 0.00420825881883502 0.004205247852951288 0.004375954158604145 0.004903322085738182 0.005382623057812452 0.005556035321205854 0.005585645791143179 0.005584720987826586 0.005566288251429796 0.0055274683982133865 0.005545465275645256
0.00800069235265255 0.01155557669699192 0.011442799121141434 0.005553489085286856 -0.006358030252158642 -0.014232730492949486 -0.012328185141086578 -0.002896999940276146 0.0036830592434853315 0.005221761297434568 0.005487622693181038 0.005567699205130339 0.005586514249444008 0.005589643027633429 0.0055901361629366875 0.005590227898210287 0.005590249318629503 0.005590253043919802 0.0055902497842907906 0.005590241868048906 0.0055902376770973206 0.005590246524661779 0.005590264685451984 0.00559027586132288 0.005590278655290604 0.005590277723968029 0.005589871201664209 0.005561681929975748 0.005257497075945139 0.004559301305562258 0.004207373131066561 0.0042657190933823586 0.00423594331368804 0.0042476654052734375 0.004694447852671146 0.005265510641038418 0.005525353830307722 0.005581047851592302 0.005587592255324125 0.005581005476415157 0.005560186691582203 0.005573239643126726
0.005103592295199633 0.007256133947521448 0.007407176308333874 0.00517642218619585 0.00214655720628798 -9.971391409635544e-05 -0.0004172353073954582 0.001931419363245368 0.004131408873945475 0.005044990684837103 0.00540549959987402 0.005545641295611858 0.0055823782458901405 0.005588913336396217 0.005590005777776241 0.0055902013555169106 0.005590246524661779 0.005590260028839111 0.005590264685451984 0.005590267013758421 0.00559026887640357 0.005590272136032581 0.005590276326984167 0.005590278189629316 0.005590278655290604 0.005590278655290604 0.005590178072452545 0.005578921642154455 0.005401152186095715 0.004813093692064285 0.004298764280974865 0.00420459033921361 0.004205259028822184 0.004269107710570097 0.004675115924328566 0.005219331942498684 0.005501979496330023 0.0055749546736478806 0.00558753265067935 0.005588239058852196 0.005583947524428368 0.005594604182988405
0.004261070862412453 0.004326532129198313 0.004384605213999748 0.004195954650640488 0.004600821994245052 0.004902936983853579 0.004607068374752998 0.004437436815351248 0.004627646412700415 0.004992535337805748 0.005343022756278515 0.0055176797322928905 0.0055743493139743805 0.005587083287537098 0.005589575972408056 0.005590079817920923 0.005590210668742657 0.005590250715613365 0.005590266082435846 0.005590271670371294 0.005590274930000305 0.005590276792645454 0.005590278189629316 0.005590278655290604 0.005590278655290604 0.005590278655290604 0.0055902693420648575 0.005588355474174023 0.005537415388971567 0.005242913030087948 0.004740714095532894 0.004412160720676184 0.004348166286945343 0.004481642507016659 0.004854744300246239 0.0052797324024140835 0.005507090128958225 0.005572953727096319 0.005586721934378147 0.005589674226939678 0.005591352004557848 0.005598179996013641
0.005212168209254742 0.004817566834390163 0.004739584866911173 0.005018441006541252 0.005388085730373859 0.005492886994034052 0.005307940766215324 0.00502595491707325 0.004921100102365017 0.005094383843243122 0.005330771207809448 0.005492690484970808 0.005559318698942661 0.0055815959349274635 0.0055878073908388615 0.0055895294062793255 0.00559003371745348 0.00559020321816206 0.0055902567692101 0.005590272136032581 0.005590276792645454 0.005590278189629316 0.005590278655290604 0.005590278655290604 0.005590278655290604 0.005590278655290604 0.005590278189629316 0.005590144079178572 0.005583776161074638 0.005517635494470596 0.005305204074829817 0.005032937042415142 0.004899367690086365 0.004947379231452942 0.005171135999262333 0.0054113902151584625 0.005538597237318754 0.0055777342058718204 0.005587145686149597 0.005589632783085108 0.0055913543328642845 0.005594245158135891
0.005571926012635231 0.005522482097148895 0.005497467238456011 0.005536848213523626 0.0055753812193870544 0.005561062600463629 0.00546226603910327 0.005301253404468298 0.005206041969358921 0.005236627999693155 0.005355136469006538 0.005460037849843502 0.005527530796825886 0.0055635604076087475 0.0055795651860535145 0.005586330778896809 0.005588981788605452 0.005589967127889395 0.00559021532535553 0.005590267479419708 0.005590276792645454 0.005590278189629316 0.005590278655290604 0.005590278655290604 0.005590278655290604 0.005590278655290604 0.005590278655290604 0.0055902739986777306 0.0055899182334542274 0.005583529826253653 0.00554761802777648 0.00546813290566206 0.005395486019551754 0.005381105002015829 0.0054458430968225 0.0055268146097660065 0.005570693872869015 0.005584731698036194 0.005588583182543516 0.005589789245277643 0.005590574815869331 0.00559137761592865
