2D_landslide/Landslide/figures/2u.txt
ncols   200
nrows   200
xllcorner   0
yllcorner   0
cellsize   12.5
NODATA_value   -9999.00000
[rows 19 to 37 of 200, columns 126 to 167 of 200]
0.936587393283844 0.7868029475212097 0.5198155045509338 0.32448625564575195 0.12513312697410583 -0.00861729122698307 -0.0059290723875164986 0.004512926563620567 0.005531757138669491 0.005581652745604515 0.005582525860518217 0.005580748897045851 0.005577498115599155 0.005574340932071209 0.00557517446577549 0.005579579621553421 0.005585534498095512 0.005589212756603956 0.00559017900377512 0.005590274930000305 0.005590278655290604 0.005590278655290604 0.005590278655290604 0.005590278655290604 0.005590278655290604 0.005590278655290604 0.005590278655290604 0.005590278655290604 0.005590278655290604 0.005590278655290604 0.005590278655290604 0.005590279120951891 0.005590281914919615 0.005590306594967842 0.005590401124209166 0.005590512417256832 0.005590464919805527 0.00559034151956439 0.00559028796851635 0.005590279586613178 0.005590278655290604 0.005590278655290604
1.0061321258544922 0.8752166032791138 0.628333568572998 0.4325614273548126 0.23832571506500244 0.04377909377217293 -0.015517029911279678 0.001154004130512476 0.0053032999858260155 0.005571025423705578 0.005585627630352974 0.005586154293268919 0.0055859703570604324 0.005585371982306242 0.005585585255175829 0.005586899816989899 0.005588694009929895 0.005589901469647884 0.00559023953974247 0.005590276792645454 0.005590278655290604 0.005590278655290604 0.005590278655290604 0.005590278655290604 0.005590278655290604 0.005590278655290604 0.005590278655290604 0.005590278655290604 0.005590278655290604 0.005590278655290604 0.005590278655290604 0.005590278655290604 0.005590279120951891 0.005590283777564764 0.0055903056636452675 0.005590344779193401 0.0055903485044837 0.005590311251580715 0.005590285640209913 0.005590279586613178 0.005590278655290604 0.005590278655290604
1.3273873329162598 0.9890055060386658 0.7252293825149536 0.5354952812194824 0.34084442257881165 0.12472300231456757 -0.011299774050712585 -0.005436460487544537 0.004365155007690191 0.005509447306394577 0.00558250630274415 0.005588116589933634 0.005588773172348738 0.005588921718299389 0.0055890511721372604 0.005589362233877182 0.005589843261986971 0.005590156652033329 0.005590259563177824 0.005590276326984167 0.005590278189629316 0.005590278655290604 0.005590278655290604 0.005590278655290604 0.005590278655290604 0.005590278655290604 0.005590278655290604 0.005590278655290604 0.005590278655290604 0.005590278655290604 0.005590278655290604 0.005590278189629316 0.005590278189629316 0.005590279120951891 0.005590282846242189 0.005590292625129223 0.005590298678725958 0.0055902921594679356 0.005590282846242189 0.005590279586613178 0.005590278655290604 0.005590278655290604
1.7937521934509277 1.0392003059387207 0.8983708024024963 0.6489205360412598 0.4466395676136017 0.23015062510967255 0.03316756710410118 -0.015132071450352669 0.001079535111784935 0.005101192742586136 0.005538036115467548 0.0055802566930651665 0.005586893297731876 0.0055882991291582584 0.005588706117123365 0.00558922253549099 0.005589728709310293 0.00559006305411458 0.0055902209132909775 0.005590264219790697 0.0055902753956615925 0.005590277723968029 0.005590278189629316 0.005590278655290604 0.005590278655290604 0.005590278655290604 0.005590278655290604 0.005590278655290604 0.005590278189629316 0.005590277723968029 0.005590276792645454 0.005590276326984167 0.005590277258306742 0.005590278655290604 0.005590279120951891 0.00559028098359704 0.005590283777564764 0.005590283311903477 0.00559028098359704 0.005590279120951891 0.005590278655290604 0.005590278655290604
2.176300048828125 1.0869261026382446 0.9951232671737671 0.7910780906677246 0.48539474606513977 0.2788873314857483 0.0655074268579483 -0.01622338779270649 -0.0032746559008955956 0.004113415256142616 0.0053490824066102505 0.005537994671612978 0.005570564419031143 0.005579125136137009 0.005583077669143677 0.005585440434515476 0.005587766878306866 0.005589262116700411 0.005589955952018499 0.005590173415839672 0.005590243265032768 0.005590264219790697 0.005590272136032581 0.005590274930000305 0.0055902753956615925 0.0055902753956615925 0.0055902739986777306 0.005590270273387432 0.005590260960161686 0.005590248852968216 0.005590247921645641 0.0055902618914842606 0.005590274464339018 0.005590278189629316 0.005590278655290604 0.005590279120951891 0.005590279586613178 0.0055902800522744656 0.0055902800522744656 0.005590279120951891 0.005590278655290604 0.005590278655290604
2.5374643802642822 1.2031195163726807 1.0784708261489868 0.7126497626304626 0.5042189359664917 0.2985737919807434 0.08665744960308075 -0.013765690848231316 -0.007251107133924961 0.0024745732080191374 0.004867274779826403 0.005382218398153782 0.00549814710393548 0.005535932723432779 0.005553389433771372 0.005566006992012262 0.0055774059146642685 0.005584652069956064 0.005588117055594921 0.005589435342699289 0.005589883308857679 0.005590063985437155 0.005590148735791445 0.005590182729065418 0.0055901892483234406 0.005590176675468683 0.005590113811194897 0.00558991776779294 0.005589619744569063 0.00558948190882802 0.005589771084487438 0.005590127315372229 0.005590259563177824 0.005590277723968029 0.005590278655290604 0.005590278655290604 0.005590279120951891 0.005590279120951891 0.005590279120951891 0.005590279120951891 0.005590279120951891 0.005590278655290604
2.4654884338378906 1.298282504081726 1.082807183265686 0.7266578674316406 0.5075141191482544 0.3025111258029938 0.09459905326366425 -0.01115894690155983 -0.010049188509583473 0.0004942053928971291 0.004073218908160925 0.004971710965037346 0.00525314686819911 0.005366182420402765 0.005429009906947613 0.005484459456056356 0.005526418797671795 0.0055578527972102165 0.0055763982236385345 0.0055836462415754795 0.005586558487266302 0.005587846972048283 0.005588531494140625 0.005588849075138569 0.005588900297880173 0.005588572006672621 0.005586815532296896 0.005582078360021114 0.005575741175562143 0.005575836636126041 0.005583359859883785 0.005588878877460957 0.005590173415839672 0.00559027586132288 0.005590278655290604 0.005590278655290604 0.005590278655290604 0.005590278655290604 0.005590279120951891 0.005590279120951891 0.005590278655290604 0.005590278655290604
1.4818341732025146 1.161048173904419 0.9658246040344238 0.7380483150482178 0.5222203135490417 0.31533777713775635 0.10810534656047821 -0.008039135485887527 -0.012375131249427795 -0.001900684554129839 0.0026488518342375755 0.004035035148262978 0.004540422931313515 0.004777640104293823 0.004942130763083696 0.005123652517795563 0.005280690733343363 0.005414782091975212 0.005502679850906134 0.005543960258364677 0.00556226959452033 0.0055710249580442905 0.00557606341317296 0.0055783758871257305 0.005579295102506876 0.0055737681686878204 0.005548375193029642 0.005485065281391144 0.005409874953329563 0.00542783597484231 0.005519600119441748 0.005577808246016502 0.00558956153690815 0.005590267013758421 0.005590278655290604 0.005590278189629316 0.005590278189629316 0.005590278189629316 0.005590278655290604 0.005590278655290604 0.005590278189629316 0.005590278189629316
1.5083750486373901 1.1740238666534424 0.9702844023704529 0.7456335425376892 0.5255882143974304 0.31060999631881714 0.10524089634418488 -0.007578661665320396 -0.013248931616544724 -0.0035252301022410393 0.0012172674760222435 0.0028929458931088448 0.00337867415510118 0.003576171351596713 0.0037586232647299767 0.0040928213857114315 0.0044679949060082436 0.004871835466474295 0.005190849304199219 0.005367294419556856 0.005456757731735706 0.005503845866769552 0.005530167371034622 0.005544348619878292 0.005547388456761837 0.0055087837390601635 0.0053557525388896465 0.005003399681299925 0.004613187164068222 0.00464289728552103 0.005154394544661045 0.005511046387255192 0.0055859885178506374 0.005590222310274839 0.005590277723968029 0.005590276792645454 0.00559027586132288 0.00559027586132288 0.00559027586132288 0.00559027586132288 0.00559027586132288 0.005590276792645454
1.5183982849121094 1.1882990598678589 0.9871221780776978 0.7493639588356018 0.5256322622299194 0.3147527873516083 0.10405215620994568 -0.0059494199231266975 -0.014168931171298027 -0.005185872316360474 -0.0004141475073993206 0.0012460467405617237 0.0014719902537763119 0.0013359608128666878 0.0014149555936455727 0.0016255555674433708 0.002344961278140545 0.003268633969128132 0.0041899606585502625 0.004796845838427544 0.005143698770552874 0.0053347209468483925 0.005437001120299101 0.005487715359777212 0.0054774717427790165 0.005241736304014921 0.004559191409498453 0.0035943046677857637 0.0025452198460698128 0.002401887672021985 0.003903057426214218 0.005231036804616451 0.005568418651819229 0.005589994136244059 0.005590273067355156 0.005590266082435846 0.005590257700532675 0.005590254440903664 0.005590256303548813 0.005590260960161686 0.005590266082435846 0.005590272136032581
1.5319503545761108 1.2126729488372803 1.0051270723342896 0.770902693271637 0.5423016548156738 0.32278159260749817 0.11614978313446045 -0.002038732171058655 -0.01520986296236515 -0.006968111731112003 -0.0021316297352313995 -0.0005854223854839802 -0.0008200486190617085 -0.0015948666259646416 -0.0020916108042001724 -0.002241804264485836 -0.0018693441525101662 -0.000447283498942852 0.0016331560909748077 0.0033767425920814276 0.004448682069778442 0.005029528401792049 0.005304575432091951 0.005408076569437981 0.0053503066301345825 0.004513056017458439 0.0022730494383722544 0.0006193229928612709 -0.0005792533047497272 -0.0011417013593018055 0.001288801897317171 0.0044740792363882065 0.005503148306161165 0.005588994827121496 0.005590253043919802 0.005590194836258888 0.005590106826275587 0.005590064451098442 0.005590098910033703 0.0055901650339365005 0.005590221378952265 0.005590256303548813
1.7879197597503662 1.2630864381790161 1.068869709968567 0.8222072124481201 0.5800600051879883 0.3617617189884186 0.1525966078042984 0.012237455695867538 -0.016405116766691208 -0.010344378650188446 -0.005085536278784275 -0.00335757527500391 -0.003914957866072655 -0.005260019563138485 -0.006709901615977287 -0.008265604265034199 -0.009615668095648289 -0.00903552956879139 -0.0052539389580488205 -0.0009556375443935394 0.0024161089677363634 0.004191119223833084 0.004984612576663494 0.005243084859102964 0.005152358673512936 0.0035875223111361265 -0.0008802213706076145 -0.004023391753435135 -0.004039832390844822 -0.004859955981373787 -0.0020526847802102566 0.0030501943547278643 0.005330787971615791 0.005585385952144861 0.005590158049017191 0.005589750129729509 0.005588941741734743 0.005588460247963667 0.0055887773633003235 0.005589482374489307 0.005589969921857119 0.0055901906453073025
1.8821407556533813 1.3093934059143066 1.1101562976837158 0.8668510317802429 0.6222503781318665 0.3964170217514038 0.19344176352024078 0.03422962874174118 -0.015393091365695 -0.01290876604616642 -0.0073455944657325745 -0.0057031381875276566 -0.006291555240750313 -0.007841436192393303 -0.009598528034985065 -0.012465877458453178 -0.017860770225524902 -0.0226102564483881 -0.02060646004974842 -0.012784268707036972 -0.0038711940869688988 0.001651060301810503 0.004124510567635298 0.004911856260150671 0.005013127811253071 0.003772421507164836 -0.0004904069937765598 -0.003768451511859894 -0.004335744306445122 -0.005739250220358372 -0.004005758091807365 0.0017090581823140383 0.005083462689071894 0.005577886942774057 0.005589849315583706 0.005587892606854439 0.005582993384450674 0.0055786906741559505 0.005580241326242685 0.005585093982517719 0.0055885957553982735 0.005589907988905907
2.0296735763549805 1.3852813243865967 1.1591923236846924 0.926138162612915 0.6807882785797119 0.45786935091018677 0.25230690836906433 0.07707832753658295 -0.007080258801579475 -0.016003206372261047 -0.011262428015470505 -0.008971232920885086 -0.009063717909157276 -0.010212058201432228 -0.011799916625022888 -0.015176158398389816 -0.025496654212474823 -0.03978075087070465 -0.044420283287763596 -0.03475404530763626 -0.0180521197617054 -0.004493040032684803 0.002206343924626708 0.004351495765149593 0.004893062170594931 0.004503399599343538 0.0025358940474689007 2.4415552616119385e-05 -0.0015490823425352573 -0.004221518523991108 -0.0039065321907401085 0.001101180911064148 0.004875271115452051 0.005567623768001795 0.005588938482105732 0.0055816080421209335 0.005560302175581455 0.005536540411412716 0.005538715980947018 0.005562236066907644 0.005581574514508247 0.005588662810623646
2.2226078510284424 1.510506510734558 1.211169958114624 0.999995231628418 0.7569761276245117 0.5320366621017456 0.3274874985218048 0.14323578774929047 0.022160397842526436 -0.013857772573828697 -0.015718061476945877 -0.013479461893439293 -0.01267312839627266 -0.012821272015571594 -0.013126662001013756 -0.015500912442803383 -0.0281539224088192 -0.05130060017108917 -0.06487594544887543 -0.05853552743792534 -0.03635529428720474 -0.013386236503720284 -0.0004859599284827709 0.0037226309068500996 0.004801794420927763 0.004922765307128429 0.004385203123092651 0.0031811262015253305 0.0010446920059621334 -0.001909448765218258 -0.002450123429298401 0.0013404549099504948 0.00482526421546936 0.005560905672609806 0.005586209706962109 0.005564047954976559 0.005495860241353512 0.005408075172454119 0.005394965875893831 0.005473569501191378 0.005552305374294519 0.005583579186350107
2.597534656524658 1.878872275352478 1.2985926866531372 1.0763071775436401 0.8549312353134155 0.628919243812561 0.421512633562088 0.24601076543331146 0.09847098588943481 0.012990279123187065 -0.011934783309698105 -0.016329454258084297 -0.016164785251021385 -0.01559465005993843 -0.014876367524266243 -0.015652930364012718 -0.027488496154546738 -0.053937751799821854 -0.07468798756599426 -0.07257838547229767 -0.04976246878504753 -0.0210934616625309 -0.0031680893152952194 0.0030843615531921387 0.004673410672694445 0.005016555078327656 0.004869290627539158 0.004141324199736118 0.0024325118865817785 -0.00019896123558282852 -0.0011063795536756516 0.0018199586775153875 0.004826667718589306 0.005554836709052324 0.005575379356741905 0.005508634261786938 0.005323042627424002 0.005071947816759348 0.004996299743652344 0.005201111081987619 0.005447589326649904 0.005563785787671804
2.6848647594451904 2.0619711875915527 1.4272079467773438 1.125715732574463 0.9198656678199768 0.704292893409729 0.5041555166244507 0.32738855481147766 0.17912134528160095 0.06896069645881653 0.011077424511313438 -0.008696814067661762 -0.014837676659226418 -0.016378778964281082 -0.015751099213957787 -0.014407819136977196 -0.020586803555488586 -0.04366426542401314 -0.06607475876808167 -0.0663290023803711 -0.04601123556494713 -0.019081516191363335 -0.0022467272356152534 0.0034701325930655003 0.004868243355304003 0.005174530204385519 0.005091864615678787 0.004611481446772814 0.003303676610812545 0.0014545321464538574 0.0006867633201181889 0.002679905854165554 0.004984069615602493 0.005553667899221182 0.005545871332287788 0.005390079226344824 0.005021287593990564 0.004540637135505676 0.004338381811976433 0.004707097541540861 0.00523268012329936 0.005518294405192137
2.750082015991211 2.2903215885162354 1.6164661645889282 1.1866382360458374 0.9673110246658325 0.7701525092124939 0.5776934027671814 0.40857821702957153 0.2615528702735901 0.14465108513832092 0.060581136494874954 0.016485922038555145 -0.004911408759653568 -0.01423889771103859 -0.016373639926314354 -0.01376301422715187 -0.013892004266381264 -0.02709418535232544 -0.044321898370981216 -0.044767167419195175 -0.029039565473794937 -0.009605172090232372 0.001011878252029419 0.004364206921309233 0.0051592434756457806 0.005314716603606939 0.005243753548711538 0.0048551661893725395 0.0038587255403399467 0.0023731638211756945 0.001808488043025136 0.003399968845769763 0.005111495032906532 0.005535694770514965 0.0054565011523664 0.005149635951966047 0.004540139809250832 0.003898720722645521 0.0036084975581616163 0.004136611707508564 0.0049601150676608086 0.005454746540635824
2.7572007179260254 2.458373785018921 1.8318464756011963 1.2720729112625122 0.9987043738365173 0.8146435618400574 0.6353183388710022 0.472460001707077 0.3369315564632416 0.219900980591774 0.12771224975585938 0.060025665909051895 0.01621158793568611 -0.007960686460137367 -0.01631246507167816 -0.013472985476255417 -0.008880127221345901 -0.013519169762730598 -0.020436448976397514 -0.019053209573030472 -0.00944436900317669 -0.0005246973596513271 0.003880196250975132 0.005080593749880791 0.005380881484597921 0.005428836215287447 0.0053528062999248505 0.005035164766013622 0.004233723971992731 0.0030664815567433834 0.0026432545855641365 0.003865327686071396 0.0051491823978722095 0.005448434967547655 0.0052350894547998905 0.004752285312861204 0.003993582911789417 0.003274302463978529 0.003053901717066765 0.0037271142937242985 0.004758897237479687 0.0054109953343868256
