2D_landslide/Landslide/figures/3h.txt
ncols   200
nrows   200
xllcorner   0
yllcorner   0
cellsize   12.5
NODATA_value   -9999.00000
[rows 160 to 179 of 200, columns 129 to 171 of 200]
0.0 0.0 0.0 0.0 0.0 0.0 0.0 0.0034175775945186615 0.006020497530698776 0.006915569771081209 0.007139652501791716 0.0069285486824810505 0.005445689428597689 0.0014655683189630508 0.0 0.0 0.0006238743662834167 0.0029750270769000053 0.0 0.0 0.0 0.0 0.0 0.0 0.0 0.0 0.0 0.0001317099668085575 0.0026842053048312664 0.001507734414190054 0.0 0.0 0.0 0.0 0.00020828796550631523 0.006390533410012722 0.0072485036216676235 0.00727700162678957 0.007277496159076691 0.007277544587850571 0.007277549244463444 0.007277549244463444 0.007277549244463444
0.0 0.0 0.0 0.0 0.0 0.0 0.0 0.0029483656398952007 0.005871479865163565 0.006931931246072054 0.0071783591993153095 0.0070958384312689304 0.0062623717822134495 0.0039610350504517555 0.0015845946036279202 0.0020544305443763733 0.004672245122492313 0.005650377832353115 0.0032548722811043262 0.0 0.0 0.0 0.0 0.0 0.0 0.0 0.0006582159548997879 0.003719481872394681 0.005356042645871639 0.005379063542932272 0.0016684867441654205 0.0 0.0 0.0 0.0035247672349214554 0.006821289658546448 0.007257535587996244 0.007277130149304867 0.007277540862560272 0.0072775487788021564 0.007277549244463444 0.007277549244463444 0.007277549244463444
0.0 0.0 0.0 0.0 0.0 0.0 0.0 0.0033977467101067305 0.006037695333361626 0.007006722502410412 0.007218761369585991 0.007179386913776398 0.006724704056978226 0.0054985289461910725 0.004363906569778919 0.004896092228591442 0.006328333634883165 0.006747422739863396 0.0055319820530712605 0.0022278688848018646 0.0 0.0 0.0 0.0 0.0 0.0021969801746308804 0.004835336469113827 0.006187122315168381 0.006774221546947956 0.006837586406618357 0.005630407948046923 0.002390725538134575 0.0002213963307440281 0.0022484222427010536 0.00562429241836071 0.007041366305202246 0.007262847851961851 0.007277138531208038 0.007277543190866709 0.007277549244463444 0.007277549244463444 0.007277549244463444 0.007277549244463444
0.00462025823071599 0.002434189897030592 0.0 0.0 0.0 0.0 0.0 0.004130538087338209 0.006273833103477955 0.007079594302922487 0.007243493106216192 0.007223161868751049 0.006998391356319189 0.006428539752960205 0.0059678866527974606 0.006320631597191095 0.006972518749535084 0.007127176504582167 0.006679012905806303 0.0052594514563679695 0.0028560031205415726 0.0008176546543836594 0.0005340850912034512 0.0020534563809633255 0.004254791419953108 0.005917235277593136 0.006753344088792801 0.00708011956885457 0.007196072489023209 0.0071907429955899715 0.006811732891947031 0.005637117195874453 0.0046620480716228485 0.005317464005202055 0.006586847361177206 0.007167315576225519 0.007269996218383312 0.007277308031916618 0.007277544587850571 0.007277549244463444 0.007277549244463444 0.007277549244463444 0.007277549244463444
0.006915898993611336 0.006395578850060701 0.005236237309873104 0.0039041414856910706 0.0023346072994172573 0.0016869227401912212 0.0027854093350470066 0.005196874961256981 0.006604707799851894 0.007155063562095165 0.007260154001414776 0.007254638243466616 0.007168923504650593 0.006964386440813541 0.006819302216172218 0.006974272429943085 0.00719425268471241 0.007224805653095245 0.007077598478645086 0.006646685767918825 0.005896368995308876 0.0052646067924797535 0.0053034257143735886 0.005957765504717827 0.006651539821177721 0.007044290658086538 0.007195695303380489 0.007247656583786011 0.007266140077263117 0.0072563886642456055 0.00712540140375495 0.006727301049977541 0.006403161212801933 0.0066429125145077705 0.007068597711622715 0.00724670197814703 0.007275538519024849 0.007277479860931635 0.0072775473818182945 0.007277549244463444 0.007277549244463444 0.007277549244463444 0.007277549244463444
0.007256409619003534 0.007209283299744129 0.007034172769635916 0.006671785376966 0.005949832033365965 0.005216781049966812 0.005232866387814283 0.006209541577845812 0.006915103644132614 0.007214201148599386 0.007270233705639839 0.00727073522284627 0.007248290348798037 0.007196816150099039 0.007164743263274431 0.0072099813260138035 0.007255311589688063 0.007235093042254448 0.007152451667934656 0.007027364335954189 0.006872301455587149 0.0067703332751989365 0.0068368734791874886 0.007015211973339319 0.007161523215472698 0.007230640854686499 0.007257992401719093 0.007270356640219688 0.007275308482348919 0.007271639537066221 0.00723515497520566 0.007138997316360474 0.007083553820848465 0.007158324588090181 0.007245314307510853 0.007273572497069836 0.007277307566255331 0.007277540396898985 0.0072775487788021564 0.007277549244463444 0.007277549244463444 0.007277549244463444 0.007277549244463444
0.007276630494743586 0.007275636773556471 0.00726733123883605 0.007229652255773544 0.007094777654856443 0.006829726509749889 0.006665957625955343 0.006887621246278286 0.007130288984626532 0.007251872215420008 0.007274854462593794 0.007276083342730999 0.007272064685821533 0.007263354491442442 0.007258485537022352 0.0072656795382499695 0.007265209686011076 0.007224998436868191 0.007137416861951351 0.007065845187753439 0.007050611078739166 0.00707654794678092 0.007133763749152422 0.007196798454970121 0.007238274440169334 0.007260018959641457 0.007270907051861286 0.00727575970813632 0.007277156226336956 0.007276337128132582 0.0072705550119280815 0.007259412668645382 0.007257753983139992 0.00726829981431365 0.007275620941072702 0.0072773527354002 0.007277537602931261 0.0072775487788021564 0.007277549244463444 0.007277549244463444 0.007277549244463444 0.007277549244463444 0.007277549244463444
0.00727732153609395 0.007277490571141243 0.007277322001755238 0.007275799755007029 0.007264588959515095 0.007221167907118797 0.007159300614148378 0.0071729193441569805 0.007231777533888817 0.007268533110618591 0.007276608143001795 0.007277282420545816 0.007276835851371288 0.00727583235129714 0.0072752367705106735 0.007274833042174578 0.007263995241373777 0.007213447242975235 0.00711414497345686 0.007046668790280819 0.007071336731314659 0.007135230116546154 0.007194568868726492 0.007236522156745195 0.007259983103722334 0.007271374575793743 0.00727598974481225 0.007277295459061861 0.007277509663254023 0.007277414668351412 0.007277014199644327 0.007276586256921291 0.007276827935129404 0.0072773112915456295 0.007277511991560459 0.007277545984834433 0.007277549244463444 0.007277549244463444 0.007277549244463444 0.007277549244463444 0.007277549244463444 0.007277549244463444 0.007277549244463444
0.007277481257915497 0.007277536205947399 0.0072775413282215595 0.007277512922883034 0.007277034223079681 0.00727328984066844 0.0072626275941729546 0.007258315570652485 0.007266476284712553 0.007274957373738289 0.007277230732142925 0.007277441676706076 0.007277218159288168 0.007276639342308044 0.007275888230651617 0.0072743589989840984 0.00726280827075243 0.007214052602648735 0.007121139205992222 0.007070224732160568 0.00711357407271862 0.00718299113214016 0.007233494892716408 0.007260467857122421 0.007272160146385431 0.0072763171046972275 0.007277362514287233 0.007277532946318388 0.0072775473818182945 0.007277543190866709 0.007277534808963537 0.007277533411979675 0.007277541793882847 0.0072775473818182945 0.007277549244463444 0.007277549244463444 0.007277549244463444 0.007277549244463444 0.007277549244463444 0.007277548313140869 0.007277547847479582 0.0072775487788021564 0.007277549244463444
0.007277528755366802 0.007277544587850571 0.007277546916157007 0.007277547847479582 0.0072775352746248245 0.007277337368577719 0.007276220712810755 0.007274948991835117 0.007275478448718786 0.007276873104274273 0.0072772083804011345 0.0072761718183755875 0.007272305432707071 0.007264635059982538 0.007257919292896986 0.007258825469762087 0.007258350495249033 0.00723084295168519 0.007174608763307333 0.007152950391173363 0.007191226817667484 0.00723683089017868 0.007262589875608683 0.0072733378037810326 0.007276675198227167 0.007277425844222307 0.007277538534253836 0.0072775487788021564 0.007277549244463444 0.007277549244463444 0.007277549244463444 0.007277549244463444 0.007277549244463444 0.007277549244463444 0.007277549244463444 0.007277549244463444 0.007277549244463444 0.007277549244463444 0.007277548313140869 0.00727754645049572 0.00727754645049572 0.007277548313140869 0.007277549244463444
0.007277543190866709 0.0072775473818182945 0.007277548313140869 0.0072775487788021564 0.007277548313140869 0.007277539931237698 0.0072774626314640045 0.00727726798504591 0.007277177646756172 0.007277018390595913 0.007274896837770939 0.007265183608978987 0.007235832512378693 0.007186255417764187 0.007152193691581488 0.0071723987348377705 0.007222749292850494 0.007245893124490976 0.00723622040823102 0.007235242985188961 0.0072525376453995705 0.007267719600349665 0.007274784613400698 0.007276993710547686 0.0072774738073349 0.0072775427252054214 0.0072775487788021564 0.007277549244463444 0.007277549244463444 0.007277549244463444 0.007277549244463444 0.007277549244463444 0.007277549244463444 0.007277549244463444 0.007277549244463444 0.007277549244463444 0.007277549244463444 0.0072775487788021564 0.0072775473818182945 0.007277545984834433 0.007277546916157007 0.007277548313140869 0.007277549244463444
0.007277546916157007 0.007277548313140869 0.0072775487788021564 0.0072775487788021564 0.007277548313140869 0.007277546916157007 0.007277536205947399 0.007277477532625198 0.007277161348611116 0.007275261450558901 0.007265361957252026 0.007227959576994181 0.007128727622330189 0.006972237955778837 0.006868446245789528 0.006929671857506037 0.007102997042238712 0.007228357717394829 0.007263954728841782 0.007269637193530798 0.007273613940924406 0.007276245392858982 0.007277260068804026 0.007277507334947586 0.007277545519173145 0.007277549244463444 0.007277549244463444 0.007277549244463444 0.007277549244463444 0.007277549244463444 0.007277549244463444 0.007277549244463444 0.007277549244463444 0.007277549244463444 0.007277549244463444 0.007277549244463444 0.007277549244463444 0.0072775487788021564 0.007277547847479582 0.0072775473818182945 0.007277548313140869 0.007277549244463444 0.007277549244463444
0.007277548313140869 0.0072775487788021564 0.0072775487788021564 0.007277548313140869 0.007277546916157007 0.007277540396898985 0.007277504075318575 0.0072772991843521595 0.007276196964085102 0.00727098761126399 0.007249652873724699 0.007179019972681999 0.0070032477378845215 0.006726783700287342 0.0065137604251503944 0.006580318324267864 0.00689089298248291 0.007164083421230316 0.007261885330080986 0.007276024669408798 0.007277180906385183 0.007277448195964098 0.007277531083673239 0.0072775473818182945 0.007277549244463444 0.007277549244463444 0.007277549244463444 0.007277549244463444 0.007277549244463444 0.007277549244463444 0.007277549244463444 0.007277549244463444 0.007277549244463444 0.007277549244463444 0.007277549244463444 0.007277549244463444 0.007277549244463444 0.0072775487788021564 0.0072775487788021564 0.0072775487788021564 0.007277549244463444 0.007277549244463444 0.007277549244463444
0.0072775487788021564 0.0072775487788021564 0.0072775487788021564 0.007277547847479582 0.007277542259544134 0.0072775110602378845 0.007277362048625946 0.007276786956936121 0.007274642586708069 0.007267203647643328 0.007241963408887386 0.007167150732129812 0.006983191706240177 0.006673763040453196 0.006382544990628958 0.006375589407980442 0.006704065017402172 0.0070773581974208355 0.007244872394949198 0.007275343406945467 0.007277471479028463 0.007277543190866709 0.007277548313140869 0.007277549244463444 0.007277549244463444 0.007277549244463444 0.007277549244463444 0.007277549244463444 0.007277549244463444 0.007277549244463444 0.007277549244463444 0.007277549244463444 0.007277549244463444 0.007277549244463444 0.007277549244463444 0.007277549244463444 0.007277549244463444 0.007277549244463444 0.007277549244463444 0.007277549244463444 0.007277549244463444 0.007277549244463444 0.007277549244463444
0.0072775487788021564 0.0072775487788021564 0.007277548313140869 0.007277545984834433 0.007277528755366802 0.007277441211044788 0.007277123164385557 0.007276252377778292 0.007274001836776733 0.007268005516380072 0.007250664290040731 0.007202776614576578 0.0070822290144860744 0.006856548599898815 0.006590960547327995 0.006491790991276503 0.00669575110077858 0.007030654698610306 0.007225679233670235 0.007272789254784584 0.007277363445609808 0.007277545519173145 0.007277549244463444 0.007277549244463444 0.007277549244463444 0.007277549244463444 0.007277549244463444 0.007277549244463444 0.007277549244463444 0.007277549244463444 0.007277549244463444 0.007277549244463444 0.007277549244463444 0.007277549244463444 0.007277549244463444 0.007277549244463444 0.007277549244463444 0.007277549244463444 0.007277549244463444 0.007277549244463444 0.007277549244463444 0.007277549244463444 0.007277549244463444
0.007277548313140869 0.007277548313140869 0.007277547847479582 0.007277543656527996 0.007277516182512045 0.00727738905698061 0.007277019787579775 0.007276270072907209 0.0072748553939163685 0.007271830458194017 0.00726420059800148 0.0072439126670360565 0.007191610988229513 0.007081418298184872 0.006920246873050928 0.006806344259530306 0.006866058800369501 0.007063814904540777 0.007219004910439253 0.007269951514899731 0.007277098949998617 0.007277535740286112 0.0072775487788021564 0.007277549244463444 0.007277549244463444 0.007277549244463444 0.007277549244463444 0.007277549244463444 0.007277549244463444 0.007277549244463444 0.007277549244463444 0.007277549244463444 0.007277549244463444 0.007277549244463444 0.007277549244463444 0.007277549244463444 0.007277549244463444 0.007277549244463444 0.007277549244463444 0.007277549244463444 0.007277549244463444 0.007277549244463444 0.007277549244463444
0.007277546916157007 0.0072775473818182945 0.00727754645049572 0.007277542259544134 0.007277519907802343 0.00727742537856102 0.007277187425643206 0.00727680092677474 0.0072762263007462025 0.007275218144059181 0.0072729019448161125 0.007266962435096502 0.007251280825585127 0.0072150747291743755 0.007151031866669655 0.007084000390022993 0.007076549809426069 0.007148949895054102 0.0072316755540668964 0.007269165478646755 0.007276793476194143 0.007277513388544321 0.007277548313140869 0.007277549244463444 0.007277549244463444 0.007277549244463444 0.007277549244463444 0.007277549244463444 0.007277549244463444 0.007277549244463444 0.007277549244463444 0.007277549244463444 0.007277549244463444 0.007277549244463444 0.007277549244463444 0.007277549244463444 0.007277549244463444 0.007277549244463444 0.007277549244463444 0.007277549244463444 0.007277549244463444 0.007277549244463444 0.007277549244463444
0.007277541793882847 0.007277543190866709 0.0072775427252054214 0.007277540862560272 0.007277531549334526 0.0072774942964315414 0.007277401629835367 0.007277260068804026 0.007277069613337517 0.007276786956936121 0.007276203483343124 0.007274702191352844 0.007271133828908205 0.0072628892958164215 0.007245923858135939 0.007222211454063654 0.007208839524537325 0.007223195396363735 0.007252410054206848 0.007271172013133764 0.007276688702404499 0.007277484983205795 0.007277545984834433 0.007277549244463444 0.007277549244463444 0.007277549244463444 0.007277549244463444 0.007277549244463444 0.007277549244463444 0.007277549244463444 0.007277549244463444 0.007277549244463444 0.007277549244463444 0.007277549244463444 0.007277549244463444 0.007277549244463444 0.007277549244463444 0.007277549244463444 0.007277549244463444 0.007277549244463444 0.007277549244463444 0.007277549244463444 0.007277549244463444
0.00727751012891531 0.0072775292210280895 0.007277532946318388 0.0072775352746248245 0.0072775352746248245 0.007277526427060366 0.007277493830770254 0.007277425844222307 0.007277307100594044 0.007277125492691994 0.0072767604142427444 0.0072757890447974205 0.007274944335222244 0.007274135947227478 0.0072711557149887085 0.007265537977218628 0.007260255049914122 0.007260777987539768 0.007267547305673361 0.0072740837931632996 0.007276867516338825 0.007277471479028463 0.007277543656527996 0.0072775487788021564 0.007277549244463444 0.007277549244463444 0.007277549244463444 0.007277549244463444 0.007277549244463444 0.007277549244463444 0.007277549244463444 0.007277549244463444 0.007277549244463444 0.007277549244463444 0.007277549244463444 0.007277549244463444 0.007277549244463444 0.007277549244463444 0.007277549244463444 0.007277549244463444 0.007277549244463444 0.007277549244463444 0.007277549244463444
0.007276616524904966 0.007277410477399826 0.007277493365108967 0.007277516182512045 0.007277525961399078 0.007277519907802343 0.007277483120560646 0.0072773899883031845 0.007277109194546938 0.007276448421180248 0.007275246549397707 0.007273288443684578 0.007273182272911072 0.0072749583050608635 0.007275321055203676 0.00727441580966115 0.007273389957845211 0.007273143157362938 0.007274321746081114 0.007276069838553667 0.007277138996869326 0.007277479860931635 0.0072775413282215595 0.0072775487788021564 0.007277549244463444 0.007277549244463444 0.007277549244463444 0.007277549244463444 0.007277549244463444 0.007277549244463444 0.007277549244463444 0.007277549244463444 0.007277549244463444 0.007277549244463444 0.007277549244463444 0.007277549244463444 0.007277549244463444 0.007277549244463444 0.007277549244463444 0.007277549244463444 0.007277549244463444 0.007277549244463444 0.007277549244463444
