2D_landslide/Landslide/figures/3h.txt
ncols   200
nrows   200
xllcorner   0
yllcorner   0
cellsize   12.5
NODATA_value   -9999.00000
[rows 180 to 199 of 200, columns 0 to 42 of 200]
0.006948564201593399 0.006858981214463711 0.006812480743974447 0.006774854846298695 0.006692061200737953 0.006516690365970135 0.006185504607856274 0.005544889252632856 0.004556696861982346 0.00339307589456439 0.0024869563058018684 0.002315908670425415 0.003065295983105898 0.0045792823657393456 0.006068670190870762 0.0069116163067519665 0.007201592903584242 0.007264334708452225 0.007270617410540581 0.007260583341121674 0.007237801793962717 0.007205890957266092 0.0071761454455554485 0.007158930413424969 0.0071598016656935215 0.0071738907136023045 0.007193294819444418 0.007208589464426041 0.0072191436775028706 0.007223797030746937 0.007220078259706497 0.007205530535429716 0.007173645775765181 0.007111435756087303 0.0069985720328986645 0.0068094730377197266 0.006495448760688305 0.006081718020141125 0.005621618591248989 0.005185776390135288 0.004792348947376013 0.004905701614916325 0.005397203378379345
0.006735146977007389 0.006663474719971418 0.006644084118306637 0.006626145914196968 0.006539772730320692 0.006342618260532618 0.005937569309026003 0.005205627530813217 0.0040871803648769855 0.002920812927186489 0.0021759243682026863 0.002254749648272991 0.0032640453428030014 0.0048904865980148315 0.006246213335543871 0.00694001279771328 0.007177453022450209 0.007251323200762272 0.007268954534083605 0.007264802698045969 0.007246046792715788 0.007212871685624123 0.007170775439590216 0.007131990045309067 0.007107781246304512 0.0071029155515134335 0.007106952369213104 0.007114988751709461 0.007119086571037769 0.00711085693910718 0.007084561046212912 0.007025573868304491 0.006915809120982885 0.0067061567679047585 0.006355487275868654 0.0058057475835084915 0.004960518795996904 0.003932090476155281 0.002877424471080303 0.0020232773385941982 0.0012612799182534218 0.0016943207010626793 0.002951838541775942
0.006512750405818224 0.006488182116299868 0.006523309741169214 0.006547126453369856 0.006475742906332016 0.006292362697422504 0.005905101075768471 0.0052317064255476 0.004324769601225853 0.003467381466180086 0.0030267522670328617 0.0033559324219822884 0.004385026171803474 0.0056882211938500404 0.0066041480749845505 0.007002331782132387 0.007142272777855396 0.007219827268272638 0.007257434539496899 0.007265824358910322 0.007252256385982037 0.007216990925371647 0.0071567087434232235 0.007080365438014269 0.006998614873737097 0.006934043485671282 0.006877327337861061 0.006822617724537849 0.006760819815099239 0.006656518206000328 0.006470011547207832 0.006219570524990559 0.005827294196933508 0.00517234904691577 0.004160841926932335 0.0027423338033258915 0.0009795180521905422 0.0 0.0 0.0 0.0 0.0 0.0
0.006280434317886829 0.006323863752186298 0.006427850108593702 0.006514065433293581 0.006495925132185221 0.006371808238327503 0.006074073724448681 0.005608235020190477 0.005021899938583374 0.0045591192319989204 0.004471924155950546 0.004881685134023428 0.005647591315209866 0.006431518588215113 0.006894411984831095 0.0070562041364610195 0.00710280379280448 0.007169323042035103 0.0072283451445400715 0.007258813362568617 0.007255920208990574 0.007218886166810989 0.007136156316846609 0.00699659762904048 0.006798158399760723 0.0065721445716917515 0.006316210143268108 0.006019809283316135 0.005607386585325003 0.00497136265039444 0.00419563427567482 0.003335068468004465 0.0024039424024522305 0.0009835842065513134 0.0 0.0 0.0 0.0 0.0 0.0 0.0 0.0 0.0
0.006119530647993088 0.006252909544855356 0.0064454153180122375 0.006595305632799864 0.006632769014686346 0.00658136373385787 0.006430673412978649 0.0061903661116957664 0.005922417156398296 0.00577437924221158 0.005852109752595425 0.006155733484774828 0.006566933821886778 0.006915414240211248 0.007087044417858124 0.007110987324267626 0.007095341570675373 0.0071286908350884914 0.007195099722594023 0.0072445254772901535 0.007254834286868572 0.00721662538126111 0.007101722992956638 0.006860269699245691 0.006435118615627289 0.005832927767187357 0.004944148473441601 0.003675339976325631 0.001954440027475357 0.0 0.0 0.0 0.0 0.0 0.0 0.0 0.0 0.0 0.0 0.0 0.0 0.0 0.0
0.006123348604887724 0.006336267571896315 0.00658796401694417 0.006765700411051512 0.006843789480626583 0.006852079648524523 0.006798975169658661 0.006712230853736401 0.006629966665059328 0.006617468781769276 0.006699352990835905 0.006849725265055895 0.0070135463029146194 0.007138230372220278 0.007191183045506477 0.007175286300480366 0.007138994988054037 0.0071447016671299934 0.007192819844931364 0.007241617422550917 0.007252992130815983 0.007209333125501871 0.007051769644021988 0.0066645643673837185 0.0058214981108903885 0.0042569758370518684 0.001639768946915865 0.0 0.0 0.0 0.0 0.0 0.0 0.0 0.0 0.0 0.0 0.0 0.0006272299215197563 0.0 0.0 0.0 0.0
0.006338133011013269 0.006580942310392857 0.006822237744927406 0.0069770426489412785 0.007051871623843908 0.007076909765601158 0.007069026120007038 0.0070453849621117115 0.007024811115115881 0.007033800706267357 0.00707164267078042 0.00712702376767993 0.007180949207395315 0.007221763487905264 0.007239697966724634 0.0072308992967009544 0.007208879571408033 0.007207728922367096 0.007231045514345169 0.007255577482283115 0.007254675962030888 0.007199659012258053 0.007002751808613539 0.006458398886024952 0.00500866025686264 0.0018726219423115253 0.0 0.0 0.0 0.0 0.0 0.0 0.0 0.0 0.0 0.004582714289426804 0.00884064007550478 0.011252997443079948 0.010776734910905361 0.007519381120800972 0.002416315022855997 0.0 0.0
0.0066295200958848 0.006846948526799679 0.0070283967070281506 0.0071348692290484905 0.007182749919593334 0.007200450170785189 0.007201861590147018 0.007195934187620878 0.007190232165157795 0.00719315093010664 0.007204336114227772 0.007220048923045397 0.007236192002892494 0.007249860558658838 0.007258204743266106 0.007258757948875427 0.007254099007695913 0.007254080846905708 0.007260392419993877 0.007264856714755297 0.007250574417412281 0.007180459331721067 0.006943500135093927 0.006258196663111448 0.004307836294174194 0.0 0.0 0.0 0.0 0.0 0.0 0.0 0.0 7.10594467818737e-05 0.008770414628088474 0.014442788437008858 0.017312118783593178 0.01731077954173088 0.014512034133076668 0.008973389863967896 0.0021887770853936672 0.0 0.0
0.006922944914549589 0.007067633327096701 0.007172523532062769 0.007225036155432463 0.007246390450745821 0.007253873161971569 0.007254663854837418 0.007252276409417391 0.007249196991324425 0.0072478484362363815 0.007248961366713047 0.0072517357766628265 0.007255356293171644 0.0072595360688865185 0.0072635468095541 0.007266429252922535 0.0072677647694945335 0.007268649525940418 0.007268898189067841 0.007263952866196632 0.007239076308906078 0.007153818849474192 0.0069044120609760284 0.006213036831468344 0.004248196259140968 0.0 0.0 0.0 0.0 0.0 0.0 0.0 0.0 0.004541465546935797 0.012575963512063026 0.016117390245199203 0.01637670397758484 0.013638848438858986 0.008426640182733536 0.001997611951082945 0.0 0.0 0.0
0.00712287612259388 0.007197686471045017 0.0072431243024766445 0.0072625852189958096 0.00726944487541914 0.0072715203277766705 0.007271514739841223 0.007270282134413719 0.007268307264894247 0.007266301661729813 0.0072646657936275005 0.007263483013957739 0.007262805476784706 0.007262983359396458 0.007264318410307169 0.0072664241306483746 0.007268217392265797 0.0072687361389398575 0.007265853229910135 0.007253694348037243 0.007217745296657085 0.007126659154891968 0.0069116875529289246 0.0063707102090120316 0.004952199757099152 0.0016117128543555737 0.0 0.0 0.0 0.0 0.0 0.0 0.0 0.0027628098614513874 0.008012649603188038 0.008716922253370285 0.0062638986855745316 0.0013843430206179619 0.0 0.0 0.0 0.0 0.0
0.007223203312605619 0.007253308780491352 0.007268561515957117 0.007274086121469736 0.007275787647813559 0.007276209071278572 0.00727606937289238 0.007275471929460764 0.007274370174854994 0.007272789254784584 0.007270813919603825 0.007268523331731558 0.007266150787472725 0.007264397107064724 0.007264225743710995 0.007265590131282806 0.0072666313499212265 0.0072642164304852486 0.007253935094922781 0.007230305578559637 0.0071849883534014225 0.007108679972589016 0.006964723579585552 0.006658181548118591 0.0058847637847065926 0.00408506253734231 0.0003138091415166855 0.0 0.0 0.0 0.0 0.0 0.0 0.0 0.0 0.0 0.0 0.0 0.0 0.0 0.0 0.0 0.0
0.007260691374540329 0.007271157577633858 0.007275499869138002 0.00727683212608099 0.007277191150933504 0.007277257274836302 0.0072771767154335976 0.007276913151144981 0.007276331074535847 0.007275253999978304 0.007273521739989519 0.00727105000987649 0.007268094923347235 0.007265628315508366 0.007264945190399885 0.0072652921080589294 0.00726196076720953 0.007248133886605501 0.0072200414724648 0.007183542940765619 0.007144923321902752 0.0071067651733756065 0.00705273961648345 0.006937704980373383 0.006638950668275356 0.005909444764256477 0.0041085719130933285 0.000346433836966753 0.0 0.0 0.0 0.0 0.0 0.0 0.0 0.0 0.0 0.0 0.0 0.0 0.0 0.0 0.0
0.007272366434335709 0.007275886368006468 0.007277080789208412 0.007277395576238632 0.007277471013367176 0.007277478463947773 0.007277441211044788 0.007277322001755238 0.007277005352079868 0.007276271004229784 0.007274840027093887 0.007272528950124979 0.007269666995853186 0.007267473731189966 0.0072667221538722515 0.007263247389346361 0.007245221640914679 0.007202220149338245 0.00714713241904974 0.007111529819667339 0.007109064608812332 0.007127587683498859 0.0071398792788386345 0.007126456126570702 0.007051986642181873 0.006828117650002241 0.006175910588353872 0.004444621037691832 0.0003865840844810009 0.0 0.0 0.0 0.0 0.0 0.0 0.0 0.0 0.0 0.0 0.0 0.0 0.0 0.0
0.007275676354765892 0.007277044467628002 0.007277420721948147 0.007277508266270161 0.00727752735838294 0.007277525030076504 0.007277496624737978 0.007277431432157755 0.007277250289916992 0.007276724558323622 0.007275542709976435 0.007273531053215265 0.007271201349794865 0.007269860245287418 0.007268603891134262 0.007256808690726757 0.00721040228381753 0.007121095899492502 0.007041713688522577 0.007036739028990269 0.007095118053257465 0.007162518799304962 0.007205559406429529 0.007222237065434456 0.007213075645267963 0.007163880858570337 0.006982224062085152 0.0063531119376420975 0.004426130093634129 0.0005093044601380825 0.0 0.0 0.0 0.0 0.0 0.0 0.0 0.0 0.0 0.0 0.0 0.0 0.0
0.007276623975485563 0.007277333177626133 0.007277497556060553 0.007277532946318388 0.00727753946557641 0.007277532014995813 0.007277485448867083 0.007277419324964285 0.007277318742126226 0.007276925723999739 0.007275927811861038 0.007274247705936432 0.007272613234817982 0.007272111251950264 0.007269916124641895 0.007249424699693918 0.0071729919873178005 0.007038856390863657 0.006949502509087324 0.006993510294705629 0.007103268057107925 0.0071945940144360065 0.00723864883184433 0.007253951393067837 0.007255917880684137 0.007247043773531914 0.007202968932688236 0.007009872235357761 0.006239607930183411 0.0040701706893742085 0.0 0.0 0.0 0.0 0.0 0.0 0.0 0.0 0.0 0.0 0.0 0.00010363897308707237 0.002586646471172571
0.007276854477822781 0.007277403026819229 0.007277514785528183 0.007277538068592548 0.007277542259544134 0.007277533411979675 0.007277479860931635 0.007277390453964472 0.00727730430662632 0.007276985794305801 0.007276107091456652 0.007274738512933254 0.007273750379681587 0.007273660507053137 0.0072706593200564384 0.007247682195156813 0.007162357214838266 0.00701456842944026 0.006933713797479868 0.007003506179898977 0.007126494776457548 0.007206813432276249 0.007235614117234945 0.0072421361692249775 0.007242326624691486 0.007241696119308472 0.007234572898596525 0.007186062168329954 0.006922758184373379 0.005891448352485895 0.0032677841372787952 0.0 0.0 0.0 0.0 0.0 0.0008786534890532494 0.0027418825775384903 0.0033813095651566982 0.003360876813530922 0.0038138485979288816 0.004677505232393742 0.005818013101816177
0.007276690099388361 0.007277380675077438 0.007277508731931448 0.0072775352746248245 0.007277540396898985 0.007277534808963537 0.007277499418705702 0.007277414668351412 0.007277284748852253 0.0072769480757415295 0.007276116870343685 0.007274993229657412 0.007274489384144545 0.007274223025888205 0.007270243018865585 0.007250030990689993 0.00717987259849906 0.007055880501866341 0.006986469030380249 0.0070389085449278355 0.007121305912733078 0.007159266155213118 0.007156282663345337 0.007141015958040953 0.007126237731426954 0.007126372307538986 0.007142931222915649 0.007159598637372255 0.0071006640791893005 0.006657326128333807 0.0050726598128676414 0.002009669318795204 0.0 0.0 0.0 0.00016323989257216454 0.0029817153699696064 0.0050455257296562195 0.0059479884803295135 0.006234741769731045 0.006409941241145134 0.0067217424511909485 0.0069971103221178055
0.007273820694535971 0.007277030032128096 0.007277444936335087 0.007277514785528183 0.0072775292210280895 0.00727752735838294 0.007277504540979862 0.0072774323634803295 0.007277252152562141 0.007276808377355337 0.007275909651070833 0.007274986710399389 0.007274825591593981 0.00727403350174427 0.007268476765602827 0.007250536233186722 0.007200568448752165 0.007113402243703604 0.007046785671263933 0.007042202167212963 0.007036599796265364 0.006986857857555151 0.006894904188811779 0.006791999563574791 0.006714091636240482 0.006710410118103027 0.006790106184780598 0.006918736733496189 0.00701880594715476 0.006892082747071981 0.005949103273451328 0.0035326022189110518 0.0004493705928325653 0.0 0.0 0.0008905497379601002 0.0036773919127881527 0.005769387818872929 0.006723415106534958 0.007028666790574789 0.007129001896828413 0.00720042921602726 0.007246979512274265
0.007236319128423929 0.007270628120750189 0.007276252843439579 0.007277213502675295 0.007277407217770815 0.007277456112205982 0.0072774444706737995 0.007277355995029211 0.007277082651853561 0.007276423741132021 0.007275332231074572 0.0072745694778859615 0.007274708244949579 0.0072733317501842976 0.007265933323651552 0.007247677072882652 0.007208735682070255 0.007142454851418734 0.007066007703542709 0.006983722094446421 0.006846537813544273 0.006620337255299091 0.006303565576672554 0.00596299022436142 0.005720118992030621 0.005710185505449772 0.005958766210824251 0.0063527897000312805 0.0067122578620910645 0.006847304292023182 0.006325742695480585 0.00445490051060915 0.001573351677507162 0.0 0.0 0.0009783050045371056 0.0036619456950575113 0.005782146938145161 0.0067917900159955025 0.00713898753747344 0.007238444406539202 0.007266283966600895 0.007274159695953131
0.007019019220024347 0.007210297975689173 0.0072603593580424786 0.007272643037140369 0.007275750394910574 0.007276737131178379 0.007277041673660278 0.00727700674906373 0.007276550401002169 0.007275481708347797 0.0072740172035992146 0.007273351773619652 0.00727380346506834 0.007272129412740469 0.007263814099133015 0.007245342247188091 0.007210541516542435 0.007151216734200716 0.007055757101625204 0.006895578932017088 0.006604431197047234 0.0061213294975459576 0.005428999196738005 0.004663648083806038 0.004126825835555792 0.00411146879196167 0.004654248245060444 0.005486658308655024 0.006236647255718708 0.006656326819211245 0.006457282230257988 0.005065925419330597 0.0024902629666030407 0.0001387316733598709 0.0 0.0006508021615445614 0.003040625713765621 0.005222643259912729 0.006461608689278364 0.007020060438662767 0.007219761610031128 0.007268622051924467 0.0072761713527143
