2D_landslide/Landslide/figures/3h.txt
ncols   200
nrows   200
xllcorner   0
yllcorner   0
cellsize   12.5
NODATA_value   -9999.00000
[rows 20 to 39 of 200, columns 129 to 171 of 200]
0.056167177855968475 0.0 0.0 0.0 0.0 0.0 0.0 0.0 0.0 0.002741674892604351 0.0033175251446664333 0.0 0.0 0.0 0.0 0.0007283966988325119 0.005579556338489056 0.007072153966873884 0.0072663272731006145 0.007277220021933317 0.0072775413282215595 0.0072775487788021564 0.007277546916157007 0.0072774807922542095 0.007276234216988087 0.007266199216246605 0.007236754056066275 0.007217302452772856 0.007242170162498951 0.0072700208984315395 0.0072770253755152225 0.0072775366716086864 0.007277549244463444 0.007277549244463444 0.007277549244463444 0.007277549244463444 0.007277549244463444 0.007277549244463444 0.007277549244463444 0.007277549244463444 0.007277549244463444 0.007277549244463444 0.007277549244463444
0.1577160358428955 0.0 0.0 0.0 0.0 0.0 0.0 0.0 0.0 0.0 0.0 0.0 0.0 0.0 0.0 0.002918174024671316 0.006384050473570824 0.007196890655905008 0.007274241652339697 0.0072774747386574745 0.007277547847479582 0.0072775487788021564 0.007277532946318388 0.007277095224708319 0.007270432077348232 0.007230340503156185 0.0071381633169949055 0.007107528392225504 0.007191929966211319 0.007261665537953377 0.007276597898453474 0.0072775306180119514 0.007277549244463444 0.007277549244463444 0.007277549244463444 0.007277549244463444 0.007277549244463444 0.007277549244463444 0.007277549244463444 0.007277549244463444 0.007277549244463444 0.007277549244463444 0.007277549244463444
0.2903156280517578 0.016064025461673737 0.0 0.0 0.0 0.0 0.0 0.0 0.0 0.0 0.0 0.0 0.0 0.0 0.0 0.004772540181875229 0.006879500113427639 0.0072507658042013645 0.007276731077581644 0.0072775352746248245 0.0072775487788021564 0.007277540862560272 0.007277313619852066 0.007272843737155199 0.0072279213927686214 0.007031650748103857 0.006738956086337566 0.006741221994161606 0.007045334670692682 0.007239787373691797 0.007275588810443878 0.007277516648173332 0.0072775487788021564 0.007277549244463444 0.007277549244463444 0.007277549244463444 0.007277549244463444 0.007277549244463444 0.007277549244463444 0.007277549244463444 0.007277549244463444 0.007277549244463444 0.007277549244463444
0.400981605052948 0.05864621326327324 0.0 0.0 0.0 0.0 0.0 0.0 0.0 0.0 0.0 0.0 0.0 0.0 0.0025893901474773884 0.006081185303628445 0.007135092746466398 0.007270572241395712 0.007277391385287046 0.00727754645049572 0.007277543190866709 0.007277419324964285 0.007274972274899483 0.007242544554173946 0.007021287456154823 0.0063423169776797295 0.005642034579068422 0.005877516232430935 0.00673319399356842 0.007197661325335503 0.007273875642567873 0.007277493830770254 0.0072775487788021564 0.007277549244463444 0.007277549244463444 0.007277549244463444 0.007277549244463444 0.007277549244463444 0.007277549244463444 0.007277549244463444 0.007277549244463444 0.007277549244463444 0.007277549244463444
0.39778947830200195 0.08819448202848434 0.0 0.0 0.0 0.0 0.0 0.0 0.0 0.0 0.0 0.0 0.0 0.0007254523225128651 0.004779336974024773 0.006778493523597717 0.007233522832393646 0.0072759343311190605 0.007277520373463631 0.007277539931237698 0.0072774458676576614 0.007275985553860664 0.007257222197949886 0.007096539251506329 0.006332858931273222 0.004765177611261606 0.003602382494136691 0.004411777481436729 0.006219110451638699 0.007130533456802368 0.007271321956068277 0.007277462165802717 0.007277548313140869 0.007277549244463444 0.007277549244463444 0.007277549244463444 0.007277549244463444 0.007277549244463444 0.007277549244463444 0.007277549244463444 0.007277549244463444 0.007277549244463444 0.007277549244463444
0.4165659248828888 0.09495726227760315 0.0 0.0 0.0 0.0 0.0 0.0 0.0 0.0 0.0 0.0 0.0 0.0033815104980021715 0.0060455468483269215 0.0070838299579918385 0.007264323532581329 0.007277165539562702 0.007277514319866896 0.007277396973222494 0.00727637205272913 0.00726620526984334 0.007181614171713591 0.006699559278786182 0.00516035221517086 0.0026696333661675453 0.0013749836944043636 0.0029154843650758266 0.0056870863772928715 0.007059261202812195 0.007268497720360756 0.007277428638190031 0.007277547847479582 0.007277549244463444 0.007277549244463444 0.007277549244463444 0.007277549244463444 0.007277549244463444 0.007277549244463444 0.007277549244463444 0.007277549244463444 0.007277549244463444 0.007277549244463444
0.42549315094947815 0.10522550344467163 0.0 0.0 0.0 0.0 0.0 0.0 0.0 0.0 0.0 0.0 0.002387936692684889 0.005006046034395695 0.006664952263236046 0.007197354920208454 0.007272902876138687 0.007277223281562328 0.007277047727257013 0.007275925017893314 0.007269466761499643 0.007230118382722139 0.006999680306762457 0.006074117496609688 0.003843088401481509 0.000976927112787962 9.196065366268158e-05 0.002188121434301138 0.005408105440437794 0.007016062270849943 0.007266736589372158 0.007277407217770815 0.007277547847479582 0.007277549244463444 0.007277549244463444 0.007277549244463444 0.007277549244463444 0.007277549244463444 0.007277549244463444 0.007277549244463444 0.007277549244463444 0.007277549244463444 0.007277549244463444
0.42403656244277954 0.09966081380844116 0.0 0.0 0.0 0.0 0.0 0.0 0.0 0.0 0.0003202548250555992 0.001944154966622591 0.003985169343650341 0.005877237766981125 0.006939590908586979 0.0072366781532764435 0.0072732241824269295 0.0072746784426271915 0.007273421157151461 0.007269084919244051 0.0072518764063715935 0.007179196458309889 0.006878119893372059 0.0059038749895989895 0.0038190153427422047 0.0015803310088813305 0.0010126829147338867 0.0030206339433789253 0.005753849167376757 0.0070642163045704365 0.007268381770700216 0.0072774277068674564 0.007277548313140869 0.007277549244463444 0.007277549244463444 0.007277549244463444 0.007277549244463444 0.007277549244463444 0.007277549244463444 0.007277549244463444 0.007277549244463444 0.007277549244463444 0.007277549244463444
0.40905553102493286 0.08566806465387344 0.0 0.0 0.0 0.0 0.0 0.0 2.019014209508896e-05 0.0007829456590116024 0.0017838641069829464 0.0031781266443431377 0.004828943870961666 0.006269603036344051 0.007023967336863279 0.0072247725911438465 0.007253034505993128 0.007258175406605005 0.00725916214287281 0.00725402869284153 0.007233778014779091 0.007162149995565414 0.006925938185304403 0.0062611885368824005 0.00493001751601696 0.0035403110086917877 0.0032808268442749977 0.004670485854148865 0.006387241184711456 0.007155520375818014 0.007272137328982353 0.007277472410351038 0.007277548313140869 0.007277549244463444 0.007277549244463444 0.007277549244463444 0.007277549244463444 0.007277549244463444 0.007277549244463444 0.007277549244463444 0.007277549244463444 0.007277549244463444 0.007277549244463444
0.41270676255226135 0.08758196979761124 0.0 0.0 0.0 0.0 0.0 0.0004393928684294224 0.0011906027793884277 0.001809997484087944 0.002633242402225733 0.003797722514718771 0.005143570248037577 0.0062730987556278706 0.006878215353935957 0.007088616956025362 0.007167498581111431 0.00721067376434803 0.007233730051666498 0.007240780163556337 0.007232071831822395 0.007195841055363417 0.007085704710334539 0.006797483656555414 0.006240200717002153 0.005602845922112465 0.005482490174472332 0.006111380644142628 0.006903052795678377 0.007227626163512468 0.007275339215993881 0.007277514785528183 0.0072775487788021564 0.007277549244463444 0.007277549244463444 0.007277549244463444 0.007277549244463444 0.007277549244463444 0.007277549244463444 0.007277549244463444 0.007277549244463444 0.007277549244463444 0.007277549244463444
0.4532627761363983 0.11193356662988663 0.0 0.0 0.0 0.0 0.0 0.0011520721018314362 0.0018793335184454918 0.002392916474491358 0.0030598724260926247 0.003983318340033293 0.004985845647752285 0.005795630160719156 0.006349632050842047 0.00674862414598465 0.007001080084592104 0.007147067226469517 0.007213936652988195 0.0072410497814416885 0.007246998138725758 0.0072383456863462925 0.0072058760561048985 0.007122075650840998 0.006952363532036543 0.006752713583409786 0.00669234711676836 0.006890157703310251 0.007151663303375244 0.007261665537953377 0.007276866585016251 0.007277537602931261 0.007277549244463444 0.007277549244463444 0.007277549244463444 0.007277549244463444 0.007277549244463444 0.007277549244463444 0.007277549244463444 0.007277549244463444 0.007277549244463444 0.007277549244463444 0.007277549244463444
0.47237661480903625 0.13187916576862335 0.0 0.0 0.0 0.0 0.0007151183672249317 0.0019144890829920769 0.0024856077507138252 0.002871482167392969 0.0033562537282705307 0.004026127979159355 0.004685865715146065 0.0052178422920405865 0.005798970814794302 0.006441983859986067 0.006900912616401911 0.007133633829653263 0.00722352322191 0.007254522293806076 0.007263572420924902 0.007264306303113699 0.007258580066263676 0.007242352701723576 0.007209487725049257 0.0071647134609520435 0.007144448813050985 0.007181162014603615 0.007244925945997238 0.007273636758327484 0.0072773899883031845 0.007277545984834433 0.007277549244463444 0.007277549244463444 0.007277549244463444 0.007277549244463444 0.007277549244463444 0.007277549244463444 0.007277549244463444 0.007277549244463444 0.007277549244463444 0.007277549244463444 0.007277549244463444
0.5074584484100342 0.16793479025363922 0.0 0.0 0.0 0.0 0.0010241596028208733 0.002319742925465107 0.0028953510336577892 0.003210756927728653 0.003566236700862646 0.004066659603267908 0.004595279693603516 0.005096022039651871 0.005757167935371399 0.006484813988208771 0.006966102868318558 0.007175556384027004 0.0072459629736840725 0.007266672793775797 0.0072723631747066975 0.00727371871471405 0.007273179478943348 0.0072707971557974815 0.007265634369105101 0.0072584026493132114 0.007253584917634726 0.007258500903844833 0.007270748261362314 0.0072767408564686775 0.007277515716850758 0.007277548313140869 0.007277549244463444 0.007277549244463444 0.007277549244463444 0.007277549244463444 0.007277549244463444 0.007277549244463444 0.007277549244463444 0.007277549244463444 0.007277549244463444 0.007277549244463444 0.007277549244463444
0.5697847604751587 0.23274081945419312 0.0 0.0 0.0 0.0 0.0009428737685084343 0.0024524452164769173 0.003111965488642454 0.003429073141887784 0.0037298952229321003 0.004203506745398045 0.004826318472623825 0.0055257948115468025 0.006258625537157059 0.0068373652175068855 0.007126112934201956 0.0072302427142858505 0.007263618987053633 0.0072731575928628445 0.00727571127936244 0.007276402786374092 0.007276471238583326 0.007276164833456278 0.007275464944541454 0.0072744619101285934 0.007273775525391102 0.007274477742612362 0.0072764079086482525 0.00727740628644824 0.007277542259544134 0.0072775487788021564 0.007277549244463444 0.007277549244463444 0.007277549244463444 0.007277549244463444 0.007277549244463444 0.007277549244463444 0.007277549244463444 0.007277549244463444 0.007277549244463444 0.007277549244463444 0.007277549244463444
0.6719484925270081 0.35487237572669983 0.05055006965994835 0.0 0.0 0.0 0.00020964164286851883 0.0020866990089416504 0.0030654510483145714 0.003491788636893034 0.0038421479985117912 0.0043774438090622425 0.005168288014829159 0.006070620380342007 0.0068161748349666595 0.007194636855274439 0.00727236969396472 0.007269959431141615 0.007272935006767511 0.007275809533894062 0.00727681303396821 0.007277121301740408 0.0072772023268043995 0.007277179043740034 0.007277088239789009 0.007276975549757481 0.0072769238613545895 0.007277061231434345 0.007277361117303371 0.007277521304786205 0.0072775473818182945 0.007277549244463444 0.007277549244463444 0.007277549244463444 0.007277549244463444 0.007277549244463444 0.007277549244463444 0.007277549244463444 0.007277549244463444 0.007277549244463444 0.007277549244463444 0.007277549244463444 0.007277549244463444
0.735220730304718 0.4210681617259979 0.10731340199708939 0.0 0.0 0.0 0.0 0.0020131058990955353 0.0030390694737434387 0.00356054469011724 0.00399568397551775 0.004638536833226681 0.005541733466088772 0.006483807694166899 0.007127060554921627 0.007353563327342272 0.007332055363804102 0.00728692626580596 0.0072769466787576675 0.007276872172951698 0.007277206983417273 0.007277344819158316 0.007277396507561207 0.007277410943061113 0.007277410011738539 0.007277408614754677 0.007277423981577158 0.007277462165802717 0.007277514319866896 0.007277543190866709 0.0072775487788021564 0.007277549244463444 0.007277549244463444 0.007277549244463444 0.007277549244463444 0.007277549244463444 0.007277549244463444 0.007277549244463444 0.007277549244463444 0.007277549244463444 0.007277549244463444 0.007277549244463444 0.007277549244463444
0.7888965010643005 0.478254109621048 0.16852393746376038 0.0 0.0 0.0 0.0 0.0016331677325069904 0.0028374753892421722 0.0035021891817450523 0.004105488769710064 0.004915753845125437 0.005904830992221832 0.006756847724318504 0.0072143166325986385 0.007333606015890837 0.007310600019991398 0.007283586077392101 0.007277555763721466 0.007277241908013821 0.007277355995029211 0.007277423050254583 0.0072774579748511314 0.007277477066963911 0.007277490105479956 0.007277501747012138 0.007277514319866896 0.007277527824044228 0.007277540396898985 0.0072775473818182945 0.0072775487788021564 0.007277549244463444 0.007277549244463444 0.007277549244463444 0.007277549244463444 0.007277549244463444 0.007277549244463444 0.007277549244463444 0.007277549244463444 0.007277549244463444 0.007277549244463444 0.007277549244463444 0.007277549244463444
0.8060203790664673 0.5038089156150818 0.20868933200836182 0.0 0.0 0.0 0.0 0.0005020434036850929 0.0021796380169689655 0.003159929532557726 0.004081035032868385 0.005159236490726471 0.006235834676772356 0.0069525097496807575 0.007234083488583565 0.007287810556590557 0.0072837211191654205 0.007278394419699907 0.007277381606400013 0.007277373224496841 0.007277422584593296 0.007277458440512419 0.007277483586221933 0.007277503143996 0.007277518045157194 0.0072775292210280895 0.007277537137269974 0.007277542259544134 0.00727754645049572 0.007277548313140869 0.007277549244463444 0.007277549244463444 0.007277549244463444 0.007277549244463444 0.007277549244463444 0.007277549244463444 0.007277549244463444 0.007277549244463444 0.007277549244463444 0.007277549244463444 0.007277549244463444 0.007277549244463444 0.007277549244463444
0.8646464943885803 0.5482279062271118 0.2695353031158447 0.0447392575442791 0.0 0.0 0.0 0.0 0.00041696103289723396 0.0022469116374850273 0.0038174495566636324 0.005329872015863657 0.00650448352098465 0.007091192528605461 0.007253481075167656 0.007276205345988274 0.007277462165802717 0.007277373690158129 0.007277398370206356 0.00727743748575449 0.007277460768818855 0.007277481257915497 0.007277500815689564 0.007277517579495907 0.0072775306180119514 0.00727753946557641 0.007277544122189283 0.00727754645049572 0.007277547847479582 0.0072775487788021564 0.007277549244463444 0.007277549244463444 0.007277549244463444 0.007277549244463444 0.007277549244463444 0.007277549244463444 0.007277549244463444 0.007277549244463444 0.007277549244463444 0.007277549244463444 0.007277549244463444 0.007277549244463444 0.007277549244463444
0.846047580242157 0.5470558404922485 0.2918343245983124 0.08083987236022949 0.0 0.0 0.0 0.0 0.0 0.0005221627652645111 0.0031723505817353725 0.005316548049449921 0.006654263939708471 0.007162285503000021 0.007264831103384495 0.007276110351085663 0.007277185097336769 0.007277385331690311 0.007277448195964098 0.007277477066963911 0.007277492433786392 0.007277504075318575 0.0072775185108184814 0.007277531083673239 0.00727753946557641 0.007277545053511858 0.0072775473818182945 0.0072775473818182945 0.0072775473818182945 0.007277548313140869 0.007277549244463444 0.007277549244463444 0.007277549244463444 0.007277549244463444 0.007277549244463444 0.007277549244463444 0.007277549244463444 0.007277549244463444 0.007277549244463444 0.007277549244463444 0.007277549244463444 0.007277549244463444 0.007277549244463444
