2D_landslide/Landslide/figures/3h.txt
ncols   200
nrows   200
xllcorner   0
yllcorner   0
cellsize   12.5
NODATA_value   -9999.00000
[rows 80 to 99 of 200, columns 86 to 128 of 200]
0.6635996103286743 0.6665653586387634 0.29293400049209595 0.11221224069595337 0.2413785457611084 0.3509381413459778 0.4128201901912689 1.5394865274429321 2.18306040763855 2.591449499130249 3.6352691650390625 4.6053147315979 5.370380878448486 5.972866058349609 6.5092010498046875 7.105767726898193 7.922008991241455 8.655981063842773 9.288801193237305 9.742056846618652 9.94667911529541 9.802876472473145 9.274733543395996 8.286556243896484 7.404052257537842 7.062142848968506 6.023208141326904 4.981254577636719 4.266786575317383 3.489753007888794 2.261061668395996 1.6325912475585938 1.4893074035644531 1.32255220413208 1.2145768404006958 1.2568519115447998 1.5782579183578491 1.4368970394134521 1.1894211769104004 1.0852993726730347 0.989289402961731 0.9827595353126526 1.0313972234725952
0.67057204246521 0.6807358860969543 0.2509531080722809 0.05541577562689781 0.17008692026138306 0.2644285261631012 0.325874924659729 1.2835609912872314 2.357442617416382 2.508408546447754 3.3600995540618896 4.405303478240967 5.137797832489014 5.750246524810791 6.275468826293945 6.806608200073242 7.436582565307617 8.09416675567627 8.624972343444824 8.970952033996582 9.091425895690918 8.929632186889648 8.420918464660645 7.539010047912598 7.090279579162598 6.724817752838135 5.775665283203125 4.84025239944458 4.127169609069824 3.316945791244507 2.227426290512085 1.6536953449249268 1.4717588424682617 1.2680296897888184 1.1293550729751587 1.4182331562042236 1.2792115211486816 1.1541125774383545 0.9507490396499634 0.8493030071258545 0.7807755470275879 0.7888234853744507 0.8492644429206848
0.7035424709320068 0.5543507933616638 0.06543587893247604 0.0 0.04795769602060318 0.1753670871257782 0.1633232831954956 1.0286052227020264 2.4115078449249268 2.5159549713134766 3.111276626586914 4.033641815185547 4.811189651489258 5.38821268081665 5.883957862854004 6.278430938720703 6.805161952972412 7.337253570556641 7.565864086151123 7.949735641479492 7.958305358886719 7.917323589324951 7.537041664123535 6.888540267944336 6.79232120513916 6.372342109680176 5.573485374450684 4.894652843475342 4.07183313369751 3.179616689682007 2.08711838722229 1.721663475036621 1.471351146697998 1.2104765176773071 1.1817010641098022 1.0162016153335571 0.8861372470855713 0.7481803894042969 0.6141908764839172 0.5201711654663086 0.4453198313713074 0.48980775475502014 0.6151489615440369
0.7058582305908203 0.4903210997581482 0.0544763058423996 0.0 0.0 0.12742657959461212 0.0 0.7241806387901306 2.159797191619873 2.567554235458374 2.7478091716766357 3.525747299194336 4.341380596160889 4.820896625518799 5.2585768699646 5.571209907531738 5.983281135559082 6.376867294311523 6.540224075317383 6.830321311950684 6.974405288696289 7.038190841674805 6.791535377502441 6.272918701171875 6.1844482421875 6.007559299468994 5.301869869232178 4.562437057495117 3.9181697368621826 2.892568349838257 2.0684335231781006 1.7525008916854858 1.4523652791976929 1.1449729204177856 1.0209912061691284 0.8508403301239014 0.6699094176292419 0.5384446978569031 0.3831770420074463 0.2916196882724762 0.2758282423019409 0.3635059893131256 0.4981401860713959
0.6882529258728027 0.42196837067604065 0.047846682369709015 0.0 0.0 0.012945951893925667 0.0 0.3530982732772827 1.975980281829834 2.3136212825775146 2.4228568077087402 3.0608484745025635 3.678983688354492 4.140383720397949 4.556894302368164 4.878763675689697 5.136279582977295 5.446887969970703 5.823277473449707 6.111777305603027 6.395765781402588 6.597476482391357 6.385990142822266 5.919672966003418 5.850970268249512 5.611684799194336 5.0432281494140625 4.447932243347168 3.8353395462036133 2.8217318058013916 2.024914264678955 1.7455723285675049 1.4437100887298584 1.0909229516983032 0.8787109851837158 0.6482909917831421 0.47830548882484436 0.3301742672920227 0.1852860003709793 0.1384739726781845 0.16533935070037842 0.25538989901542664 0.36154285073280334
0.6532167792320251 0.35688042640686035 0.04292277246713638 0.0 0.0 0.0 0.0 0.0 1.6326897144317627 2.1520426273345947 2.125615358352661 2.4859211444854736 2.959683895111084 3.4091904163360596 3.755286455154419 4.006688594818115 4.226602554321289 4.5435791015625 4.936135768890381 5.35035514831543 5.6893205642700195 6.005502700805664 6.089317321777344 5.781994819641113 5.768342018127441 5.4598822593688965 4.959532737731934 4.459388256072998 3.8353567123413086 2.7812559604644775 2.0245676040649414 1.6523157358169556 1.302380919456482 1.0951679944992065 0.7446008324623108 0.49961358308792114 0.30661851167678833 0.153140589594841 0.07357990741729736 0.05350416898727417 0.09479262679815292 0.15352985262870789 0.21269172430038452
0.3715379238128662 0.13997988402843475 0.0 0.0 0.0 0.0 0.0 0.0 1.1238933801651 1.7703019380569458 1.8963533639907837 2.0448055267333984 2.2839713096618652 2.6000216007232666 2.953470468521118 3.168546438217163 3.409587860107422 3.7317843437194824 4.192506790161133 4.764541149139404 5.29645299911499 5.690129280090332 5.888006210327148 5.810893535614014 5.8080735206604 5.457997798919678 4.987074851989746 4.4969801902771 3.8559560775756836 3.06966233253479 2.156482696533203 1.6441634893417358 1.370483160018921 0.9595258235931396 0.5293242335319519 0.2626177668571472 0.07962419837713242 0.037935834378004074 0.07735184580087662 0.1261344701051712 0.12793312966823578 0.1220831498503685 0.1350470930337906
0.25003427267074585 0.03386377915740013 0.0 0.0 0.0 0.0 0.0 0.0 0.8461813926696777 1.281260371208191 1.5396491289138794 1.6696635484695435 1.5539045333862305 1.6565006971359253 2.0203495025634766 2.2682666778564453 2.5462636947631836 2.9770405292510986 3.519474506378174 4.140981674194336 4.862712860107422 5.437623977661133 5.700014114379883 5.772887229919434 5.766456604003906 5.4870758056640625 4.931118965148926 4.551146030426025 4.178994178771973 3.202874183654785 2.446815013885498 1.806426763534546 1.2664774656295776 0.8423183560371399 0.42407554388046265 0.16132307052612305 0.026917211711406708 0.009231152944266796 0.06457245349884033 0.13213756680488586 0.1295023113489151 0.07760269939899445 0.0014980435371398926
0.18924164772033691 0.0 0.0 0.0 0.0 0.0 0.0 0.0 0.5258943438529968 0.7815987467765808 1.0763366222381592 1.2053240537643433 0.7174892425537109 0.6598265171051025 1.0348283052444458 1.3860656023025513 1.7930164337158203 2.2812790870666504 2.8893849849700928 3.545058012008667 4.370487213134766 5.137303829193115 5.600647926330566 5.832836151123047 5.765827655792236 5.554165363311768 4.527423858642578 4.809566020965576 4.497021675109863 3.825761079788208 2.5106866359710693 1.9027693271636963 1.2863891124725342 0.8313897848129272 0.5100299119949341 0.23287422955036163 0.05727403238415718 0.015022456645965576 0.059301480650901794 0.13557074964046478 0.14128106832504272 0.055966585874557495 0.0
0.11394628882408142 0.0 0.0 0.0 0.0 0.0 0.0 0.0 0.10127051919698715 0.36579498648643494 0.6905612349510193 0.9417924284934998 0.35194504261016846 0.0 0.17768195271492004 0.5437935590744019 1.0470420122146606 1.6548163890838623 2.3737266063690186 3.090181350708008 3.9346840381622314 4.800505638122559 5.434057235717773 5.78508996963501 5.693265438079834 5.340339183807373 4.71762228012085 3.996208429336548 4.651421070098877 3.9765939712524414 2.774305582046509 2.1475257873535156 1.4892816543579102 1.0111864805221558 0.7014479041099548 0.38379982113838196 0.15262384712696075 0.05925748869776726 0.061115071177482605 0.10872270911931992 0.12654094398021698 0.006595071870833635 0.0
0.0 0.0 0.0 0.0 0.0 0.0 0.0 0.0 0.0 0.07583975791931152 0.38417911529541016 0.6451838612556458 0.09324365854263306 0.0 0.0 0.0 0.22102533280849457 1.0501269102096558 1.9493228197097778 2.7633888721466064 3.608767032623291 4.528550148010254 5.278275012969971 5.717642307281494 5.710710525512695 5.314584732055664 5.130293369293213 4.501368522644043 3.910179615020752 3.521829605102539 3.0575385093688965 2.485586166381836 1.8310571908950806 1.3308825492858887 0.9607977867126465 0.6076159477233887 0.32232382893562317 0.14087073504924774 0.06426262855529785 0.022274645045399666 0.0 0.0 0.0
0.0 0.0 0.0 0.0 0.0 0.0 0.0 0.0 0.0 0.0 0.02042345330119133 0.2314542680978775 0.0 0.0 0.0 0.0 0.0 0.21794643998146057 1.350529432296753 2.335190773010254 3.3478541374206543 4.2529449462890625 5.068183898925781 5.530582427978516 5.533224105834961 5.0815749168396 4.992434024810791 4.667350769042969 4.046820163726807 3.556201696395874 3.0835347175598145 2.4842653274536133 1.925816297531128 1.4675540924072266 1.1290531158447266 0.7700625658035278 0.45430368185043335 0.20855647325515747 0.041367292404174805 0.0 0.0 0.0 0.0
0.0 0.0 0.0 0.0 0.0 0.0 0.0 0.0 0.0 0.0 0.0 0.0 0.0 0.0 0.0 0.0 0.0 0.0 0.6399399042129517 1.8067600727081299 3.0152080059051514 4.031682014465332 4.800532341003418 5.290162086486816 5.251804828643799 4.773464202880859 4.6305413246154785 4.520191192626953 4.069913387298584 3.50185489654541 2.9898197650909424 2.4269189834594727 1.9562705755233765 1.5780278444290161 1.253348708152771 0.9030090570449829 0.5709091424942017 0.29136863350868225 0.07456610351800919 0.0 0.0 0.0 0.0
0.0 0.0 0.0 0.0 0.0 0.0 0.0 0.0 0.0 0.0 0.0 0.0 0.0 0.0 0.0 0.0 0.0 0.0 0.3822009265422821 1.6235486268997192 2.8887975215911865 4.0542988777160645 4.789547443389893 4.967321872711182 4.800848007202148 4.417562484741211 4.265036106109619 4.122748374938965 3.9307987689971924 3.367377996444702 2.8083767890930176 2.3302788734436035 1.965168833732605 1.6231565475463867 1.3171159029006958 0.9741261601448059 0.6766759157180786 0.4035661816596985 0.15539197623729706 0.0 0.0 0.0 0.0
0.2975796163082123 0.3349423408508301 0.46496036648750305 0.4382052421569824 0.0 0.0 0.0 0.0 0.0 0.0 0.0 0.0 0.0 0.0 0.0 0.0 0.0 0.0 0.3989538550376892 1.6821503639221191 2.98945951461792 4.17080545425415 5.071829319000244 5.166050910949707 4.50689172744751 4.057029724121094 3.853606700897217 3.5947728157043457 3.371137857437134 3.0768589973449707 2.575068235397339 2.2481250762939453 1.9612979888916016 1.6410329341888428 1.3574304580688477 1.058913230895996 0.7579551339149475 0.4990188181400299 0.24912895262241364 0.0 0.0 0.0 0.0
0.6125362515449524 0.6542394161224365 0.9147454500198364 0.4706243574619293 0.007098772097378969 0.0 0.0 0.0 0.0 0.0 0.0 0.0 0.0 0.0 0.0 0.0 0.0 0.0 0.6276441216468811 1.828166127204895 3.136972188949585 4.308610439300537 5.128820896148682 5.44244909286499 4.842498779296875 3.9383318424224854 3.4806766510009766 3.1467490196228027 2.7511212825775146 2.4476613998413086 2.172696590423584 1.9851016998291016 1.813103437423706 1.5500011444091797 1.2926661968231201 1.0166207551956177 0.7319856286048889 0.46113768219947815 0.2029595524072647 0.0 0.0 0.0 0.0
0.8264327049255371 0.9101422429084778 1.005346655845642 0.488668292760849 0.2957254648208618 0.04439523071050644 0.0 0.0 0.0 0.0 0.0 0.0 0.0 0.0 0.0 0.0 0.0 0.0 1.18089759349823 2.2850584983825684 3.370591402053833 4.47334098815918 5.144469738006592 5.589784145355225 5.453840732574463 4.414646148681641 3.31313419342041 2.5980947017669678 2.0827531814575195 1.709193229675293 1.6396245956420898 1.5708472728729248 1.4134814739227295 1.296047329902649 1.1332120895385742 0.9168196320533752 0.6584985852241516 0.38639673590660095 0.12250611186027527 0.0 0.0 0.0 0.0
0.9789201617240906 1.1970136165618896 0.9782435894012451 0.6619719862937927 0.6379408240318298 0.4444257915019989 0.037345945835113525 0.0 0.0 0.0 0.0 0.0 0.0 0.0 0.0 0.0 0.0 0.49531158804893494 1.7436100244522095 2.9110379219055176 3.8000905513763428 4.61043119430542 5.200450897216797 5.638646602630615 5.77591609954834 4.932507514953613 3.575077533721924 2.4231419563293457 1.5053964853286743 1.0492470264434814 0.9806866645812988 1.0511568784713745 1.0428072214126587 0.8918339610099792 0.7533438801765442 0.6328520774841309 0.4935618042945862 0.3170332610607147 0.10597309470176697 0.0 0.0 0.0 0.0
1.1885393857955933 1.3025389909744263 1.0631409883499146 0.9031056761741638 1.0804811716079712 0.8855637907981873 0.642744243144989 0.5114461779594421 0.3250531852245331 0.0 0.0 0.0 0.0 0.0 0.0 0.0 0.0 1.1106823682785034 2.3482553958892822 3.429487705230713 4.428589820861816 4.945531845092773 5.277242660522461 5.7304840087890625 5.772398471832275 5.27439546585083 4.036710262298584 2.6032826900482178 1.449075698852539 0.7861557006835938 0.5240519642829895 0.49278590083122253 0.5274761915206909 0.4956643879413605 0.42097440361976624 0.2798702120780945 0.10667014122009277 0.0 0.0 0.0 0.0 0.0 0.0
1.297376036643982 1.1905734539031982 1.0103152990341187 0.993107259273529 1.2894201278686523 1.3077024221420288 1.0639159679412842 0.9679136276245117 0.30348795652389526 0.0 0.0 0.0 0.0 0.0 0.0 0.0 0.49097147583961487 1.6227843761444092 2.812027931213379 3.8886170387268066 4.872415065765381 5.335867881774902 5.379071235656738 5.703411102294922 5.679100036621094 5.121744632720947 4.145024299621582 2.8854658603668213 1.5618236064910889 0.7222409844398499 0.49942851066589355 0.2880544662475586 0.06100384145975113 0.0 0.0 0.0 0.0 0.0 0.0 0.0 0.0 0.0 0.0
