2D_landslide/Landslide/figures/3u.txt
ncols   200
nrows   200
xllcorner   0
yllcorner   0
cellsize   12.5
NODATA_value   -9999.00000
[rows 95 to 113 of 200, columns 0 to 41 of 200]
0.005590276326984167 0.005590273067355156 0.005590267013758421 0.005590265151113272 0.005590261425822973 0.005590226035565138 0.005590120796114206 0.005589908454567194 0.005589637905359268 0.00558914290741086 0.005588558968156576 0.005588178988546133 0.005588378291577101 0.005589034873992205 0.005589739885181189 0.005590112414211035 0.00559023953974247 0.005590270739048719 0.005590277258306742 0.005590278189629316 0.005590278655290604 0.005590278655290604 0.005590278655290604 0.005590278655290604 0.005590278655290604 0.005590278655290604 0.005590278655290604 0.005590278655290604 0.005590278655290604 0.005590278655290604 0.005590278655290604 0.005590278655290604 0.005590278655290604 0.005590278655290604 0.005590278655290604 0.005590278655290604 0.005590278655290604 0.005590278655290604 0.005590278655290604 0.005590278655290604 0.005590278655290604 0.005590278655290604
0.005590243265032768 0.005590187851339579 0.0055901180021464825 0.005590120330452919 0.0055901953019201756 0.005590241868048906 0.0055902330204844475 0.0055901831947267056 0.005590098910033703 0.005589913111180067 0.00558960996568203 0.0055892509408295155 0.005589029286056757 0.005589172709733248 0.005589562002569437 0.005589941516518593 0.0055901482701301575 0.005590236280113459 0.005590265151113272 0.0055902739986777306 0.005590276792645454 0.005590277723968029 0.005590278189629316 0.005590278655290604 0.005590278655290604 0.005590278655290604 0.005590278655290604 0.005590278655290604 0.005590278655290604 0.005590278655290604 0.005590278655290604 0.005590278655290604 0.005590278655290604 0.005590278655290604 0.005590278655290604 0.005590278655290604 0.005590278655290604 0.005590278655290604 0.005590278655290604 0.005590278655290604 0.005590278655290604 0.005590278655290604
0.005589948035776615 0.005589496809989214 0.005588996224105358 0.0055889529176056385 0.005589517764747143 0.0055899894796311855 0.0055901831947267056 0.005590234417468309 0.005590235348790884 0.005590192507952452 0.005590091925114393 0.005589901935309172 0.00558965839445591 0.005589495878666639 0.005589524749666452 0.005589737091213465 0.00558996107429266 0.00559012359008193 0.0055902134627103806 0.005590252112597227 0.005590268410742283 0.005590274930000305 0.005590277258306742 0.005590278189629316 0.005590278655290604 0.005590278655290604 0.005590278655290604 0.005590278655290604 0.005590278655290604 0.005590278655290604 0.005590278655290604 0.005590278655290604 0.005590278655290604 0.005590278655290604 0.005590278655290604 0.005590278655290604 0.005590278655290604 0.005590278655290604 0.005590278655290604 0.005590278655290604 0.005590278655290604 0.005590278655290604
0.005588421132415533 0.005586106330156326 0.005583280231803656 0.005582364276051521 0.005584594793617725 0.00558718154206872 0.005588780622929335 0.005589599255472422 0.005589987151324749 0.0055901361629366875 0.005590192042291164 0.00559015478938818 0.0055900146253407 0.0055898032151162624 0.005589611362665892 0.0055895657278597355 0.0055896989069879055 0.0055899349972605705 0.005590122193098068 0.00559022044762969 0.005590261425822973 0.0055902739986777306 0.005590277723968029 0.005590278655290604 0.005590278655290604 0.005590278655290604 0.005590278655290604 0.005590278655290604 0.005590278655290604 0.005590278655290604 0.005590278655290604 0.005590278655290604 0.005590278655290604 0.005590278655290604 0.005590278655290604 0.005590278655290604 0.005590278655290604 0.005590278655290604 0.005590278655290604 0.005590278655290604 0.005590278655290604 0.005590278655290604
0.0055846660397946835 0.005577634554356337 0.005567527376115322 0.0055599212646484375 0.00556219881400466 0.0055685751140117645 0.005575154908001423 0.005580607336014509 0.005585027858614922 0.005587717052549124 0.0055893948301672935 0.0055900681763887405 0.005590181797742844 0.005590086802840233 0.005589906591922045 0.00558976037427783 0.005589783191680908 0.00558997830376029 0.005590159446001053 0.005590246059000492 0.005590272136032581 0.005590277723968029 0.005590278655290604 0.005590278655290604 0.005590278655290604 0.005590278655290604 0.005590278655290604 0.005590278655290604 0.005590278655290604 0.005590278655290604 0.005590278655290604 0.005590278655290604 0.005590278655290604 0.005590278655290604 0.005590278655290604 0.005590278655290604 0.005590278655290604 0.005590278655290604 0.005590278655290604 0.005590278655290604 0.005590278655290604 0.005590278655290604
0.005578814074397087 0.005562847945839167 0.00553481699898839 0.0055014146491885185 0.005483878310769796 0.005480845458805561 0.005490341689437628 0.005510837305337191 0.005539003759622574 0.005564107559621334 0.005581382196396589 0.005588438827544451 0.005590047687292099 0.005590212531387806 0.005590149667114019 0.005590077023953199 0.0055900877341628075 0.005590182263404131 0.005590252112597227 0.005590274464339018 0.005590278189629316 0.005590278655290604 0.005590278655290604 0.005590278655290604 0.005590278655290604 0.005590278655290604 0.005590278655290604 0.005590278655290604 0.005590278655290604 0.005590278655290604 0.005590278655290604 0.005590278655290604 0.005590278655290604 0.005590278655290604 0.005590278655290604 0.005590278655290604 0.005590278655290604 0.005590278655290604 0.005590278655290604 0.005590278655290604 0.005590278655290604 0.005590278655290604
0.005571143236011267 0.00553988479077816 0.005474055651575327 0.005374192725867033 0.0052739763632416725 0.00519345561042428 0.005161713343113661 0.00520629808306694 0.00531900255009532 0.005449645686894655 0.005542801693081856 0.005580600816756487 0.005589141044765711 0.005590190179646015 0.005590250249952078 0.005590240005403757 0.005590248387306929 0.00559026887640357 0.005590277258306742 0.005590278655290604 0.005590278655290604 0.005590278655290604 0.005590278655290604 0.005590278655290604 0.005590278655290604 0.005590278655290604 0.005590278655290604 0.005590278655290604 0.005590278655290604 0.005590278655290604 0.005590278655290604 0.005590278655290604 0.005590278655290604 0.005590278655290604 0.005590278655290604 0.005590278655290604 0.005590278655290604 0.005590278655290604 0.005590278655290604 0.005590278655290604 0.005590278655290604 0.005590278655290604
0.005559165962040424 0.005500204861164093 0.005362642928957939 0.0051099625416100025 0.004788923542946577 0.004479401279240847 0.004303455352783203 0.004379939287900925 0.004725084640085697 0.00514725036919117 0.005440409295260906 0.005559664685279131 0.005586582235991955 0.005590003915131092 0.005590261425822973 0.005590274464339018 0.005590276792645454 0.005590278189629316 0.005590278655290604 0.005590278655290604 0.005590278655290604 0.005590278655290604 0.005590278655290604 0.005590278655290604 0.005590278655290604 0.005590278655290604 0.005590278655290604 0.005590278655290604 0.005590278655290604 0.005590278655290604 0.005590278655290604 0.005590278655290604 0.005590278655290604 0.005590278655290604 0.005590278655290604 0.005590278655290604 0.005590278655290604 0.005590278655290604 0.005590278655290604 0.005590278655290604 0.005590278655290604 0.005590278655290604
0.005537404678761959 0.005429897457361221 0.005163849331438541 0.00467430055141449 0.004018633626401424 0.0033467526081949472 0.002985242521390319 0.003163424087688327 0.003878710325807333 0.004717038944363594 0.005296085029840469 0.005529647693037987 0.005582749377936125 0.005589691922068596 0.005590246059000492 0.005590276792645454 0.005590278655290604 0.005590278655290604 0.005590278655290604 0.005590278655290604 0.005590278655290604 0.005590278655290604 0.005590278655290604 0.005590278655290604 0.005590278655290604 0.005590278655290604 0.005590278655290604 0.005590278655290604 0.005590278655290604 0.005590278655290604 0.005590278655290604 0.005590278655290604 0.005590278655290604 0.005590278655290604 0.005590278655290604 0.005590278655290604 0.005590278655290604 0.005590278655290604 0.005590278655290604 0.005590278655290604 0.005590278655290604 0.005590278655290604
0.005484078545123339 0.005275397095829248 0.004801960662007332 0.003971773665398359 0.0029623943846672773 0.002067975467070937 0.0016500623896718025 0.0020737205632030964 0.0031957661267369986 0.004385937005281448 0.0051876273937523365 0.00550631619989872 0.005579457152634859 0.005589397624135017 0.005590225104242563 0.0055902753956615925 0.005590278189629316 0.005590278655290604 0.005590278655290604 0.005590278655290604 0.005590278655290604 0.005590278655290604 0.005590278655290604 0.005590278655290604 0.005590278655290604 0.005590278655290604 0.005590278655290604 0.005590278655290604 0.005590278655290604 0.005590278655290604 0.005590278655290604 0.005590278655290604 0.005590278655290604 0.005590278655290604 0.005590278655290604 0.005590278655290604 0.005590278655290604 0.005590278655290604 0.005590278655290604 0.005590278655290604 0.005590278655290604 0.005590278655290604
0.005346688441932201 0.004944559186697006 0.004163165111094713 0.0030596284195780754 0.0019385640043765306 0.0011039003729820251 0.001012618187814951 0.0017207476776093245 0.0030622980557382107 0.004369799047708511 0.005185623653233051 0.005503194406628609 0.005578634329140186 0.0055892374366521835 0.005590210668742657 0.005590274464339018 0.005590278189629316 0.005590278655290604 0.005590278655290604 0.005590278655290604 0.005590278655290604 0.005590278655290604 0.005590278655290604 0.005590278655290604 0.005590278189629316 0.005590278189629316 0.005590278189629316 0.005590278189629316 0.005590278655290604 0.005590278655290604 0.005590278655290604 0.005590278655290604 0.005590278655290604 0.005590278655290604 0.005590278655290604 0.005590278655290604 0.005590278655290604 0.005590278655290604 0.005590278655290604 0.005590278655290604 0.005590278655290604 0.005590278655290604
0.004978029523044825 0.004265889525413513 0.0032076125498861074 0.0020469622686505318 0.0012297690846025944 0.0008878572843968868 0.0012210770510137081 0.0021914958488196135 0.0034786611795425415 0.004591681063175201 0.005257397424429655 0.005516135133802891 0.005579283460974693 0.005589197855442762 0.0055901966989040375 0.005590273067355156 0.005590278189629316 0.005590278655290604 0.005590278655290604 0.005590278655290604 0.005590278655290604 0.005590278655290604 0.005590278189629316 0.005590277723968029 0.005590276326984167 0.005590274464339018 0.005590273533016443 0.0055902753956615925 0.005590277258306742 0.005590278189629316 0.005590278655290604 0.005590278655290604 0.005590278655290604 0.005590278655290604 0.005590278655290604 0.005590278655290604 0.005590278655290604 0.005590278655290604 0.005590278655290604 0.005590278655290604 0.005590278655290604 0.005590278655290604
0.004107010085135698 0.0030966768972575665 0.0020864878315478563 0.0014600278809666634 0.0013280007988214493 0.0016652196645736694 0.0023838381748646498 0.003295681905001402 0.004253670573234558 0.0049710520543158054 0.0053782276809215546 0.0055394102819263935 0.005581829231232405 0.00558933662250638 0.005590200424194336 0.005590272601693869 0.005590278189629316 0.005590278655290604 0.005590278655290604 0.005590278655290604 0.005590278655290604 0.005590278655290604 0.005590278189629316 0.005590276326984167 0.005590271670371294 0.00559026375412941 0.005590260028839111 0.005590264685451984 0.005590273067355156 0.005590277723968029 0.005590278655290604 0.005590278655290604 0.005590278655290604 0.005590278655290604 0.005590278655290604 0.005590278655290604 0.005590278655290604 0.005590278655290604 0.005590278655290604 0.005590278655290604 0.005590278655290604 0.005590278655290604
0.0023343677166849375 0.0014037704095244408 0.001090122852474451 0.0013522012159228325 0.002059941878542304 0.002899151062592864 0.003708525560796261 0.004382443148642778 0.004914220422506332 0.005275456700474024 0.005475084763020277 0.005559160374104977 0.005584398750215769 0.0055894930846989155 0.005590204615145922 0.005590272601693869 0.005590278189629316 0.005590278655290604 0.005590278655290604 0.005590278655290604 0.005590278655290604 0.005590278655290604 0.005590277723968029 0.005590274930000305 0.005590265616774559 0.005590247921645641 0.005590234417468309 0.005590240936726332 0.0055902618914842606 0.005590274930000305 0.005590278189629316 0.005590278655290604 0.005590278655290604 0.005590278655290604 0.005590278655290604 0.005590278655290604 0.005590278655290604 0.005590278655290604 0.005590278655290604 0.005590278655290604 0.005590278655290604 0.005590278655290604
-0.0005432246252894402 -0.0005918880924582481 0.0003652721643447876 0.0017194889951497316 0.003043737029656768 0.004029221832752228 0.004658515099436045 0.005067608784884214 0.005308785941451788 0.0054537751711905 0.00553448311984539 0.005572104826569557 0.005586144048720598 0.00558963930234313 0.0055902074091136456 0.005590272601693869 0.005590278189629316 0.005590278655290604 0.005590278655290604 0.005590278655290604 0.005590278655290604 0.005590278655290604 0.005590277723968029 0.005590274464339018 0.005590262357145548 0.0055902330204844475 0.00559020321816206 0.005590205546468496 0.005590240936726332 0.005590268410742283 0.005590277258306742 0.005590278655290604 0.005590278655290604 0.005590278655290604 0.005590278655290604 0.005590278655290604 0.005590278655290604 0.005590278655290604 0.005590278655290604 0.005590278655290604 0.005590278655290604 0.005590278655290604
-0.004321728833019733 -0.0027166875079274178 -0.00016912445425987244 0.002208805177360773 0.0037979288026690483 0.004706904292106628 0.005147296469658613 0.0053609441965818405 0.005467993672937155 0.0055259838700294495 0.0055596181191504 0.005578411743044853 0.0055867405608296394 0.00558961508795619 0.00559019623324275 0.005590270739048719 0.005590277723968029 0.005590278655290604 0.005590278655290604 0.005590278655290604 0.005590278655290604 0.005590278655290604 0.005590278189629316 0.005590274464339018 0.005590259563177824 0.005590217188000679 0.005590156652033329 0.00559014268219471 0.005590194836258888 0.005590246524661779 0.005590272601693869 0.005590278189629316 0.005590278655290604 0.005590278655290604 0.005590278655290604 0.005590278655290604 0.005590278655290604 0.005590278655290604 0.005590278655290604 0.005590278655290604 0.005590278655290604 0.005590278655290604
-0.007658476009964943 -0.004125975072383881 -0.0001253322698175907 0.0027971193194389343 0.004389616660773754 0.005104973912239075 0.005381142720580101 0.005489902105182409 0.0055359164252877235 0.005558662582188845 0.005572543479502201 0.005581690929830074 0.005587256979197264 0.005589585285633802 0.005590182263404131 0.005590269807726145 0.005590277723968029 0.005590278655290604 0.005590278655290604 0.005590278655290604 0.005590278655290604 0.005590278655290604 0.005590278189629316 0.00559027586132288 0.00559026375412941 0.005590217188000679 0.005590122193098068 0.005590058397501707 0.005590107757598162 0.005590192042291164 0.0055902567692101 0.00559027586132288 0.005590278189629316 0.005590278655290604 0.005590278655290604 0.005590278655290604 0.005590278655290604 0.005590278655290604 0.005590278655290604 0.005590278655290604 0.005590278655290604 0.005590278655290604
-0.009499741718173027 -0.004595795646309853 0.0002542971633374691 0.003349703038111329 0.004769650753587484 0.0052964226342737675 0.0054750205017626286 0.005536495707929134 0.005559850484132767 0.005570657551288605 0.005577609408646822 0.0055830953642725945 0.0055874306708574295 0.005589562933892012 0.005590171553194523 0.0055902679450809956 0.005590277723968029 0.005590278655290604 0.005590278655290604 0.005590278655290604 0.005590278655290604 0.005590278655290604 0.005590278655290604 0.005590277258306742 0.0055902679450809956 0.005590216722339392 0.005590062588453293 0.005589873995631933 0.005589871667325497 0.005589995067566633 0.0055901831947267056 0.005590261425822973 0.005590276792645454 0.005590278655290604 0.005590278655290604 0.005590278655290604 0.005590278655290604 0.005590278655290604 0.005590278655290604 0.005590278655290604 0.005590278655290604 0.005590278655290604
-0.009545712731778622 -0.003995533101260662 0.000908220186829567 0.003780434373766184 0.004984911531209946 0.005387736950069666 0.0055109551176428795 0.005553640890866518 0.005568275693804026 0.005574321374297142 0.005578947719186544 0.005583669058978558 0.005587317049503326 0.005589477252215147 0.005590153858065605 0.005590267013758421 0.005590277723968029 0.005590278655290604 0.005590278655290604 0.005590278655290604 0.005590278655290604 0.005590278655290604 0.005590278655290604 0.005590278189629316 0.005590271670371294 0.005590214394032955 0.0055899545550346375 0.005589310545474291 0.005588985048234463 0.005589229054749012 0.005589828826487064 0.005590177606791258 0.005590267013758421 0.005590277723968029 0.005590278655290604 0.005590278655290604 0.005590278655290604 0.005590278655290604 0.005590278655290604 0.005590278655290604 0.005590278655290604 0.005590278655290604
