2D_landslide/Landslide/figures/3u.txt
ncols   200
nrows   200
xllcorner   0
yllcorner   0
cellsize   12.5
NODATA_value   -9999.00000
[rows 152 to 170 of 200, columns 0 to 41 of 200]
0.005590278655290604 0.005590278655290604 0.005590278655290604 0.005590278655290604 0.005590278655290604 0.005590278655290604 0.005590278655290604 0.005590278655290604 0.005590278655290604 0.005590278655290604 0.005590278655290604 0.005590278655290604 0.005590278655290604 0.005590278655290604 0.005590278655290604 0.005590278655290604 0.005590278655290604 0.005590278655290604 0.005590278655290604 0.005590278655290604 0.005590278655290604 0.005590278655290604 0.005590278655290604 0.005590278655290604 0.005590278655290604 0.005590278655290604 0.005590278655290604 0.005590278655290604 0.005590278655290604 0.005590278655290604 0.005590278655290604 0.005590278655290604 0.005590278655290604 0.005590278655290604 0.005590278655290604 0.005590278655290604 0.005590278655290604 0.005590278655290604 0.005590278655290604 0.005590278655290604 0.005590278655290604 0.005590278655290604
0.005590278655290604 0.005590278655290604 0.005590278655290604 0.005590278655290604 0.005590278655290604 0.005590278655290604 0.005590278655290604 0.005590278655290604 0.005590278655290604 0.005590278655290604 0.005590278655290604 0.005590278655290604 0.005590278655290604 0.005590278655290604 0.005590278189629316 0.005590278189629316 0.005590278655290604 0.005590278655290604 0.005590278655290604 0.005590278655290604 0.005590278655290604 0.005590278655290604 0.005590278655290604 0.005590278655290604 0.005590278655290604 0.005590278655290604 0.005590278655290604 0.005590278655290604 0.005590278655290604 0.005590278655290604 0.005590278655290604 0.005590278655290604 0.005590278655290604 0.005590278655290604 0.005590278655290604 0.005590278655290604 0.005590278655290604 0.005590278655290604 0.005590278655290604 0.005590278655290604 0.005590278655290604 0.005590278655290604
0.005590278655290604 0.005590278655290604 0.005590278655290604 0.005590278655290604 0.005590278655290604 0.005590278655290604 0.005590278655290604 0.005590278655290604 0.005590278655290604 0.005590278655290604 0.005590278655290604 0.005590278655290604 0.005590278655290604 0.005590277258306742 0.005590259097516537 0.005590233951807022 0.005590259563177824 0.005590276792645454 0.005590278655290604 0.005590278655290604 0.005590278655290604 0.005590278655290604 0.005590278655290604 0.005590278655290604 0.005590278655290604 0.005590278655290604 0.005590278655290604 0.005590278655290604 0.005590278655290604 0.005590278655290604 0.005590278655290604 0.005590278655290604 0.005590278655290604 0.005590278655290604 0.005590278655290604 0.005590278655290604 0.005590278655290604 0.005590278655290604 0.005590278655290604 0.005590278655290604 0.005590278655290604 0.005590278655290604
0.005590278655290604 0.005590278655290604 0.005590278655290604 0.005590278655290604 0.005590278655290604 0.005590278655290604 0.005590278655290604 0.005590278655290604 0.005590278655290604 0.005590278655290604 0.005590278655290604 0.005590278655290604 0.005590278655290604 0.005590257700532675 0.005589942913502455 0.005589361302554607 0.005589723587036133 0.0055901966989040375 0.005590274930000305 0.005590278655290604 0.005590278655290604 0.005590278655290604 0.005590278655290604 0.005590278655290604 0.005590278655290604 0.005590278655290604 0.005590278655290604 0.005590278655290604 0.005590278655290604 0.005590278655290604 0.005590278655290604 0.005590278655290604 0.005590278655290604 0.005590278655290604 0.005590278655290604 0.005590278655290604 0.005590278655290604 0.005590278655290604 0.005590278655290604 0.005590278655290604 0.005590278655290604 0.005590278189629316
0.005590278189629316 0.005590278655290604 0.005590278655290604 0.005590278655290604 0.005590278655290604 0.005590278655290604 0.005590278655290604 0.005590278655290604 0.005590278655290604 0.005590278655290604 0.005590278655290604 0.005590278655290604 0.005590277723968029 0.005590176209807396 0.0055883824825286865 0.005583938676863909 0.005585015751421452 0.005589042790234089 0.005590193439275026 0.005590276792645454 0.005590278655290604 0.005590278655290604 0.005590278655290604 0.005590278655290604 0.005590278655290604 0.005590278655290604 0.005590278655290604 0.005590278655290604 0.005590278655290604 0.005590278655290604 0.005590278655290604 0.005590278655290604 0.005590278655290604 0.005590278655290604 0.005590278655290604 0.005590278655290604 0.005590278655290604 0.005590278655290604 0.005590278655290604 0.005590278189629316 0.005590277723968029 0.005590276792645454
0.005590277258306742 0.005590277723968029 0.005590277723968029 0.005590278189629316 0.005590278655290604 0.005590278655290604 0.005590278655290604 0.005590278655290604 0.005590278655290604 0.005590278655290604 0.005590278655290604 0.005590278655290604 0.005590277723968029 0.0055900863371789455 0.005585900973528624 0.005572067108005285 0.005570301786065102 0.00558343343436718 0.005589534994214773 0.005590249318629503 0.005590278189629316 0.005590278655290604 0.005590278655290604 0.005590278655290604 0.005590278655290604 0.005590278655290604 0.005590278655290604 0.005590278655290604 0.005590278655290604 0.005590278655290604 0.005590278655290604 0.005590278655290604 0.005590278655290604 0.005590278655290604 0.005590278655290604 0.005590278655290604 0.005590278655290604 0.005590278655290604 0.005590278189629316 0.005590276792645454 0.0055902739986777306 0.005590271670371294
0.0055902753956615925 0.00559027586132288 0.005590276326984167 0.005590277723968029 0.005590278189629316 0.005590278655290604 0.005590278655290604 0.005590278655290604 0.005590278655290604 0.005590278655290604 0.005590278655290604 0.005590278655290604 0.005590278189629316 0.0055901226587593555 0.00558555219322443 0.005565213039517403 0.005555412266403437 0.005574359558522701 0.005587806925177574 0.005590137559920549 0.005590274930000305 0.005590278655290604 0.005590278655290604 0.005590278655290604 0.005590278655290604 0.005590278655290604 0.005590278655290604 0.005590278655290604 0.005590278655290604 0.005590278655290604 0.005590278655290604 0.005590278655290604 0.005590278655290604 0.005590278655290604 0.005590278655290604 0.005590278655290604 0.005590278189629316 0.005590277258306742 0.005590274930000305 0.005590270273387432 0.0055902632884681225 0.005590259563177824
0.0055902739986777306 0.0055902739986777306 0.005590274930000305 0.005590276792645454 0.005590278189629316 0.005590278655290604 0.005590278655290604 0.005590278655290604 0.005590278655290604 0.005590278655290604 0.005590278655290604 0.005590278655290604 0.005590278189629316 0.005590212065726519 0.005587380845099688 0.005569650791585445 0.005554314237087965 0.005569519475102425 0.0055859992280602455 0.005589943379163742 0.005590267479419708 0.005590278655290604 0.005590278655290604 0.005590278655290604 0.005590278655290604 0.005590278655290604 0.005590278655290604 0.005590278655290604 0.005590278655290604 0.005590278655290604 0.005590278655290604 0.005590278655290604 0.005590278655290604 0.005590278655290604 0.005590277723968029 0.00559027586132288 0.005590271670371294 0.005590264685451984 0.0055902558378875256 0.005590248387306929 0.005590241402387619 0.005590242799371481
0.0055902739986777306 0.005590273533016443 0.005590274464339018 0.005590276326984167 0.005590277723968029 0.005590278655290604 0.005590278655290604 0.005590278655290604 0.005590278655290604 0.005590278655290604 0.005590278655290604 0.005590278655290604 0.005590278189629316 0.005590259097516537 0.0055891601368784904 0.00557970255613327 0.005567642394453287 0.005575168877840042 0.005586493760347366 0.0055899168364703655 0.0055902632884681225 0.005590278189629316 0.005590278655290604 0.005590278655290604 0.005590278655290604 0.005590278655290604 0.005590278655290604 0.005590278655290604 0.005590278655290604 0.005590278655290604 0.005590278655290604 0.005590278655290604 0.005590277258306742 0.0055902693420648575 0.005590246059000492 0.005590211134403944 0.005590181797742844 0.005590172950178385 0.005590182729065418 0.005590201821178198 0.00559021532535553 0.0055902330204844475
0.00559027586132288 0.005590274930000305 0.0055902753956615925 0.005590276792645454 0.005590277723968029 0.005590278655290604 0.005590278655290604 0.005590278655290604 0.005590278655290604 0.005590278655290604 0.005590278655290604 0.005590278655290604 0.005590278189629316 0.005590273067355156 0.00558996619656682 0.005586644168943167 0.005581286735832691 0.005583784077316523 0.00558853056281805 0.005590089596807957 0.0055902693420648575 0.005590278189629316 0.005590278655290604 0.005590278655290604 0.005590278655290604 0.005590278655290604 0.005590278655290604 0.005590278655290604 0.005590278655290604 0.005590278655290604 0.005590278655290604 0.005590272136032581 0.0055902088060975075 0.005589957349002361 0.00558954942971468 0.005589334759861231 0.005589453969150782 0.005589746404439211 0.005589989013969898 0.005590134300291538 0.0055902013555169106 0.005590236745774746
0.005590277258306742 0.005590276326984167 0.005590276326984167 0.005590277258306742 0.005590277723968029 0.005590278189629316 0.005590278655290604 0.005590278655290604 0.005590278655290604 0.005590278655290604 0.005590278655290604 0.005590278655290604 0.005590278655290604 0.005590276792645454 0.0055902074091136456 0.005589401815086603 0.005588030442595482 0.005588686093688011 0.005589867476373911 0.005590233486145735 0.005590276326984167 0.005590278655290604 0.005590278655290604 0.005590278655290604 0.005590278655290604 0.005590278655290604 0.005590278655290604 0.005590278655290604 0.005590278655290604 0.005590278655290604 0.005590267479419708 0.0055900560691952705 0.005588633939623833 0.005585060454905033 0.005582030862569809 0.005582917015999556 0.005585981998592615 0.005588463507592678 0.005589641630649567 0.005590070970356464 0.0055902013555169106 0.005590245593339205
0.005590278189629316 0.005590277723968029 0.005590277258306742 0.005590277723968029 0.005590278189629316 0.005590278189629316 0.005590278655290604 0.005590278655290604 0.005590278655290604 0.005590278655290604 0.005590278655290604 0.005590278655290604 0.005590278655290604 0.005590277723968029 0.0055902632884681225 0.005590112879872322 0.005589882843196392 0.005590029526501894 0.005590223241597414 0.005590273067355156 0.005590278189629316 0.005590278655290604 0.005590278655290604 0.005590278655290604 0.005590278655290604 0.005590278655290604 0.005590278655290604 0.005590278655290604 0.005590278655290604 0.005590271670371294 0.005590015556663275 0.005586758255958557 0.005571981891989708 0.005547826178371906 0.005540065933018923 0.005556635558605194 0.005575943738222122 0.005585973151028156 0.005589234177023172 0.005590042565017939 0.0055902148596942425 0.005590256303548813
0.005590278655290604 0.005590278189629316 0.005590278189629316 0.005590278189629316 0.005590278189629316 0.005590278189629316 0.005590278655290604 0.005590278655290604 0.005590278655290604 0.005590278655290604 0.005590278655290604 0.005590278655290604 0.005590278655290604 0.005590278189629316 0.0055902753956615925 0.005590252578258514 0.005590229760855436 0.005590254906564951 0.005590274930000305 0.005590278189629316 0.005590278655290604 0.005590278655290604 0.005590278655290604 0.005590278655290604 0.005590278655290604 0.005590278655290604 0.005590278655290604 0.005590278655290604 0.005590276792645454 0.0055901543237268925 0.005587156396359205 0.005561481695622206 0.005480929743498564 0.0053944638930261135 0.005406205542385578 0.005490822717547417 0.005556656047701836 0.005582531914114952 0.005588877480477095 0.005590043030679226 0.005590228363871574 0.00559026375412941
0.005590278655290604 0.005590278655290604 0.005590278189629316 0.005590278189629316 0.005590278189629316 0.005590278189629316 0.005590278655290604 0.005590278655290604 0.005590278655290604 0.005590278655290604 0.005590278655290604 0.005590278655290604 0.005590278655290604 0.005590278189629316 0.005590277723968029 0.00559027586132288 0.005590277723968029 0.005590282846242189 0.005590282380580902 0.0055902800522744656 0.005590279120951891 0.005590278655290604 0.005590278655290604 0.005590278655290604 0.005590278655290604 0.005590278655290604 0.005590278655290604 0.005590278189629316 0.005590249318629503 0.005589031148701906 0.005569496192038059 0.005453325808048248 0.005191513802856207 0.005010057706385851 0.005129442550241947 0.005376532208174467 0.005528995767235756 0.005578751675784588 0.005588601343333721 0.005590051878243685 0.005590236280113459 0.005590267479419708
0.005590278655290604 0.005590278655290604 0.005590278189629316 0.005590278189629316 0.005590278189629316 0.005590278189629316 0.005590278189629316 0.005590278655290604 0.005590278655290604 0.005590278655290604 0.005590278655290604 0.005590278189629316 0.005590277723968029 0.005590276792645454 0.005590276792645454 0.0055902800522744656 0.005590289831161499 0.0055902982130646706 0.005590295884758234 0.005590288899838924 0.005590284243226051 0.00559028098359704 0.005590279120951891 0.005590278655290604 0.005590278655290604 0.005590278655290604 0.005590278655290604 0.005590273533016443 0.005590002052485943 0.005582787562161684 0.005503981374204159 0.00516380975022912 0.004588136449456215 0.0043431599624454975 0.004706641659140587 0.0052195023745298386 0.0054949200712144375 0.005574165843427181 0.005588238127529621 0.00559003371745348 0.005590233486145735 0.005590267013758421
0.005590278655290604 0.005590278655290604 0.005590278189629316 0.005590277723968029 0.005590277723968029 0.005590277723968029 0.005590278189629316 0.005590278189629316 0.005590278189629316 0.005590278189629316 0.005590277723968029 0.005590276326984167 0.005590272136032581 0.005590264685451984 0.005590262357145548 0.005590276792645454 0.005590304732322693 0.00559032941237092 0.005590332671999931 0.005590321030467749 0.005590310785919428 0.005590299144387245 0.00559028796851635 0.00559028098359704 0.005590279120951891 0.005590278655290604 0.005590277258306742 0.005590228363871574 0.00558864139020443 0.005561179481446743 0.005349034909158945 0.004654674790799618 0.0037366063334047794 0.0035336597356945276 0.004235042259097099 0.005050472915172577 0.005458185914903879 0.005569356493651867 0.005587772931903601 0.005589985754340887 0.0055902255699038506 0.005590265151113272
0.005590278655290604 0.005590278655290604 0.005590277723968029 0.005590276792645454 0.00559027586132288 0.005590276326984167 0.005590277258306742 0.005590277723968029 0.005590277723968029 0.005590277258306742 0.0055902753956615925 0.005590269807726145 0.00559025164693594 0.0055902148596942425 0.005590194370597601 0.0055902451276779175 0.005590325221419334 0.005590381100773811 0.005590398330241442 0.005590387620031834 0.005590376909822226 0.005590358749032021 0.005590325687080622 0.005590294022113085 0.00559028098359704 0.005590278189629316 0.005590265616774559 0.005589955486357212 0.005583796184509993 0.005512008909136057 0.005103789269924164 0.004040027502924204 0.0028881512116640806 0.0028177392669022083 0.0038232989609241486 0.004893742501735687 0.0054192435927689075 0.005562444683164358 0.005586849059909582 0.005589861422777176 0.0055902013555169106 0.005590257700532675
0.005590278655290604 0.005590278189629316 0.005590276326984167 0.005590272601693869 0.005590270273387432 0.005590271204710007 0.005590273533016443 0.005590274930000305 0.0055902753956615925 0.0055902739986777306 0.005590268410742283 0.0055902497842907906 0.005590192042291164 0.005590072367340326 0.005589995067566633 0.005590132903307676 0.005590339191257954 0.005590441636741161 0.005590466316789389 0.005590453743934631 0.005590442568063736 0.005590425804257393 0.005590376444160938 0.005590315442532301 0.005590283311903477 0.005590269807726145 0.005590176675468683 0.005588842090219259 0.005572176072746515 0.0054369415156543255 0.004846724681556225 0.003564740065485239 0.002363507403060794 0.002400473225861788 0.0035646052565425634 0.004767308011651039 0.005376150365918875 0.0055529107339680195 0.005585199221968651 0.00558959087356925 0.005590145941823721 0.005590240005403757
0.005590278189629316 0.005590276326984167 0.0055902679450809956 0.005590252112597227 0.005590241868048906 0.005590246990323067 0.0055902572348713875 0.0055902632884681225 0.005590265151113272 0.005590260960161686 0.0055902451276779175 0.005590192507952452 0.00559003883972764 0.005589738488197327 0.005589550361037254 0.005589864682406187 0.005590313579887152 0.005590479355305433 0.005590484943240881 0.00559045048430562 0.005590422078967094 0.005590399727225304 0.005590358283370733 0.0055903042666614056 0.005590264219790697 0.005590193904936314 0.005589721258729696 0.005585600156337023 0.005552447866648436 0.005359965842217207 0.004688526038080454 0.003423937363550067 0.002326384885236621 0.002379486570134759 0.0034820586442947388 0.004669610410928726 0.005325093399733305 0.005537386052310467 0.005581723526120186 0.005588953383266926 0.005589988082647324 0.005590187385678291
