2D_landslide/Landslide/figures/3u.txt
ncols   200
nrows   200
xllcorner   0
yllcorner   0
cellsize   12.5
NODATA_value   -9999.00000
[rows 171 to 189 of 200, columns 84 to 125 of 200]
0.005877128802239895 0.006105148233473301 0.0065279025584459305 0.007209779694676399 0.007830686867237091 0.0022345338948071003 -0.015281692147254944 -0.030528228729963303 -2.5712884962558746e-05 0.06457716971635818 0.12320314347743988 0.160079225897789 0.18777872622013092 0.19528527557849884 0.19655387103557587 0.18358802795410156 0.1380430907011032 0.09018382430076599 0.034991174936294556 0.003811878152191639 -0.02180461771786213 -0.011427557095885277 -0.009401257149875164 -0.011879386380314827 -0.02892918512225151 -0.02319750189781189 -0.008568942546844482 0.0017103978898376226 0.005157920531928539 0.005559539422392845 0.005589256063103676 0.005591021850705147 0.005592123605310917 0.005600355565547943 0.005641902331262827 0.005748178344219923 0.005881812423467636 0.0058870683424174786 0.005766633898019791 0.0056447433307766914 0.005599562078714371 0.005591393914073706
0.0056778802536427975 0.005783721338957548 0.006018582731485367 0.006679580081254244 0.007364070042967796 0.005400003865361214 -0.005342911928892136 -0.02128477767109871 -0.019818825647234917 0.015680963173508644 0.062032535672187805 0.09607313573360443 0.10710173845291138 0.09871359169483185 0.0814831554889679 0.055780354887247086 0.01647685095667839 -0.020852457731962204 -0.05052237957715988 -0.0585605762898922 -0.04727981984615326 -0.03023730218410492 -0.01791287772357464 -0.00930908601731062 -0.0020240675657987595 0.002568985568359494 0.004813697654753923 0.005462458822876215 0.0055800676345825195 0.005589402746409178 0.005590272601693869 0.005590604152530432 0.0055920337326824665 0.005604288075119257 0.005662418436259031 0.005801246035844088 0.005940332543104887 0.005904358811676502 0.005747491493821144 0.005628656130284071 0.005595104303210974 0.0055906944908201694
0.005635184235870838 0.005700870417058468 0.005855831783264875 0.0061918278224766254 0.006768036633729935 0.00469871424138546 -0.004232804290950298 -0.014528017491102219 -0.02120819501578808 -0.012882504612207413 0.007681713439524174 0.02644035778939724 0.03290906175971031 0.021924138069152832 0.0015279878862202168 -0.023273659870028496 -0.04229849576950073 -0.05135973542928696 -0.04762224853038788 -0.03207729756832123 -0.01374676264822483 -0.0002702646888792515 0.006001991219818592 0.006246320903301239 0.005627620965242386 0.005566964391618967 0.005584024358540773 0.005589048378169537 0.005590017884969711 0.005590078420937061 0.005590091459453106 0.005590437445789576 0.005593538284301758 0.005620078183710575 0.005730575881898403 0.005939558148384094 0.0060615758411586285 0.005954880267381668 0.005743872374296188 0.005620582494884729 0.005593237932771444 0.0055904751643538475
0.005607913713902235 0.005638458766043186 0.005715889390558004 0.005898738279938698 0.00616144435480237 0.00588378356769681 -0.0004789927043020725 -0.007109642960131168 -0.011273019015789032 -0.0136493481695652 -0.014591984450817108 -0.013659831136465073 -0.01441023126244545 -0.019199350848793983 -0.027422312647104263 -0.034867867827415466 -0.03565789759159088 -0.030916254967451096 -0.02055741287767887 -0.007291142828762531 0.002216093707829714 0.007421504240483046 0.007673395797610283 0.00628194073215127 0.005674197804182768 0.0055967471562325954 0.005590705666691065 0.005590143613517284 0.005590006243437529 0.005589738488197327 0.005589506588876247 0.005590077955275774 0.005598138086497784 0.005655716639012098 0.005847885739058256 0.006102429702877998 0.0061477734707295895 0.00596230011433363 0.005727204028517008 0.005613730754703283 0.0055921729654073715 0.005590376909822226
0.005598945077508688 0.005614784546196461 0.005656077992171049 0.005757777485996485 0.00590891670435667 0.005392548628151417 -0.0007389704696834087 -0.005269208922982216 -0.004723881371319294 -0.0038269683718681335 -0.006003642454743385 -0.007799718528985977 -0.00866266991943121 -0.00956694409251213 -0.010517647489905357 -0.011586733162403107 -0.010689401999115944 -0.008413252420723438 -0.0028671501204371452 0.0025057110469788313 0.00681138364598155 0.008306395262479782 0.007177907042205334 0.0059816245920956135 0.005630298983305693 0.005593246780335903 0.005590483080595732 0.0055900635197758675 0.0055897231213748455 0.0055890511721372604 0.005588333122432232 0.0055905296467244625 0.005615973845124245 0.0057546054013073444 0.006077227182686329 0.006369189824908972 0.006341387517750263 0.00604212237522006 0.005735072307288647 0.005613409914076328 0.005592014640569687 0.005590368062257767
0.005594518966972828 0.005599215626716614 0.005615667439997196 0.0056600263342261314 0.0057319230400025845 0.005340913776308298 0.0005422662943601608 -0.0030779680237174034 -0.0007130121812224388 0.002441731281578541 0.0029467351268976927 0.0030254332814365625 0.0035870883148163557 0.004240416921675205 0.004382468294352293 0.0039024725556373596 0.0033773325849324465 0.0030139796435832977 0.004187796264886856 0.006033982150256634 0.007959902286529541 0.008219442330300808 0.006876350846141577 0.0058580078184604645 0.005615609232336283 0.0055923364125192165 0.00559043837711215 0.005590040702372789 0.0055895340628921986 0.005588265135884285 0.005587541498243809 0.005596701521426439 0.005662777926772833 0.005923790857195854 0.00637837266549468 0.006673627533018589 0.006550244055688381 0.006133431103080511 0.0057563381269574165 0.005616032984107733 0.00559233408421278 0.005590386688709259
0.005591153167188168 0.005592971574515104 0.005598676390945911 0.00561688095331192 0.005650142673403025 0.005523080937564373 0.00303695909678936 0.00031175557523965836 0.0021187285892665386 0.004644331987947226 0.005455557256937027 0.0058990949764847755 0.006413427647203207 0.0070115951821208 0.007573384791612625 0.007820522412657738 0.007519678212702274 0.0067911106161773205 0.006579508539289236 0.007143348455429077 0.00815022736787796 0.00804225169122219 0.0067274682223796844 0.0058304728008806705 0.005612112116068602 0.005592164117842913 0.00559050589799881 0.00559017900377512 0.0055896686390042305 0.005588687490671873 0.005589973647147417 0.005615795962512493 0.0057481424883008 0.0061601195484399796 0.006712990812957287 0.006975086405873299 0.0067479596473276615 0.006230645813047886 0.005790377501398325 0.005622023716568947 0.005593269132077694 0.005590506829321384
0.005590322893112898 0.005590449087321758 0.005590976215898991 0.005593255627900362 0.005602364428341389 0.005615196656435728 0.005253676325082779 0.004204411990940571 0.004472596570849419 0.005351760424673557 0.005705478135496378 0.005901619791984558 0.006111769005656242 0.006471943575888872 0.0070158978924155235 0.007736574858427048 0.008173690177500248 0.00802682340145111 0.007575374562293291 0.007661423645913601 0.00815652683377266 0.00792554672807455 0.00667315861210227 0.005820834543555975 0.005614596884697676 0.005592429544776678 0.005590599030256271 0.005590361542999744 0.005590180400758982 0.005590227432549 0.005595564376562834 0.005643939133733511 0.005852863658219576 0.006383141968399286 0.006953383795917034 0.007169660180807114 0.0068899584002792835 0.006308909505605698 0.005817902274429798 0.005629823077470064 0.005595207214355469 0.005591206718236208
0.005590278189629316 0.005590285174548626 0.005590333603322506 0.005590661428868771 0.00559256924316287 0.005601732060313225 0.005580826662480831 0.0053861006163060665 0.005325676407665014 0.005516646895557642 0.005640889052301645 0.005710977129638195 0.005789430346339941 0.0059320367872715 0.0062797293066978455 0.0069146594032645226 0.007731051184237003 0.008203723467886448 0.008055890910327435 0.007908221334218979 0.008176298812031746 0.007940213195979595 0.006753898225724697 0.005860316101461649 0.005620646756142378 0.005593388807028532 0.00559079647064209 0.005590514745563269 0.005590565036982298 0.005591623950749636 0.005601793061941862 0.005676840431988239 0.005966146942228079 0.006595170125365257 0.007181159686297178 0.0073537868447601795 0.007045619189739227 0.006414745002985001 0.005870854947715998 0.005647584330290556 0.005601978860795498 0.005596100352704525
0.00559026887640357 0.0055902567692101 0.005590233486145735 0.005590240471065044 0.0055905054323375225 0.005592626519501209 0.005592754576355219 0.005552320275455713 0.005502249114215374 0.005539352539926767 0.005595250520855188 0.005625538062304258 0.005645453929901123 0.005694538354873657 0.005828170105814934 0.006211517844349146 0.006959208752959967 0.00781863834708929 0.008203943260014057 0.008166118524968624 0.00820971466600895 0.00786023959517479 0.006749882362782955 0.005881843157112598 0.005628595128655434 0.005594697315245867 0.005591087508946657 0.005590662360191345 0.005590841174125671 0.005592735484242439 0.0056083411909639835 0.005711899604648352 0.006074033677577972 0.006769163999706507 0.007350489962846041 0.007498917169868946 0.007173422258347273 0.006526554469019175 0.005937563721090555 0.0056815980933606625 0.0056284642778337 0.005625443998724222
0.005590225104242563 0.005590139422565699 0.0055899727158248425 0.005589810200035572 0.005589865148067474 0.005590320099145174 0.005588891915977001 0.0055696978233754635 0.005538166034966707 0.0055461754091084 0.005578056443482637 0.005595319904386997 0.005601349752396345 0.005611980799585581 0.005649777594953775 0.005783539265394211 0.006207027938216925 0.006999293342232704 0.0077936965972185135 0.008099667727947235 0.008061500266194344 0.007599123753607273 0.006615040358155966 0.0058678146451711655 0.005632085260003805 0.005595874506980181 0.00559140183031559 0.005590871907770634 0.0055911727249622345 0.0055939918383955956 0.005615693051367998 0.005748296156525612 0.006180641241371632 0.006913783028721809 0.007478935644030571 0.007608984597027302 0.0072889490984380245 0.006645828485488892 0.006041307933628559 0.005771245341747999 0.005737780127674341 0.005769007373601198
0.005590023938566446 0.00558960298076272 0.005588974803686142 0.005588836036622524 0.005589362233877182 0.005589974112808704 0.005589603446424007 0.005583775229752064 0.0055710505694150925 0.005569867789745331 0.005581635516136885 0.005589223932474852 0.00559132220223546 0.005592712201178074 0.005597906652837992 0.0056239948607981205 0.0057396236807107925 0.006117073819041252 0.006777689792215824 0.007325942162424326 0.007405850104987621 0.006989879533648491 0.006295910105109215 0.005788762588053942 0.005624847486615181 0.005595852620899677 0.005591653287410736 0.005591097753494978 0.005591606255620718 0.005595699418336153 0.005624894984066486 0.00578841008245945 0.006285693496465683 0.007052799686789513 0.0075937677174806595 0.007710601203143597 0.00741101847961545 0.006806798744946718 0.0062438747845590115 0.006028075702488422 0.006085135042667389 0.006216167472302914
0.005589195992797613 0.005587792489677668 0.00558656919747591 0.005587245337665081 0.005589116830378771 0.005590043030679226 0.005589987616986036 0.005587167572230101 0.005581169854849577 0.005580204539000988 0.0055856527760624886 0.005589351058006287 0.005590250715613365 0.005590429063886404 0.005590821150690317 0.005593292415142059 0.00560988113284111 0.00569387199357152 0.005937017500400543 0.006263301707804203 0.00641351705417037 0.0062590958550572395 0.005927381105720997 0.005694734398275614 0.005611994303762913 0.005594737362116575 0.0055916872806847095 0.005591300316154957 0.005592169240117073 0.005598213989287615 0.005637954920530319 0.005838788580149412 0.006397446617484093 0.007174044847488403 0.007684755139052868 0.007803159765899181 0.007559303194284439 0.007066287100315094 0.006636821664869785 0.0065397960133850574 0.006685330532491207 0.006844814866781235
0.0055869207717478275 0.005584447178989649 0.005584161262959242 0.005586980376392603 0.0055895010009408 0.005590187385678291 0.0055901408195495605 0.005589053966104984 0.0055871750228106976 0.005587117280811071 0.00558886956423521 0.005589982960373163 0.005590247921645641 0.005590280517935753 0.005590296350419521 0.005590400658547878 0.005591369699686766 0.005598433781415224 0.005632022861391306 0.0057096886448562145 0.005776245146989822 0.005764083471149206 0.005686587188392878 0.005624530371278524 0.005599220748990774 0.005592771340161562 0.005591372027993202 0.005591329652816057 0.0055926525965332985 0.0056010084226727486 0.00565263582393527 0.005889185704290867 0.006485122721642256 0.007239415775984526 0.00771412905305624 0.007841097190976143 0.00769643671810627 0.007378892973065376 0.007119324058294296 0.007059377618134022 0.007059238851070404 0.006959686987102032
0.005583595484495163 0.005582271609455347 0.005584752187132835 0.005588395521044731 0.0055899969302117825 0.005590257700532675 0.005590206477791071 0.005589905194938183 0.005589574109762907 0.005589705891907215 0.005590054672211409 0.005590221844613552 0.005590271204710007 0.005590278189629316 0.005590278655290604 0.005590280517935753 0.005590301007032394 0.005590532440692186 0.005592212080955505 0.005598363932222128 0.0056073786690831184 0.005610023159533739 0.005603916943073273 0.0055962479673326015 0.005592401139438152 0.00559116480872035 0.005590868182480335 0.005591097287833691 0.005592704750597477 0.005602752789855003 0.005663026589900255 0.005918346345424652 0.006509867031127214 0.007205714471638203 0.007622423581779003 0.007739389315247536 0.0076752714812755585 0.007544804364442825 0.007402720861136913 0.0072130002081394196 0.006872132420539856 0.006425100844353437
0.0055818455293774605 0.0055836462415754795 0.005587364546954632 0.005589655600488186 0.0055902195163071156 0.005590274930000305 0.005590262822806835 0.005590226035565138 0.005590199027210474 0.0055902330204844475 0.005590264219790697 0.005590274930000305 0.005590277723968029 0.005590278655290604 0.005590278655290604 0.005590278655290604 0.005590278655290604 0.0055902814492583275 0.0055903103202581406 0.005590459797531366 0.005590819753706455 0.005591155495494604 0.005591072607785463 0.00559077225625515 0.00559054221957922 0.005590455606579781 0.005590475630015135 0.005590709391981363 0.005592101253569126 0.005601719953119755 0.005660626571625471 0.0058994777500629425 0.006424555554986 0.007022497244179249 0.007363581098616123 0.007417099550366402 0.0073763285763561726 0.007415343075990677 0.007408130913972855 0.0071469079703092575 0.006627642083913088 0.0060844444669783115
0.005582315381616354 0.005586157087236643 0.0055890921503305435 0.005590101704001427 0.005590267013758421 0.005590277723968029 0.005590274930000305 0.005590271670371294 0.005590273067355156 0.00559027586132288 0.005590278189629316 0.005590278655290604 0.005590278655290604 0.005590278655290604 0.005590278655290604 0.005590278655290604 0.005590278655290604 0.005590278655290604 0.005590278655290604 0.005590280517935753 0.005590285640209913 0.005590294022113085 0.0055902982130646706 0.005590296816080809 0.005590294953435659 0.0055902982130646706 0.00559031730517745 0.005590418819338083 0.005591201595962048 0.005598006770014763 0.005643516778945923 0.005828611087054014 0.006230065133422613 0.006686350330710411 0.006937343627214432 0.0069223372265696526 0.006838968023657799 0.006979276891797781 0.007206829264760017 0.0071543431840837 0.00681846309453249 0.006506097968667746
0.0055837482213974 0.005587862338870764 0.005589762236922979 0.005590218119323254 0.005590274930000305 0.005590278655290604 0.005590278189629316 0.005590278189629316 0.005590278655290604 0.005590278655290604 0.005590278655290604 0.005590278655290604 0.005590278655290604 0.005590278655290604 0.005590278655290604 0.005590278655290604 0.005590278655290604 0.005590278655290604 0.005590278655290604 0.005590278655290604 0.005590278655290604 0.005590278655290604 0.005590278655290604 0.005590279120951891 0.005590279120951891 0.005590279586613178 0.005590282380580902 0.005590301472693682 0.005590560846030712 0.0055938344448804855 0.005619555711746216 0.005729864351451397 0.0059746308252215385 0.006259157322347164 0.006412651855498552 0.006379798054695129 0.006281193345785141 0.006389148533344269 0.0067543042823672295 0.007023899350315332 0.007062505930662155 0.007020276039838791
0.005584758706390858 0.0055885398760437965 0.005589931737631559 0.005590235348790884 0.0055902753956615925 0.005590278655290604 0.005590278655290604 0.005590278655290604 0.005590278655290604 0.005590278655290604 0.005590278655290604 0.005590278655290604 0.005590278655290604 0.005590278655290604 0.005590278655290604 0.005590278655290604 0.005590278655290604 0.005590278655290604 0.005590278655290604 0.005590278655290604 0.005590278655290604 0.005590278655290604 0.005590278655290604 0.005590278655290604 0.005590278655290604 0.005590278655290604 0.005590278655290604 0.005590278189629316 0.005590320099145174 0.005591340828686953 0.005601390730589628 0.005648268852382898 0.005756726488471031 0.00588685367256403 0.005958894733339548 0.0059456294402480125 0.005891823209822178 0.005919983610510826 0.006162798032164574 0.006502716336399317 0.00673029525205493 0.00679628923535347
