2D_landslide/Landslide/figures/3u.txt
ncols   200
nrows   200
xllcorner   0
yllcorner   0
cellsize   12.5
NODATA_value   -9999.00000
[rows 133 to 151 of 200, columns 126 to 167 of 200]
0.2079346776008606 -0.09607207775115967 -0.4963091313838959 -0.42407989501953125 0.22728849947452545 0.776158332824707 1.1621830463409424 1.4252638816833496 1.4530659914016724 1.3638960123062134 1.3552441596984863 1.4203828573226929 1.4750899076461792 1.4380853176116943 1.4383068084716797 1.4789983034133911 1.4985730648040771 1.3989143371582031 1.3240164518356323 1.1937307119369507 0.8927182555198669 0.6793588995933533 0.5270994901657104 0.38872069120407104 0.3484317660331726 0.39821285009384155 0.507186770439148 0.6295105218887329 0.6901914477348328 0.6874175667762756 0.6857242584228516 0.5644282102584839 0.3928411304950714 0.23777472972869873 0.1022939532995224 -0.01674616150557995 -0.09313717484474182 -0.12591451406478882 -0.12040390074253082 -0.11233723163604736 -0.07564929127693176 -0.0027656694874167442
0.11905674636363983 -0.23572860658168793 -0.5601692795753479 -0.12224602699279785 0.6000067591667175 1.095018982887268 1.414736270904541 1.327358603477478 1.1778792142868042 1.2267433404922485 1.2836005687713623 1.346596598625183 1.3665684461593628 1.4473987817764282 1.4932217597961426 1.4803447723388672 1.3371046781539917 1.1191622018814087 0.8615292906761169 0.5469652414321899 0.23262453079223633 0.13118299841880798 0.04766824096441269 0.1143036037683487 0.2189652919769287 0.34412553906440735 0.44482284784317017 0.464705228805542 0.4382838308811188 0.3841107487678528 0.3529573976993561 0.24929940700531006 0.1525568813085556 0.09239791333675385 0.06358993053436279 0.02403927408158779 -0.05845281109213829 -0.14863497018814087 -0.19611753523349762 -0.20404089987277985 -0.17307239770889282 -0.10885483026504517
-0.0502915196120739 -0.4277348518371582 -0.5100790858268738 0.2075720876455307 0.9204673767089844 1.4163752794265747 1.4690006971359253 1.3181120157241821 1.3187085390090942 1.304624080657959 1.2429370880126953 1.25486421585083 1.3325605392456055 1.3780542612075806 1.286908745765686 1.1293139457702637 0.8413690328598022 0.5056807398796082 0.2792445123195648 0.039243184030056 -0.002863657660782337 0.015823371708393097 0.09830014407634735 0.22122730314731598 0.3534463047981262 0.4262939393520355 0.4567493498325348 0.44222292304039 0.4195205867290497 0.3705407381057739 0.3154297173023224 0.24523213505744934 0.18221522867679596 0.12362341582775116 0.08090299367904663 0.03309078887104988 -0.026375889778137207 -0.08905056118965149 -0.1291564255952835 -0.1344732642173767 -0.13139787316322327 -0.11779385805130005
-0.31880080699920654 -0.5635368824005127 -0.264125794172287 0.5333079099655151 1.2126975059509277 1.6534323692321777 1.5000581741333008 1.3380852937698364 1.2567449808120728 1.1666148900985718 1.0465623140335083 1.063955307006836 1.0414408445358276 0.9526229500770569 0.6792816519737244 0.4602213501930237 0.2204814851284027 -0.05334099382162094 -0.13292232155799866 -0.0996888130903244 -0.018674414604902267 0.11333535611629486 0.2377493679523468 0.3357197344303131 0.3879566490650177 0.43226534128189087 0.46715930104255676 0.4851092994213104 0.4636988639831543 0.40221408009529114 0.36290353536605835 0.2861520051956177 0.206264927983284 0.1335899531841278 0.0816696435213089 0.03799457848072052 -0.002342681400477886 -0.040647849440574646 -0.07617901265621185 -0.09167735278606415 -0.09083366394042969 -0.0727902352809906
-0.6470692157745361 -0.5903158783912659 -0.09107321500778198 0.6836380958557129 1.4315282106399536 1.6588143110275269 1.3813121318817139 1.2236113548278809 1.094996690750122 1.0312436819076538 0.8097692728042603 0.6966968774795532 0.5080708861351013 0.3504881262779236 0.07894842326641083 -0.1847638487815857 -0.3790653944015503 -0.26247355341911316 -0.13044065237045288 0.0027121747843921185 0.1234334409236908 0.19605785608291626 0.25008445978164673 0.30715957283973694 0.37743857502937317 0.4367724061012268 0.48084717988967896 0.4740277826786041 0.4195674955844879 0.3262169063091278 0.31293946504592896 0.2412448525428772 0.14361514151096344 0.08073914051055908 0.05048757791519165 0.02562958188354969 0.009665695950388908 -0.013269785791635513 -0.043373577296733856 -0.06406588852405548 -0.06434252858161926 -0.04658738523721695
-0.8803141117095947 -0.5256207585334778 0.20242442190647125 0.8881526589393616 1.388031005859375 1.403182864189148 1.1643524169921875 1.06545090675354 0.9163985848426819 0.7060583829879761 0.3490823209285736 0.13368795812129974 -0.16693462431430817 -0.3808019161224365 -0.569281280040741 -0.5134955644607544 -0.2850465774536133 -0.11627145111560822 -0.03652830049395561 0.02901754155755043 0.03276664763689041 0.089597687125206 0.16259782016277313 0.20262795686721802 0.23701982200145721 0.20065030455589294 0.22405435144901276 0.17511478066444397 0.1026705950498581 0.029561808332800865 0.01602691039443016 -0.013896618038415909 -0.02930176630616188 -0.02807958796620369 -0.020032653585076332 -0.005900012329220772 0.0015673935413360596 -0.005850775167346001 -0.029936861246824265 -0.04487086087465286 -0.0324278250336647 -0.009863643907010555
-0.8120967745780945 -0.3237789571285248 0.25451213121414185 0.7051284313201904 1.2098681926727295 1.2052128314971924 1.00087571144104 0.8601548075675964 0.6771308183670044 0.5055057406425476 0.03629312664270401 -0.3147442936897278 -0.47627389430999756 -0.5144532322883606 -0.44481319189071655 -0.2970108091831207 -0.15145188570022583 -0.08773165941238403 -0.09116004407405853 -0.053244877606630325 0.0022895338479429483 0.03612982854247093 0.0438414104282856 0.033043257892131805 0.04598747193813324 0.0157940611243248 0.02900618314743042 -0.00046779587864875793 -0.024937596172094345 -0.029938865453004837 -0.02981315553188324 -0.019771795719861984 -0.01234484650194645 -0.0028362777084112167 -0.00934512447565794 -0.00409757811576128 0.000737280584871769 -0.0031163645908236504 -0.016837522387504578 -0.020559025928378105 -0.00833867210894823 0.007493237964808941
-0.5385668277740479 -0.1907189041376114 0.1798592060804367 0.6715275645256042 1.0302858352661133 0.9648110270500183 0.7644346356391907 0.6538769602775574 0.47725164890289307 0.1631704717874527 -0.2898476719856262 -0.48295992612838745 -0.5063527226448059 -0.44707974791526794 -0.3616294860839844 -0.2570663094520569 -0.17692852020263672 -0.1506400853395462 -0.10441257059574127 -0.040638890117406845 -0.005409892648458481 -0.008889014832675457 -0.012988388538360596 -0.015018479898571968 -0.017950398847460747 -0.02119721844792366 -0.022983409464359283 -0.024327188730239868 -0.01936066709458828 -0.011245056986808777 -0.009653010405600071 -0.0020424467511475086 0.002518314868211746 0.004437165334820747 0.004614140838384628 0.007090676575899124 0.011339513584971428 0.011778082698583603 0.0037973024882376194 0.0015035630203783512 0.004332883283495903 0.01319935079663992
-0.28054535388946533 -0.06428660452365875 0.3932530879974365 0.7501295208930969 0.8318295478820801 0.6745400428771973 0.5396864414215088 0.4753560423851013 0.27032777667045593 -0.11528904736042023 -0.5020976662635803 -0.539932131767273 -0.474126935005188 -0.3502482771873474 -0.18125903606414795 -0.14192703366279602 -0.0960536003112793 -0.05174243077635765 -0.010428017005324364 0.00601456593722105 0.0009638546034693718 -0.0034826742485165596 -0.0035807322710752487 -0.004885271191596985 -0.005097187124192715 -0.004075555130839348 -0.007117537781596184 -0.004982005804777145 -0.0017095762304961681 0.0011855554766952991 0.0018060884904116392 0.00402047811076045 0.005148431286215782 0.005605930462479591 0.006170347798615694 0.008274734951555729 0.012799866497516632 0.01512289047241211 0.011159258894622326 0.008331657387316227 0.010005459189414978 0.0149637246504426
0.009754895232617855 0.312416672706604 0.7536539435386658 0.5193568468093872 0.32853156328201294 0.322257399559021 0.2795197069644928 -0.023781955242156982 -0.4584667384624481 -0.545080840587616 -0.4702695310115814 -0.31187310814857483 -0.0916212648153305 -0.0050193993374705315 0.013942128047347069 0.014253625646233559 0.014688531868159771 0.013653784990310669 0.010524504818022251 0.00768529437482357 0.006492342334240675 0.006180649157613516 0.0060793329030275345 0.005492277909070253 0.004799050744622946 0.004415977746248245 0.004055509343743324 0.004592396318912506 0.0048360638320446014 0.005088603589683771 0.005199761129915714 0.0054445331916213036 0.005642918404191732 0.005808464717119932 0.006413111463189125 0.008424284867942333 0.012231581844389439 0.015294241718947887 0.013772929087281227 0.01176044624298811 0.012931600213050842 0.01536972913891077
0.37536168098449707 0.6114685535430908 0.4315352439880371 0.05659632757306099 0.06009318679571152 0.15391892194747925 -0.281193345785141 -0.5644932389259338 -0.5475314855575562 -0.4275835156440735 -0.19554191827774048 -0.01842077076435089 0.045325979590415955 0.02875615283846855 0.0057941400445997715 0.003920641262084246 0.005581141449511051 0.006193832028657198 0.006014212500303984 0.005795106291770935 0.0057842424139380455 0.005893682595342398 0.005953785963356495 0.005889970809221268 0.005670507438480854 0.005446938332170248 0.00524497963488102 0.005302674602717161 0.005353814456611872 0.005455730017274618 0.005525399465113878 0.005668462719768286 0.0058539872989058495 0.006258725188672543 0.007474060170352459 0.010040570981800556 0.013736629858613014 0.01532679796218872 0.01318228431046009 0.011179478839039803 0.013190967962145805 0.015339040197432041
0.5920785665512085 0.3873029351234436 -0.07988905906677246 -0.17808754742145538 -0.0804404616355896 -0.1924448311328888 -0.6140443086624146 -0.5525761842727661 -0.3888709247112274 -0.16413694620132446 0.02114003524184227 0.07250639796257019 0.038502875715494156 0.0021421490237116814 -0.0062567442655563354 -0.0010250573977828026 0.003176541533321142 0.004912605509161949 0.005451342090964317 0.00555697875097394 0.005608023144304752 0.005657556466758251 0.005680885631591082 0.005686964374035597 0.00564206438139081 0.005575031042098999 0.005494236014783382 0.0054701995104551315 0.005468795076012611 0.005548266228288412 0.005679803900420666 0.005972349550575018 0.006482148543000221 0.007523675449192524 0.009609397500753403 0.01257513277232647 0.015049188397824764 0.014490917325019836 0.011415190994739532 0.010272160172462463 0.013340149074792862 0.015206324867904186
0.3033265173435211 0.12630605697631836 -0.35663485527038574 -0.2836151123046875 -0.32863694429397583 -0.5788252353668213 -0.5222374796867371 -0.2960440516471863 -0.13230158388614655 0.03425415977835655 0.10760985314846039 0.0773676335811615 0.02182495780289173 -0.008129408583045006 -0.010599138215184212 -0.0035078488290309906 0.0018666747491806746 0.004312487319111824 0.005241229198873043 0.005480705760419369 0.0055586774833500385 0.005591801833361387 0.005607887636870146 0.005613866727799177 0.005604494363069534 0.0055890693329274654 0.005564569961279631 0.005532979965209961 0.005550379399210215 0.005672617349773645 0.005990445613861084 0.0066743516363203526 0.007887548767030239 0.009843839332461357 0.012441225349903107 0.014559364877641201 0.014357605017721653 0.011348946020007133 0.00797751173377037 0.009073405526578426 0.013729394413530827 0.014689218252897263
-0.0070164380595088005 -0.3830713629722595 -0.37954381108283997 -0.39791518449783325 -0.49914446473121643 -0.3999424874782562 -0.12368318438529968 0.0016759163700044155 0.08999215066432953 0.13570627570152283 0.1088034063577652 0.056267861276865005 0.011177979409694672 -0.011473888531327248 -0.013586090877652168 -0.006610901094973087 0.00019295886158943176 0.003429502248764038 0.004928571172058582 0.005369310732930899 0.005514657590538263 0.0055623468942940235 0.005582531448453665 0.005590454675257206 0.005591429304331541 0.005589016247540712 0.005585006903856993 0.005582485813647509 0.005620291456580162 0.005826668348163366 0.006406266707926989 0.0076147159561514854 0.009540712460875511 0.011970806866884232 0.013673277571797371 0.01303519494831562 0.009433027356863022 0.004973938688635826 0.003576408140361309 0.00787817221134901 0.014123916625976562 0.01326431892812252
-0.30812960863113403 -0.4843836724758148 -0.298692911863327 -0.27573642134666443 -0.1834738552570343 -0.012212654575705528 0.08921010792255402 0.12332899868488312 0.13741590082645416 0.12451809644699097 0.08361396193504333 0.04554692283272743 0.012360034510493279 -0.009038586169481277 -0.015646835789084435 -0.010753538459539413 -0.004062005318701267 0.0010030390694737434 0.0037299850955605507 0.00481259822845459 0.005244223400950432 0.005448003299534321 0.005529445596039295 0.005563665647059679 0.005578573327511549 0.005584520287811756 0.005585155449807644 0.005590344779193401 0.005635169334709644 0.005854766350239515 0.006502402015030384 0.0078083667904138565 0.009572095237672329 0.01088234968483448 0.009757105261087418 0.005933311302214861 -4.3013133108615875e-06 -0.004018026404082775 -0.0022242339327931404 0.0061837551183998585 0.0131517443805933 0.010623272508382797
-0.5212868452072144 -0.35170769691467285 -0.033471304923295975 -0.021512644365429878 0.09175777435302734 0.12784439325332642 0.10701043903827667 0.09309515357017517 0.08692672848701477 0.07571038603782654 0.05472452566027641 0.03448965400457382 0.012482218444347382 -0.005694150924682617 -0.015460852533578873 -0.014237593859434128 -0.00902477651834488 -0.003443394787609577 0.0007165884599089622 0.0029035063926130533 0.004183083772659302 0.0049331639893352985 0.005293704103678465 0.005461839027702808 0.005542346276342869 0.005571529269218445 0.005581435281783342 0.005590434651821852 0.005620284005999565 0.0057372283190488815 0.005950752180069685 0.0059201973490417 0.005392942577600479 0.004458179231733084 0.0009513772092759609 -0.0043005384504795074 -0.00875728577375412 -0.00965549610555172 -0.004705269820988178 0.0048845564015209675 0.010247033089399338 0.007538300007581711
-0.4043090045452118 -0.07656940817832947 0.06120402738451958 0.031727150082588196 0.06268270313739777 0.05380512773990631 0.035535432398319244 0.029707064852118492 0.03195642679929733 0.03293512761592865 0.02725585550069809 0.018762703984975815 0.0050111389718949795 -0.006573287770152092 -0.014590002596378326 -0.015805792063474655 -0.013386180624365807 -0.009313895367085934 -0.005161702632904053 -0.0015410147607326508 0.001191046554595232 0.0032014360185712576 0.0044848197139799595 0.0051440587267279625 0.005445019342005253 0.005543054547160864 0.005572373978793621 0.005583972670137882 0.005595413967967033 0.0055201998911798 0.004495305009186268 0.0013628406450152397 -0.0004237559624016285 0.0007204762659966946 -0.001096703577786684 -0.008004558272659779 -0.012248991057276726 -0.009079457260668278 -0.002816789783537388 0.004032463300973177 0.006419650744646788 0.005523162428289652
0.007225139532238245 0.14277228713035583 -0.03844026103615761 -0.01067744754254818 0.011684892699122429 0.003915698733180761 -0.005186641588807106 -0.004496786743402481 -0.0014810888096690178 0.0003599654883146286 -0.0005898331291973591 -0.0034481342881917953 -0.008109019137918949 -0.012262539938092232 -0.015268167480826378 -0.015986640006303787 -0.01545523852109909 -0.01391732320189476 -0.011499099433422089 -0.008367947302758694 -0.00446478184312582 -0.0004319739528000355 0.0027662322390824556 0.004551486112177372 0.005288674961775541 0.005504113622009754 0.005556514021009207 0.005569109693169594 0.005547545850276947 0.005070147104561329 0.0021823630668222904 -0.0021367273293435574 -0.0003772331401705742 0.006519855931401253 0.008593199774622917 -5.416432395577431e-05 -0.008933520875871181 -0.006213786080479622 -0.00046673882752656937 0.002451082458719611 0.003830723464488983 0.005051854997873306
0.13602814078330994 0.04584928974509239 -0.07044458389282227 -0.026168715208768845 -0.0023039747029542923 -0.007754798978567123 -0.013478932902216911 -0.01494072936475277 -0.01474406011402607 -0.014405855908989906 -0.014586292207241058 -0.014894241467118263 -0.015317149460315704 -0.015734301880002022 -0.015924230217933655 -0.015963176265358925 -0.015984926372766495 -0.015985768288373947 -0.01577785052359104 -0.014693725854158401 -0.011523900553584099 -0.006161121651530266 -0.0001591760665178299 0.0036283056251704693 0.005131047684699297 0.00547751784324646 0.005541752092540264 0.005549341905862093 0.005399401765316725 0.004009552299976349 -0.0004070485010743141 -0.002269018441438675 0.006248072255402803 0.01626705750823021 0.01820768043398857 0.006971815600991249 -0.006489180959761143 -0.006376058794558048 -0.001573791727423668 0.0004304535686969757 0.003253432922065258 0.005200953688472509
