2D_landslide/Landslide/figures/4h.txt
ncols   200
nrows   200
xllcorner   0
yllcorner   0
cellsize   12.5
NODATA_value   -9999.00000
[rows 95 to 113 of 200, columns 86 to 128 of 200]
0.12055516988039017 0.015876665711402893 0.0 0.0 0.0 0.0 0.0 0.0 0.0 0.0 0.0 0.11564366519451141 0.33206766843795776 0.10078490525484085 0.0 0.0 0.2930961549282074 0.6789590716362 1.1329468488693237 1.6907228231430054 1.9895546436309814 2.081054449081421 2.3891539573669434 2.5377538204193115 2.535534620285034 2.809344530105591 2.840911626815796 2.4350955486297607 1.8615714311599731 1.3568503856658936 0.9274036884307861 0.6010625958442688 0.36154261231422424 0.16459085047245026 0.12261738628149033 0.2159551978111267 0.33019423484802246 0.4432152211666107 0.4840880036354065 0.449066698551178 0.3878418803215027 0.28864967823028564 0.11881130188703537
0.07780340313911438 0.0 0.0 0.0 0.0 0.0 0.0 0.0 0.0 0.06451236456632614 0.2892914414405823 0.3622555136680603 0.21191813051700592 0.0 0.0 0.0 0.08539193123579025 0.4752553701400757 0.9827004075050354 1.5310336351394653 2.130453586578369 2.252727746963501 2.4271106719970703 2.5791051387786865 2.5286762714385986 2.6358914375305176 2.604898452758789 2.2606360912323 1.7507344484329224 1.2246577739715576 0.8138226866722107 0.5274477601051331 0.33768072724342346 0.17954853177070618 0.08844953030347824 0.03458331897854805 0.01004795916378498 0.0 0.0 0.0 0.0 0.0 0.0
0.02992831915616989 0.0 0.0 0.0 0.0 0.0 0.0 0.015066064894199371 0.03199402615427971 0.44437769055366516 0.5091293454170227 0.26987406611442566 0.0 0.0 0.0 0.0 0.0 0.36739039421081543 0.9543274641036987 1.5609538555145264 2.034681558609009 2.5174055099487305 2.555819511413574 2.609328269958496 2.536313772201538 2.5378518104553223 2.3422341346740723 1.961960792541504 1.3820290565490723 0.8381409049034119 0.4031657874584198 0.12144795060157776 0.0 0.0 0.0 0.0 0.0 0.0 0.0 0.0 0.0 0.0 0.0
0.0 0.0 0.0 0.0 0.0 0.0 0.13804979622364044 0.3022233247756958 0.3227163851261139 0.46377232670783997 0.22832252085208893 0.0 0.0 0.0 0.0 0.0 0.0 0.3995417356491089 1.0605577230453491 1.6759836673736572 2.193117618560791 2.527038097381592 2.9720540046691895 2.826148509979248 2.533804178237915 2.4856178760528564 2.1604254245758057 1.6473551988601685 1.1395158767700195 0.6183876395225525 0.2630363702774048 0.0 0.0 0.0 0.0 0.0 0.0 0.0 0.0 0.0 0.0 0.0 0.0
0.0 0.0 0.0 0.0 0.0 0.0 0.35673806071281433 0.533960223197937 0.6076627969741821 0.4343186020851135 0.0 0.0 0.0 0.0 0.0 0.0 0.0 0.5032859444618225 1.222375750541687 1.9085079431533813 2.4502384662628174 2.677551507949829 2.936713457107544 3.333120822906494 2.7653703689575195 2.372856855392456 2.133847236633301 1.5902589559555054 0.9318932890892029 0.4244617223739624 0.13287809491157532 0.0 0.0 0.0 0.0 0.0 0.0 0.0 0.0 0.0 0.0 0.0 0.0
0.0 0.0 0.0 0.0 0.0 0.24129079282283783 0.5241603851318359 0.6800165176391602 0.3273339867591858 0.15570728480815887 0.0 0.0 0.0 0.0 0.0 0.0 0.27852097153663635 0.8059272766113281 1.5148842334747314 2.097334384918213 2.702481985092163 2.9815244674682617 3.087209939956665 3.2539196014404297 3.4545834064483643 2.974543809890747 2.362110137939453 1.8486233949661255 1.2524819374084473 0.6402074694633484 0.2071932554244995 0.0 0.0 0.0 0.0 0.0 0.0 0.0 0.0 0.0 0.0 0.6435749530792236 1.573460340499878
0.11267001926898956 0.016039542853832245 0.0 0.0 0.22016125917434692 0.4295608103275299 0.6224349141120911 0.3451993465423584 0.0 0.0 0.0 0.0 0.0 0.0 0.0 0.2605891525745392 0.7912489175796509 1.234968662261963 1.9279192686080933 2.428269386291504 3.0028491020202637 3.247995376586914 3.5814995765686035 3.5963945388793945 3.514429807662964 3.333756923675537 3.082240343093872 2.7189102172851562 2.101510524749756 1.5066834688186646 1.1372456550598145 0.5638561248779297 0.09098713099956512 0.0 0.0 0.0 0.0 0.0 0.0 0.06749234348535538 0.8967872262001038 2.1377816200256348 3.3642618656158447
0.37384453415870667 0.2341587394475937 0.030388545244932175 0.09553296864032745 0.47898566722869873 0.5746425986289978 0.37813600897789 0.0 0.0 0.0 0.06001976504921913 0.0 0.0 0.0 0.1504969298839569 0.6291306018829346 1.1244392395019531 1.6291413307189941 2.217435836791992 2.821767807006836 3.507262945175171 4.0066046714782715 4.043233871459961 4.254040718078613 4.231827259063721 3.9248037338256836 3.529327869415283 2.960635185241699 2.3366189002990723 1.7855597734451294 1.2716299295425415 0.8717637062072754 0.530253529548645 0.2584240734577179 0.1659899353981018 0.23722825944423676 0.6060699224472046 1.2719560861587524 2.101118803024292 3.0443267822265625 3.913813591003418 5.12669038772583 6.614951133728027
0.6535974144935608 0.5369524359703064 0.20466555655002594 0.3185245096683502 0.6510297060012817 0.7069284915924072 0.189956933259964 0.0 0.0 0.3268871307373047 0.5677895545959473 0.17657968401908875 0.0 0.0 0.2863834500312805 0.7176362872123718 1.1095329523086548 1.4391202926635742 1.9651585817337036 2.7567005157470703 3.490847110748291 4.180737018585205 4.691091060638428 4.9070329666137695 4.973392009735107 4.77352237701416 4.484576225280762 3.916999578475952 3.369030475616455 2.788878917694092 2.249706506729126 1.6801406145095825 1.28200101852417 1.4303032159805298 1.944469690322876 2.2420971393585205 2.8714282512664795 3.6679418087005615 4.894805431365967 6.150987148284912 7.468222141265869 9.09865665435791 11.150773048400879
0.880084216594696 0.8298266530036926 0.38074156641960144 0.4526226222515106 0.8025614619255066 0.8971383571624756 0.3653883934020996 0.12167750298976898 0.051007241010665894 0.8466330766677856 0.7383255362510681 0.4001343548297882 0.22219565510749817 0.4100719094276428 0.6590436100959778 0.7943083047866821 0.9894048571586609 1.2863599061965942 1.7255117893218994 2.352543830871582 3.15545392036438 4.019991874694824 4.706005096435547 5.15057373046875 5.352927207946777 5.451761722564697 5.393202781677246 5.206165313720703 4.9948015213012695 4.48286771774292 4.089301586151123 3.8053436279296875 4.136542320251465 4.554021835327148 5.00575590133667 5.146125316619873 5.749698638916016 6.619687080383301 7.966216087341309 9.35509967803955 11.231300354003906 13.647335052490234 16.07624626159668
1.0262283086776733 1.143892765045166 0.6022518873214722 0.524109423160553 1.0217347145080566 1.3035999536514282 0.915507435798645 0.6819669604301453 0.5886679291725159 1.1214139461517334 0.9565439224243164 0.5845867395401001 0.45673683285713196 0.741377055644989 0.8910578489303589 0.9145854115486145 1.0720832347869873 1.3226418495178223 1.7090411186218262 2.2060043811798096 2.795180320739746 3.5663816928863525 4.565698623657227 5.491988182067871 5.953051567077637 6.076553821563721 6.048679828643799 6.230292797088623 6.2593607902526855 6.224669933319092 6.830143928527832 7.615690231323242 7.865468502044678 8.023179054260254 8.622159957885742 9.004271507263184 9.569527626037598 10.419084548950195 11.993532180786133 14.154840469360352 16.83417510986328 19.65310287475586 22.382625579833984
1.1671327352523804 1.3552881479263306 0.8525989055633545 0.7175210118293762 1.491710901260376 1.918996810913086 1.6496609449386597 1.4476447105407715 1.3225312232971191 1.3550103902816772 1.2571775913238525 0.7745567560195923 0.7132875323295593 1.0734150409698486 1.0985714197158813 1.1182925701141357 1.244569182395935 1.4288438558578491 1.7425811290740967 2.1867804527282715 2.8166375160217285 3.6421923637390137 4.785808563232422 5.942005634307861 6.8977580070495605 7.402924537658691 8.037726402282715 8.199430465698242 8.372345924377441 9.092684745788574 10.995275497436523 11.54096794128418 11.898274421691895 12.174714088439941 13.082696914672852 13.444005012512207 14.161495208740234 15.691617965698242 18.450931549072266 21.3781681060791 24.541101455688477 27.196456909179688 29.348392486572266
1.2937172651290894 1.517354965209961 1.165352463722229 1.0204188823699951 1.8125038146972656 2.512105703353882 2.335998058319092 2.0040855407714844 1.7434797286987305 1.6485339403152466 1.6225361824035645 1.0238990783691406 0.8294060230255127 1.179352045059204 1.1853954792022705 1.187739610671997 1.2719730138778687 1.4805405139923096 1.851171851158142 2.42185640335083 3.313326120376587 4.25771951675415 5.511903285980225 6.639261722564697 7.814718723297119 8.852815628051758 9.761261940002441 10.106424331665039 10.834997177124023 12.238274574279785 13.844478607177734 14.742398262023926 14.999459266662598 15.129533767700195 15.95028305053711 16.684425354003906 18.323894500732422 20.740278244018555 24.270357131958008 27.630552291870117 30.242008209228516 32.924713134765625 35.89388656616211
1.421911597251892 1.6667572259902954 1.3777397871017456 1.3864673376083374 1.9668668508529663 2.8556976318359375 2.935077428817749 2.531613349914551 2.1277434825897217 1.794413447380066 2.0488293170928955 1.4573347568511963 1.0837591886520386 1.3196394443511963 1.2400223016738892 1.2436732053756714 1.3830089569091797 1.680341362953186 2.1257169246673584 2.9548611640930176 3.935612201690674 5.0915303230285645 6.312626361846924 7.441494941711426 8.89244556427002 10.290353775024414 11.302684783935547 12.179903984069824 13.256019592285156 14.721325874328613 16.557119369506836 17.298433303833008 17.536163330078125 17.724153518676758 19.042078018188477 20.558151245117188 22.849021911621094 25.721351623535156 29.078420639038086 32.12677001953125 35.75018310546875 38.93854904174805 42.01689147949219
1.5177096128463745 1.7941606044769287 1.5219537019729614 1.5342048406600952 2.212449789047241 2.893460750579834 3.1797187328338623 2.9976656436920166 2.505174160003662 2.035519599914551 2.38368821144104 1.9952645301818848 1.4689682722091675 1.4676947593688965 1.3386224508285522 1.3247321844100952 1.4746484756469727 1.832910180091858 2.4650719165802 3.338486433029175 4.4272356033325195 5.673682689666748 6.9739670753479 8.271844863891602 10.052658081054688 11.488020896911621 12.67030143737793 14.314072608947754 16.023788452148438 17.34676170349121 18.71955108642578 19.102293014526367 19.739009857177734 20.614171981811523 22.732139587402344 24.80558204650879 27.180007934570312 29.890817642211914 33.7089958190918 37.46403884887695 40.970645904541016 44.54663848876953 47.67674255371094
1.5577449798583984 1.8328090906143188 1.6388481855392456 1.5989446640014648 2.3409905433654785 3.063317060470581 3.184293031692505 3.067270517349243 2.887712001800537 2.389220714569092 2.394871473312378 2.575239419937134 1.9732118844985962 1.7004258632659912 1.4501900672912598 1.4393160343170166 1.6454602479934692 2.0702877044677734 2.7699809074401855 3.7635843753814697 4.978949546813965 6.301968097686768 7.760238170623779 9.48017692565918 11.195586204528809 12.56871223449707 14.597458839416504 16.770721435546875 18.49551010131836 19.662334442138672 20.98250389099121 21.642366409301758 23.008583068847656 24.547008514404297 26.730775833129883 29.494182586669922 32.262901306152344 35.907005310058594 40.651058197021484 44.351356506347656 47.7076530456543 50.549102783203125 53.62835693359375
1.471192717552185 1.7190146446228027 1.8481168746948242 1.5307601690292358 2.134296178817749 2.829472303390503 3.494941234588623 2.931605577468872 2.745081901550293 2.564337968826294 2.27191424369812 2.584547758102417 2.582519292831421 2.076106548309326 1.5517058372497559 1.4502454996109009 1.6733248233795166 2.227553129196167 3.019397258758545 4.0422797203063965 5.254763603210449 6.561834812164307 8.398569107055664 10.305253982543945 12.02065658569336 13.820693016052246 16.38960838317871 18.68667221069336 20.429716110229492 21.781131744384766 23.401290893554688 24.787179946899414 25.871435165405273 27.899999618530273 31.258459091186523 34.52591323852539 38.14112091064453 41.5846061706543 45.70395278930664 49.19871520996094 52.360591888427734 55.652137756347656 59.06809997558594
1.3148621320724487 1.518616795539856 1.8783100843429565 1.6219393014907837 1.9680397510528564 2.4834091663360596 3.5317153930664062 3.176443576812744 2.6335039138793945 2.415372371673584 2.499244213104248 2.346651315689087 2.904641628265381 2.4688937664031982 1.7963236570358276 1.510679006576538 1.6944514513015747 2.3385355472564697 3.3374996185302734 4.341028690338135 5.545346736907959 7.201904296875 9.143811225891113 11.108022689819336 13.105353355407715 15.157333374023438 18.147289276123047 20.493999481201172 22.30789566040039 24.038209915161133 26.10404396057129 27.71617317199707 29.65397834777832 32.0531120300293 35.9797477722168 39.72234344482422 42.95523452758789 46.23672103881836 50.29301071166992 53.90105438232422 57.45215606689453 60.51276397705078 63.474735260009766
1.1448677778244019 1.3129760026931763 1.6908516883850098 1.9097703695297241 1.904190182685852 2.267439842224121 3.1249654293060303 3.372908353805542 2.8471055030822754 2.4218597412109375 2.513413906097412 2.514559268951416 3.047724962234497 2.9455699920654297 2.112673282623291 1.675742268562317 1.831411361694336 2.5191309452056885 3.846065044403076 4.9084014892578125 6.238702297210693 7.859213829040527 9.693244934082031 12.075839042663574 14.481000900268555 16.954221725463867 20.09437370300293 22.453445434570312 24.585338592529297 26.625595092773438 28.939950942993164 30.983123779296875 33.189735412597656 36.35684585571289 40.96363830566406 44.66390609741211 47.86065673828125 51.3116340637207 55.196990966796875 58.71111297607422 61.97007751464844 64.97982788085938 67.8919448852539
