2D_landslide/Landslide/figures/4h.txt
ncols   200
nrows   200
xllcorner   0
yllcorner   0
cellsize   12.5
NODATA_value   -9999.00000
[rows 95 to 113 of 200, columns 43 to 85 of 200]
0.007277549244463444 0.007277549244463444 0.007277546916157007 0.007277490105479956 0.007275829091668129 0.007233127951622009 0.006565822288393974 0.0022619455121457577 0.0 0.0 0.0 0.004338450729846954 0.00012992508709430695 0.0 0.0 0.0 0.0 0.0 0.0 0.0 0.0 0.0034423924516886473 0.019572699442505836 0.02975732460618019 0.034252312034368515 0.03148012235760689 0.015994615852832794 0.0 0.0 0.010756189934909344 0.06080896034836769 0.15672466158866882 0.2756040394306183 0.4528687298297882 0.5356852412223816 0.5577874779701233 0.5541953444480896 0.5297465920448303 0.5453526973724365 0.5692355632781982 0.554072380065918 0.28204765915870667 0.06738383322954178
0.007277549244463444 0.007277549244463444 0.0072775487788021564 0.007277538999915123 0.007277138531208038 0.007263315375894308 0.006982566323131323 0.004587926901876926 0.0 0.0 0.0 0.0 0.0 0.0 0.0 0.0 0.0 0.0 0.0 0.0 0.0 0.00534043600782752 0.023901600390672684 0.03925035893917084 0.04403136670589447 0.03768875449895859 0.022487252950668335 0.0 0.0 0.022799860686063766 0.0823010727763176 0.1732529252767563 0.3195740878582001 0.5167372822761536 0.6621789932250977 0.7298768758773804 0.7176995873451233 0.651581346988678 0.6432675719261169 0.6455374956130981 0.6154121160507202 0.35157525539398193 0.0839366689324379
0.007277549244463444 0.007277549244463444 0.007277549244463444 0.007277548313140869 0.007277507334947586 0.0072755892761051655 0.0072206901386380196 0.006521006114780903 0.003151132259517908 0.0 0.0 0.0 0.0 0.0 0.0 0.0 0.0 0.0 0.0 0.0 0.0 0.005167598836123943 0.024226348847150803 0.0402517206966877 0.04595709964632988 0.040755193680524826 0.026744551956653595 0.001473759301006794 0.0 0.01792687177658081 0.08014223724603653 0.18664772808551788 0.3127874732017517 0.5065776705741882 0.6956753730773926 0.8314502835273743 0.8283067345619202 0.7245707511901855 0.6871274709701538 0.6658768653869629 0.6205518841743469 0.38370487093925476 0.07351116836071014
0.007277549244463444 0.007277549244463444 0.007277549244463444 0.007277549244463444 0.007277547847479582 0.007277459837496281 0.007273777853697538 0.007196875289082527 0.0065268781036138535 0.004225395619869232 0.0007360819727182388 0.0 0.0 0.0 0.0 0.0009333468042314053 0.001133169513195753 0.0 0.0 0.0 0.0 0.004690496250987053 0.02681538835167885 0.043411049991846085 0.0501025952398777 0.045691005885601044 0.028902389109134674 0.0024339170195162296 0.0 0.01480303518474102 0.07681097090244293 0.1719590127468109 0.3210669457912445 0.570849597454071 0.8329983949661255 1.039239525794983 1.010683298110962 0.8618425130844116 0.7501158118247986 0.6634111404418945 0.5761908292770386 0.3133575916290283 0.015377444215118885
0.007277549244463444 0.007277549244463444 0.007277549244463444 0.007277549244463444 0.007277549244463444 0.007277548313140869 0.007277483120560646 0.007275114767253399 0.007233946584165096 0.006931191775947809 0.005953051615506411 0.004430086351931095 0.003176621627062559 0.002669135108590126 0.002731840591877699 0.0028973640874028206 0.0025290818884968758 0.0006448943167924881 0.0 0.0 0.0 0.0 0.01709257811307907 0.03175928443670273 0.03886844217777252 0.03278099745512009 0.021712005138397217 0.0 0.0 0.0 0.03970750421285629 0.19324928522109985 0.4741244912147522 0.7859289646148682 1.0639594793319702 1.2936056852340698 1.2655184268951416 1.0509101152420044 0.872062087059021 0.702568531036377 0.5578946471214294 0.2876412570476532 0.0
0.007277549244463444 0.007277549244463444 0.007277549244463444 0.007277549244463444 0.007277549244463444 0.007277549244463444 0.0072775487788021564 0.007277532480657101 0.007276874966919422 0.007264747750014067 0.007165719289332628 0.006797811947762966 0.006107421591877937 0.005345840938389301 0.004785910248756409 0.0043395203538239 0.0037316898815333843 0.0021811858750879765 0.0 0.0 0.0 0.0 0.006610473617911339 0.017954465001821518 0.021376213058829308 0.019781459122896194 0.008521760813891888 0.0 0.0 0.0 0.051404938101768494 0.3047942519187927 0.6372108459472656 0.9642353653907776 1.2317055463790894 1.469420313835144 1.430362582206726 1.1935080289840698 0.9821983575820923 0.7776889801025391 0.588456928730011 0.34750983119010925 0.06639835238456726
0.007277549244463444 0.007277549244463444 0.007277549244463444 0.007277549244463444 0.007277549244463444 0.007277549244463444 0.007277549244463444 0.007277549244463444 0.00727754645049572 0.007277393247932196 0.007273481227457523 0.007232525385916233 0.007043756078928709 0.006611705757677555 0.0060266186483204365 0.005420119501650333 0.004747621715068817 0.0035689242649823427 0.0015242211520671844 0.0 0.0 0.0 0.0 0.004254981409758329 0.006769860163331032 0.003966989926993847 0.0 0.0 0.0 0.0 0.08690151572227478 0.37873169779777527 0.709262490272522 1.0360736846923828 1.3044368028640747 1.5601776838302612 1.552595615386963 1.2983797788619995 1.0727087259292603 0.8657622337341309 0.6657755970954895 0.4526555836200714 0.21691344678401947
0.007277549244463444 0.007277549244463444 0.007277549244463444 0.007277549244463444 0.007277549244463444 0.007277549244463444 0.007277549244463444 0.007277549244463444 0.007277549244463444 0.007277548313140869 0.007277479860931635 0.007275047712028027 0.007243826519697905 0.0070844548754394054 0.006706947926431894 0.006193234585225582 0.005607598926872015 0.004809126257896423 0.003634585300460458 0.0013850899413228035 0.0 0.0 0.0 0.0 0.0 0.0 0.0 0.0 0.0 0.0 0.16020944714546204 0.44457900524139404 0.7480367422103882 1.0576436519622803 1.348305344581604 1.6224251985549927 1.619362235069275 1.3501912355422974 1.1340640783309937 0.9399154186248779 0.7657350897789001 0.5976084470748901 0.44425004720687866
0.007277549244463444 0.007277549244463444 0.007277549244463444 0.007277549244463444 0.007277549244463444 0.007277549244463444 0.007277549244463444 0.007277549244463444 0.007277549244463444 0.007277549244463444 0.007277548313140869 0.007277455646544695 0.007273945026099682 0.007233616430312395 0.007065572310239077 0.006746713537722826 0.006360168568789959 0.0059113032184541225 0.005349980667233467 0.004276908002793789 0.002028067596256733 0.0 0.0 0.0 0.0 0.0 0.0 0.0 0.0 0.0 0.14179153740406036 0.43544888496398926 0.7226763963699341 1.0143978595733643 1.3030492067337036 1.597926139831543 1.6725902557373047 1.42591392993927 1.2161765098571777 1.0396212339401245 0.8893783092498779 0.759042501449585 0.6630747318267822
0.007277549244463444 0.007277549244463444 0.007277549244463444 0.007277549244463444 0.007277549244463444 0.007277549244463444 0.007277549244463444 0.007277549244463444 0.007277549244463444 0.007277549244463444 0.007277549244463444 0.00727754645049572 0.007277257740497589 0.007269805297255516 0.007214579731225967 0.007060757838189602 0.006856455001980066 0.006642593070864677 0.006393711548298597 0.005980166140943766 0.005017162300646305 0.0027296910993754864 0.0 0.0 0.0 0.0 0.0 0.0 0.0 0.0 0.12562085688114166 0.3915754556655884 0.6662382483482361 0.9477201104164124 1.2134876251220703 1.5149682760238647 1.6878819465637207 1.5130330324172974 1.3158552646636963 1.1596194505691528 1.0299841165542603 0.9167922735214233 0.8409188389778137
0.007277549244463444 0.007277549244463444 0.007277549244463444 0.007277549244463444 0.007277549244463444 0.007277549244463444 0.007277549244463444 0.007277549244463444 0.007277549244463444 0.007277549244463444 0.007277549244463444 0.007277549244463444 0.007277530152350664 0.007276530843228102 0.00726326834410429 0.0072086164727807045 0.007118405774235725 0.00702357292175293 0.006948613561689854 0.006829014979302883 0.006529420148581266 0.00568578252568841 0.004413670394569635 0.002342183142900467 0.0 0.0 0.0 0.0 0.0 0.0 0.09828633815050125 0.31335699558258057 0.5644365549087524 0.8363578915596008 1.0965689420700073 1.3975986242294312 1.642728567123413 1.5932888984680176 1.4338040351867676 1.2976871728897095 1.1866673231124878 1.0843241214752197 0.9991795420646667
0.007277549244463444 0.007277549244463444 0.007277549244463444 0.007277549244463444 0.007277549244463444 0.007277549244463444 0.007277549244463444 0.007277549244463444 0.007277549244463444 0.007277549244463444 0.007277549244463444 0.007277549244463444 0.007277547847479582 0.007277446333318949 0.007275011390447617 0.007258611731231213 0.007219365332275629 0.007171641103923321 0.007139557506889105 0.007096031680703163 0.006990860681980848 0.006614466663450003 0.005935154855251312 0.003644190961495042 0.0 0.0 0.0 0.0 0.0 0.037308014929294586 0.12577863037586212 0.29343050718307495 0.5098104476928711 0.7451637387275696 0.9968814849853516 1.2955793142318726 1.5762913227081299 1.6518113613128662 1.5349606275558472 1.418515920639038 1.336089015007019 1.240537405014038 1.1441575288772583
0.007277549244463444 0.007277549244463444 0.007277549244463444 0.007277549244463444 0.007277549244463444 0.007277549244463444 0.007277549244463444 0.007277549244463444 0.007277549244463444 0.007277549244463444 0.007277549244463444 0.007277549244463444 0.0072775487788021564 0.0072775413282215595 0.007277247961610556 0.007274172734469175 0.007263490464538336 0.007245918735861778 0.007230610121041536 0.007210045587271452 0.0071743992157280445 0.00701266061514616 0.0065508317202329636 0.002859551925212145 0.0 0.0 0.0 0.0 0.02729637175798416 0.06037531793117523 0.11337944120168686 0.203275665640831 0.3698776066303253 0.5870488286018372 0.8307234644889832 1.1182372570037842 1.4115588665008545 1.6649194955825806 1.6530486345291138 1.5619237422943115 1.476504921913147 1.3940943479537964 1.2838045358657837
0.007277549244463444 0.007277549244463444 0.007277549244463444 0.007277549244463444 0.007277549244463444 0.007277549244463444 0.007277549244463444 0.007277549244463444 0.007277549244463444 0.007277549244463444 0.007277549244463444 0.007277549244463444 0.007277549244463444 0.0072775487788021564 0.007277522701770067 0.007277100346982479 0.007274819537997246 0.00726906256750226 0.007261200342327356 0.007248097099363804 0.007223061751574278 0.007123266346752644 0.006550217978656292 0.0003962363116443157 0.0 0.0 0.0 0.024626627564430237 0.057612355798482895 0.0811750739812851 0.11014866083860397 0.15748630464076996 0.2534000277519226 0.4591740071773529 0.6912359595298767 0.9453656673431396 1.2235585451126099 1.5617389678955078 1.7054829597473145 1.6693220138549805 1.592880368232727 1.497281789779663 1.39686918258667
0.007277549244463444 0.007277549244463444 0.007277549244463444 0.007277549244463444 0.007277549244463444 0.007277549244463444 0.007277549244463444 0.007277549244463444 0.007277549244463444 0.007277549244463444 0.007277549244463444 0.007277549244463444 0.007277549244463444 0.007277549244463444 0.0072775473818182945 0.007277505937963724 0.007277106400579214 0.007275422103703022 0.007271443959325552 0.007263231091201305 0.007241412531584501 0.0071186283603310585 0.006165124010294676 0.0 0.0 0.0 0.01623021438717842 0.05159443989396095 0.08035165071487427 0.0946861058473587 0.10782651603221893 0.12786391377449036 0.18338723480701447 0.32680240273475647 0.5383559465408325 0.7793750166893005 1.037980556488037 1.3774073123931885 1.6325559616088867 1.7112817764282227 1.6505812406539917 1.5545110702514648 1.4642324447631836
0.007277549244463444 0.007277549244463444 0.007277549244463444 0.007277549244463444 0.007277549244463444 0.007277549244463444 0.007277549244463444 0.007277549244463444 0.007277549244463444 0.007277549244463444 0.007277549244463444 0.007277549244463444 0.007277549244463444 0.007277549244463444 0.007277549244463444 0.007277544122189283 0.007277470547705889 0.007276903372257948 0.007274440489709377 0.007263955194503069 0.007223279215395451 0.006981266662478447 0.005214785225689411 0.0 0.0 0.0 0.05453804135322571 0.10952558368444443 0.13597716391086578 0.13591642677783966 0.14354568719863892 0.1461358666419983 0.18937315046787262 0.2940160036087036 0.48542243242263794 0.688297688961029 0.9295747876167297 1.223524808883667 1.4723715782165527 1.6425966024398804 1.6300400495529175 1.52424156665802 1.4498122930526733
0.007277549244463444 0.007277549244463444 0.007277549244463444 0.007277549244463444 0.007277549244463444 0.007277549244463444 0.007277549244463444 0.007277549244463444 0.007277549244463444 0.007277549244463444 0.007277549244463444 0.007277549244463444 0.007277549244463444 0.007277549244463444 0.007277549244463444 0.0072775487788021564 0.007277538534253836 0.007277415134012699 0.007276219315826893 0.0072685484774410725 0.007219767663627863 0.006815964821726084 0.0046434346586465836 0.0 0.0 0.0 0.0616752915084362 0.11044415086507797 0.13402612507343292 0.12842728197574615 0.1281566321849823 0.11915050446987152 0.1393238753080368 0.20919492840766907 0.36672478914260864 0.5494503378868103 0.7702930569648743 1.0029311180114746 1.2240281105041504 1.4465428590774536 1.524727702140808 1.4764480590820312 1.3992853164672852
0.007277549244463444 0.007277549244463444 0.007277549244463444 0.007277549244463444 0.007277549244463444 0.007277549244463444 0.007277549244463444 0.007277549244463444 0.007277549244463444 0.007277549244463444 0.007277549244463444 0.007277549244463444 0.007277549244463444 0.007277549244463444 0.007277549244463444 0.007277549244463444 0.007277547847479582 0.007277519907802343 0.007277002092450857 0.007270764093846083 0.007206396199762821 0.006654024589806795 0.003876058617606759 0.0 0.0 0.0 0.044328559190034866 0.09455028176307678 0.11065126210451126 0.10534092038869858 0.10187969356775284 0.0944133922457695 0.08712515980005264 0.13453194499015808 0.22903504967689514 0.401095986366272 0.5758621692657471 0.7757104635238647 0.948917031288147 1.1177085638046265 1.2732857465744019 1.3273229598999023 1.3024765253067017
0.007277549244463444 0.007277549244463444 0.007277549244463444 0.007277549244463444 0.007277549244463444 0.007277549244463444 0.007277549244463444 0.007277549244463444 0.007277549244463444 0.007277549244463444 0.007277549244463444 0.007277549244463444 0.007277549244463444 0.007277549244463444 0.007277549244463444 0.007277549244463444 0.007277549244463444 0.007277543656527996 0.0072773536667227745 0.007273111492395401 0.007203286048024893 0.006463577039539814 0.0030659926123917103 0.0 0.0 0.0 0.015693314373493195 0.057959772646427155 0.07929208129644394 0.07902919501066208 0.0762733593583107 0.06502017378807068 0.055538129061460495 0.06269720941781998 0.12283703684806824 0.22534319758415222 0.36500662565231323 0.5350379347801208 0.6661251187324524 0.784386396408081 0.9245291352272034 1.0296134948730469 1.0903457403182983
