2D_landslide/Landslide/figures/4h.txt
ncols   200
nrows   200
xllcorner   0
yllcorner   0
cellsize   12.5
NODATA_value   -9999.00000
[rows 38 to 56 of 200, columns 0 to 42 of 200]
0.007240505423396826 0.007258049678057432 0.007270887028425932 0.007276097312569618 0.007277369499206543 0.0072775352746248245 0.007277548313140869 0.007277549244463444 0.007277549244463444 0.007277549244463444 0.007277549244463444 0.007277558092027903 0.0072780693881213665 0.007299266289919615 0.007672716863453388 0.009815361350774765 0.01374126598238945 0.016200706362724304 0.01659984514117241 0.015473829582333565 0.012297415174543858 0.00897555984556675 0.0075700245797634125 0.007306259125471115 0.007279601413756609 0.007277691271156073 0.007277552504092455 0.007277511525899172 0.007277358788996935 0.007276719436049461 0.007274962961673737 0.007272352930158377 0.00727086141705513 0.007271635811775923 0.0072734905406832695 0.007274958770722151 0.007275672629475594 0.007275756448507309 0.007275169249624014 0.007273474708199501 0.007270037662237883 0.007265238557010889 0.007262703496962786
0.007172966375946999 0.007231313269585371 0.007262904662638903 0.007274745963513851 0.0072771962732076645 0.00727752223610878 0.007277547847479582 0.007277549244463444 0.007277549244463444 0.007277549244463444 0.007277549244463444 0.0072775534354150295 0.007277779746800661 0.007287465967237949 0.007473025470972061 0.008695435710251331 0.011457972228527069 0.013834239915013313 0.01436945516616106 0.013035095296800137 0.010442040860652924 0.00830911286175251 0.007473445497453213 0.00730229401960969 0.007280133198946714 0.007277830503880978 0.0072775837033987045 0.007277541793882847 0.007277481723576784 0.007277247495949268 0.007276596035808325 0.00727557810023427 0.007274848408997059 0.00727489497512579 0.007275390904396772 0.007275821175426245 0.007275931537151337 0.007275578565895557 0.007274422328919172 0.007271789014339447 0.0072672925889492035 0.007262738887220621 0.007262857630848885
0.007088209502398968 0.007201922591775656 0.007254367228597403 0.007273092865943909 0.00727696530520916 0.007277502212673426 0.00727754645049572 0.007277549244463444 0.007277549244463444 0.007277549244463444 0.007277549244463444 0.007277550641447306 0.00727760698646307 0.007279922254383564 0.007327936124056578 0.007709618657827377 0.008833788335323334 0.01015416905283928 0.010596750304102898 0.009891007095575333 0.008663929998874664 0.0077605703845620155 0.0073931412771344185 0.007299158722162247 0.007281225174665451 0.007278200704604387 0.007277673576027155 0.007277568336576223 0.0072775245644152164 0.0072774323634803295 0.007277211640030146 0.00727689266204834 0.0072766575030982494 0.007276621647179127 0.007276691030710936 0.007276714779436588 0.007276572752743959 0.007276083808392286 0.007274861913174391 0.00727229006588459 0.0072685787454247475 0.0072660138830542564 0.00726787094026804
0.007058500312268734 0.0071869888342916965 0.007248612120747566 0.007271513342857361 0.0072766575030982494 0.007277467753738165 0.007277543190866709 0.0072775487788021564 0.007277549244463444 0.007277549244463444 0.007277549244463444 0.007277549710124731 0.007277558092027903 0.007277850992977619 0.007283995393663645 0.007341077085584402 0.007555919233709574 0.00789625570178032 0.008091091178357601 0.007981433533132076 0.007702667266130447 0.00746662775054574 0.007344529498368502 0.007298321928828955 0.007283572573214769 0.007279234007000923 0.007277981378138065 0.007277640514075756 0.007277547847479582 0.007277495693415403 0.007277422584593296 0.007277341093868017 0.007277291733771563 0.007277283351868391 0.007277283351868391 0.007277249358594418 0.007277130614966154 0.007276811171323061 0.007276046555489302 0.007274538744240999 0.007272640243172646 0.007271895185112953 0.007273480761796236
0.0070776669308543205 0.0071876938454806805 0.007245139218866825 0.007269074209034443 0.007275988347828388 0.007277370896190405 0.007277533877640963 0.007277548313140869 0.007277549244463444 0.007277549244463444 0.007277549244463444 0.007277549244463444 0.007277550175786018 0.007277571130543947 0.007277967873960733 0.007281909231096506 0.007300537545233965 0.007341271266341209 0.007384416647255421 0.007399426307529211 0.007381442468613386 0.007349451072514057 0.007320761680603027 0.007300956640392542 0.007288765162229538 0.007282063364982605 0.007278932258486748 0.0072778258472681046 0.007277567870914936 0.007277514785528183 0.00727749103680253 0.007277477066963911 0.0072774761356413364 0.007277480326592922 0.007277479395270348 0.007277464494109154 0.007277418859302998 0.007277295459061861 0.007277008146047592 0.00727647403255105 0.0072759296745061874 0.0072758677415549755 0.007276500575244427
0.00715321721509099 0.007215974386781454 0.007252374663949013 0.007269295398145914 0.007275767624378204 0.007277291268110275 0.00727752223610878 0.007277546916157007 0.007277549244463444 0.007277549244463444 0.007277549244463444 0.007277549244463444 0.007277549244463444 0.007277550175786018 0.0072775655426084995 0.007277716416865587 0.007278583478182554 0.007281393278390169 0.007287067361176014 0.007294978480786085 0.0073031047359108925 0.007309323642402887 0.007311724592000246 0.007308609783649445 0.007299632299691439 0.007288796361535788 0.007281063124537468 0.007278137840330601 0.00727757066488266 0.007277511991560459 0.00727751012891531 0.0072775171138346195 0.007277525030076504 0.007277530152350664 0.007277531549334526 0.007277527824044228 0.007277515716850758 0.007277484051883221 0.00727741327136755 0.007277298253029585 0.007277203258126974 0.007277228869497776 0.0072773657739162445
0.007218095939606428 0.00724428053945303 0.007261035498231649 0.007271330803632736 0.007275731302797794 0.007277205586433411 0.007277504075318575 0.007277544587850571 0.0072775487788021564 0.007277549244463444 0.007277549244463444 0.007277549244463444 0.007277549244463444 0.007277549244463444 0.007277549710124731 0.0072775534354150295 0.007277578115463257 0.007277716416865587 0.007278323173522949 0.007280357182025909 0.007285669911652803 0.0072965072467923164 0.007312289904803038 0.0073246113024652 0.007320628967136145 0.007301246747374535 0.0072843716479837894 0.007278371136635542 0.007277521770447493 0.007277482654899359 0.007277502212673426 0.00727752223610878 0.007277534808963537 0.007277540862560272 0.007277543190866709 0.007277543190866709 0.0072775413282215595 0.0072775352746248245 0.007277524098753929 0.007277507800608873 0.0072774989530444145 0.007277506869286299 0.007277525961399078
0.007255142088979483 0.007262714207172394 0.007269293535500765 0.007273561786860228 0.007276156451553106 0.007277207914739847 0.0072774928994476795 0.007277542259544134 0.0072775487788021564 0.007277549244463444 0.007277549244463444 0.007277549244463444 0.007277549244463444 0.007277549244463444 0.007277549244463444 0.007277548313140869 0.0072775413282215595 0.007277510594576597 0.007277495227754116 0.007277982775121927 0.007281205151230097 0.007293371949344873 0.007321069948375225 0.007352274842560291 0.007352493703365326 0.0073172785341739655 0.007286797743290663 0.007278095930814743 0.007277325261384249 0.007277386263012886 0.007277446798980236 0.0072774868458509445 0.007277512922883034 0.007277528289705515 0.0072775366716086864 0.007277540862560272 0.0072775427252054214 0.007277543190866709 0.007277542259544134 0.007277540862560272 0.007277540396898985 0.007277540862560272 0.007277541793882847
0.00726965069770813 0.0072714295238256454 0.007273199036717415 0.00727499695494771 0.007276295218616724 0.007277140859514475 0.007277457043528557 0.007277537602931261 0.007277548313140869 0.007277549244463444 0.007277549244463444 0.007277549244463444 0.007277549244463444 0.007277549244463444 0.007277549244463444 0.0072775473818182945 0.007277532014995813 0.0072774337604641914 0.007277068682014942 0.007276466116309166 0.007277981378138065 0.0072921039536595345 0.0073345438577234745 0.007386052515357733 0.007382183335721493 0.007323865313082933 0.007283792831003666 0.007276079151779413 0.007276539225131273 0.007277083583176136 0.007277276366949081 0.007277338765561581 0.007277387659996748 0.0072774323634803295 0.007277469616383314 0.0072774942964315414 0.007277511991560459 0.007277521304786205 0.007277526427060366 0.007277528289705515 0.007277528755366802 0.007277525495737791 0.007277520373463631
0.0072753289714455605 0.007275457959622145 0.007275490555912256 0.007275926880538464 0.007276623975485563 0.007277217693626881 0.0072774738073349 0.007277538999915123 0.007277548313140869 0.007277549244463444 0.007277549244463444 0.007277549244463444 0.007277549244463444 0.007277549244463444 0.0072775487788021564 0.007277545519173145 0.007277508731931448 0.007277199998497963 0.007275558076798916 0.007270320784300566 0.007262227591127157 0.007268063724040985 0.007314662449061871 0.007369031198322773 0.007350551430135965 0.007287159096449614 0.007261713966727257 0.007266901899129152 0.007273352704942226 0.007276132702827454 0.0072768921963870525 0.007277012336999178 0.0072770616970956326 0.007277130149304867 0.007277217227965593 0.007277302443981171 0.007277390453964472 0.007277438882738352 0.007277469616383314 0.007277483586221933 0.007277489639818668 0.007277484983205795 0.0072774700820446014
0.007274927105754614 0.007273276802152395 0.007272570393979549 0.0072738006711006165 0.007275775074958801 0.007277031894773245 0.007277454249560833 0.007277537137269974 0.007277547847479582 0.007277549244463444 0.007277549244463444 0.007277549244463444 0.007277549244463444 0.007277549244463444 0.0072775487788021564 0.0072775413282215595 0.007277440279722214 0.007276390213519335 0.007269351743161678 0.00724136084318161 0.0071782744489610195 0.0071085114032030106 0.0070928470231592655 0.007115194573998451 0.00711570680141449 0.007128933910280466 0.007182752713561058 0.007234760094434023 0.007262836210429668 0.007273342460393906 0.007276189047843218 0.0072766453959047794 0.007276707328855991 0.007276737131178379 0.007276827935129404 0.007276971358805895 0.007277168333530426 0.00727730942890048 0.007277395110577345 0.00727743748575449 0.007277458906173706 0.007277452386915684 0.00727742537856102
0.007262549828737974 0.0072587342001497746 0.007260724436491728 0.007267167326062918 0.007273241877555847 0.007276378571987152 0.00727734062820673 0.007277522701770067 0.00727754645049572 0.0072775487788021564 0.007277549244463444 0.007277549244463444 0.007277549244463444 0.007277549244463444 0.007277547847479582 0.007277531549334526 0.007277264725416899 0.007273964583873749 0.007248719688504934 0.007140791974961758 0.006887931376695633 0.0065674977377057076 0.006368726491928101 0.006371825933456421 0.006527319084852934 0.006770737934857607 0.007004998624324799 0.007161868270486593 0.007238371763378382 0.00726680364459753 0.007274842821061611 0.007276507560163736 0.0072767711244523525 0.007276724558323622 0.007276739459484816 0.007276840973645449 0.007277070544660091 0.007277242373675108 0.007277367636561394 0.007277434226125479 0.007277462165802717 0.007277459371834993 0.0072774323634803295
0.007229489739984274 0.0072298129089176655 0.0072424281388521194 0.007258595433086157 0.00727019552141428 0.0072755455039441586 0.0072771706618368626 0.007277497556060553 0.007277543190866709 0.007277548313140869 0.007277549244463444 0.007277549244463444 0.007277549244463444 0.0072775487788021564 0.007277546916157007 0.007277513388544321 0.007276901043951511 0.007268509827554226 0.007201359607279301 0.00692031579092145 0.006305641494691372 0.00558973615989089 0.005197037011384964 0.005299676209688187 0.005758245475590229 0.006323248613625765 0.006784047000110149 0.0070674666203558445 0.007204568479210138 0.007257115561515093 0.007272785529494286 0.007276426535099745 0.0072770933620631695 0.007277151569724083 0.0072770980186760426 0.007277080789208412 0.007277228869497776 0.007277342956513166 0.007277425844222307 0.007277471479028463 0.007277493365108967 0.0072774928994476795 0.007277472410351038
0.007195569574832916 0.007206792011857033 0.007231022696942091 0.007254340685904026 0.007268848828971386 0.007275143172591925 0.007277068216353655 0.007277477998286486 0.007277540396898985 0.007277547847479582 0.0072775487788021564 0.007277549244463444 0.007277549244463444 0.0072775487788021564 0.007277545519173145 0.007277485448867083 0.0072763292118906975 0.0072601656429469585 0.007134327199310064 0.0066442470997571945 0.005679713096469641 0.004694715142250061 0.00427795946598053 0.004572421777993441 0.005299149081110954 0.00607758853584528 0.006664277985692024 0.007012753281742334 0.007181938737630844 0.007249288726598024 0.00727065047249198 0.007276167627424002 0.007277270313352346 0.007277410477399826 0.007277403026819229 0.007277376018464565 0.007277426775544882 0.007277461234480143 0.007277492433786392 0.00727751012891531 0.007277520839124918 0.007277519907802343 0.007277505937963724
0.007195468060672283 0.007210337556898594 0.0072350045666098595 0.007256850600242615 0.007269847672432661 0.007275374606251717 0.007277089171111584 0.007277475204318762 0.007277538999915123 0.007277547847479582 0.0072775487788021564 0.007277549244463444 0.007277549244463444 0.007277548313140869 0.007277543190866709 0.007277447264641523 0.007275671698153019 0.007252449635416269 0.007086640689522028 0.006501729134470224 0.005460634361952543 0.004519585520029068 0.004239477217197418 0.004663657862693071 0.005441190209239721 0.006194636225700378 0.006730203982442617 0.007039482705295086 0.007189386989921331 0.007250405382364988 0.007270601578056812 0.007276149466633797 0.007277328986674547 0.007277506869286299 0.0072775185108184814 0.007277514785528183 0.007277521770447493 0.0072775245644152164 0.007277531083673239 0.0072775352746248245 0.007277529686689377 0.007277493365108967 0.007277448195964098
0.007225451525300741 0.007233454845845699 0.007248677778989077 0.007263127714395523 0.007272054441273212 0.00727594830095768 0.007277193479239941 0.0072774868458509445 0.00727753946557641 0.0072775473818182945 0.0072775487788021564 0.0072775487788021564 0.0072775487788021564 0.007277547847479582 0.007277538999915123 0.007277396507561207 0.007275118492543697 0.007249622605741024 0.007091440726071596 0.006592726334929466 0.005783341825008392 0.005121167749166489 0.004999654367566109 0.0053903511725366116 0.0059926435351371765 0.006536583416163921 0.006908002775162458 0.00711790332570672 0.007218397222459316 0.00725892698392272 0.0072727082297205925 0.00727654155343771 0.007277388125658035 0.007277528289705515 0.007277544587850571 0.007277545053511858 0.007277545053511858 0.007277545053511858 0.007277545519173145 0.007277537137269974 0.007277419790625572 0.007276889402419329 0.007276300340890884
0.007254919968545437 0.0072559998370707035 0.007261993363499641 0.007269245572388172 0.007274243049323559 0.007276552263647318 0.007277311757206917 0.007277503143996 0.007277540862560272 0.0072775473818182945 0.0072775487788021564 0.0072775487788021564 0.0072775487788021564 0.007277546916157007 0.0072775306180119514 0.007277324330061674 0.007274738047271967 0.007252185605466366 0.0071373204700648785 0.0068226102739572525 0.006355379708111286 0.006003858521580696 0.005970781669020653 0.006216912530362606 0.006565110292285681 0.006871546618640423 0.007078490220010281 0.0071938009932637215 0.007247454021126032 0.007268281653523445 0.007275144103914499 0.007277023978531361 0.007277459371834993 0.0072775366716086864 0.0072775473818182945 0.0072775487788021564 0.0072775487788021564 0.0072775487788021564 0.007277548313140869 0.007277515716850758 0.007277048192918301 0.007274789735674858 0.007272057700902224
0.0072703189216554165 0.0072690867818892 0.007270417176187038 0.007273342926055193 0.007275774609297514 0.007276988122612238 0.007277406752109528 0.007277518045157194 0.007277542259544134 0.0072775473818182945 0.007277548313140869 0.007277548313140869 0.007277547847479582 0.007277543656527996 0.007277510594576597 0.007277199067175388 0.0072744195349514484 0.007256966084241867 0.0071883914060890675 0.0070310779847204685 0.00682026706635952 0.0066705974750220776 0.00665978342294693 0.006770191714167595 0.006930120754987001 0.00707746297121048 0.007180426269769669 0.007238044403493404 0.007264027372002602 0.00727356830611825 0.007276533637195826 0.007277320139110088 0.007277504075318575 0.007277540862560272 0.007277547847479582 0.0072775487788021564 0.007277549244463444 0.007277549244463444 0.007277548313140869 0.0072774989530444145 0.007276745513081551 0.007272995542734861 0.007267755456268787
0.007275687996298075 0.007274671457707882 0.007274629548192024 0.007275636773556471 0.007276694290339947 0.007277269847691059 0.007277474272996187 0.0072775306180119514 0.007277544122189283 0.0072775473818182945 0.007277547847479582 0.007277547847479582 0.007277545519173145 0.007277533877640963 0.007277459837496281 0.007276957388967276 0.00727396085858345 0.007261081598699093 0.007224066182971001 0.00715559720993042 0.00707335164770484 0.007014854345470667 0.007004553452134132 0.0070418366231024265 0.007107230834662914 0.0071761729195714 0.0072283935733139515 0.007258289027959108 0.007271355949342251 0.007275834213942289 0.007277121767401695 0.0072774458676576614 0.007277524098753929 0.0072775427252054214 0.0072775473818182945 0.0072775487788021564 0.0072775487788021564 0.007277549244463444 0.0072775487788021564 0.0072775171138346195 0.007276992779225111 0.007274333853274584 0.007270162925124168
