2D_landslide/Landslide/figures/4h.txt
ncols   200
nrows   200
xllcorner   0
yllcorner   0
cellsize   12.5
NODATA_value   -9999.00000
[rows 0 to 18 of 200, columns 129 to 171 of 200]
0.0 0.0 0.0 0.0 0.0 0.004519294016063213 0.006565128918737173 0.007126115262508392 0.007249623537063599 0.007272168528288603 0.007276039104908705 0.00727638928219676 0.007276016753166914 0.007274671923369169 0.00727168470621109 0.007268779911100864 0.00726963160559535 0.00727350078523159 0.007276326417922974 0.007277298718690872 0.007277504540979862 0.00727753946557641 0.007277545519173145 0.007277545984834433 0.007277543656527996 0.007277532014995813 0.007277477532625198 0.007277261465787888 0.007276666350662708 0.007275738287717104 0.007275986950844526 0.0072763594798743725 0.00727695319801569 0.007277338765561581 0.007277491968125105 0.007277535740286112 0.00727754645049572 0.0072775487788021564 0.007277549244463444 0.007277549244463444 0.007277549244463444 0.007277549244463444 0.007277549244463444
0.0 0.0 0.0 0.0 0.0031222011893987656 0.006039737723767757 0.007020171731710434 0.0072311959229409695 0.0072688027285039425 0.007275225594639778 0.007276414893567562 0.0072763883508741856 0.007275792770087719 0.007274207659065723 0.007271420210599899 0.007269178982824087 0.00727035291492939 0.0072737280279397964 0.007276262156665325 0.0072772204875946045 0.0072774686850607395 0.00727752223610878 0.007277533411979675 0.0072775292210280895 0.007277500815689564 0.007277363445609808 0.007276725955307484 0.007274346426129341 0.007268467918038368 0.0072604031302034855 0.0072565083391964436 0.0072665526531636715 0.007271915208548307 0.0072754682041704655 0.007276949472725391 0.0072774020954966545 0.007277516182512045 0.0072775427252054214 0.007277547847479582 0.007277549244463444 0.007277549244463444 0.007277549244463444 0.007277549244463444
0.0 0.0 0.0 0.0019183964468538761 0.00513437669724226 0.006680017337203026 0.007149126380681992 0.007251841947436333 0.007271328009665012 0.007275228854268789 0.007275995798408985 0.007275781594216824 0.007274725940078497 0.007272389717400074 0.007269011810421944 0.007266670931130648 0.007268325891345739 0.0072723617777228355 0.007275492884218693 0.007276870310306549 0.007277312222868204 0.007277433294802904 0.007277449127286673 0.007277383003383875 0.0072770677506923676 0.0072756255976855755 0.007269535679370165 0.007249613758176565 0.00720702251419425 0.007154972292482853 0.007130936719477177 0.00719283614307642 0.007230541203171015 0.0072583770379424095 0.007271481212228537 0.007275957614183426 0.007277183700352907 0.0072774747386574745 0.007277536205947399 0.0072775473818182945 0.007277549244463444 0.007277549244463444 0.007277549244463444
0.0 0.0 0.0013652383349835873 0.0044287932105362415 0.00622379407286644 0.006974136456847191 0.0072003258392214775 0.007257016375660896 0.007270560134202242 0.007273956201970577 0.007274568546563387 0.007273674476891756 0.007271213456988335 0.007266547996550798 0.007260710932314396 0.007257670164108276 0.007260643877089024 0.007267206907272339 0.007272655144333839 0.0072754439897835255 0.007276535965502262 0.007276865653693676 0.007276780903339386 0.007276056334376335 0.0072731319814920425 0.007261510472744703 0.007220357656478882 0.007110117003321648 0.006912254262715578 0.006694940850138664 0.006600255146622658 0.006837524939328432 0.00700764823704958 0.007153225596994162 0.007233486510813236 0.007265064399689436 0.007274607662111521 0.007276963442564011 0.007277453318238258 0.007277537137269974 0.007277548313140869 0.007277549244463444 0.007277549244463444
0.0 0.0 0.0033866395242512226 0.005654993467032909 0.006708329543471336 0.007100488059222698 0.007221651263535023 0.007257129531353712 0.007267644628882408 0.007270540576428175 0.007270218338817358 0.007266941014677286 0.00725976238027215 0.007247871719300747 0.007234769873321056 0.007228943984955549 0.007235604804009199 0.007249550428241491 0.0072619253769516945 0.00726910587400198 0.007272352464497089 0.00727315666154027 0.00727184908464551 0.007266161032021046 0.007246813271194696 0.0071838065050542355 0.007008047308772802 0.006633912678807974 0.006073720753192902 0.0055381557904183865 0.005304658319801092 0.00586817879229784 0.0063322847709059715 0.006790259387344122 0.007085125893354416 0.0072186654433608055 0.007263261824846268 0.00727474968880415 0.007277108728885651 0.007277495693415403 0.007277544587850571 0.0072775487788021564 0.007277549244463444
0.0 0.0 0.003964737523347139 0.0060410164296627045 0.006853768136352301 0.007132222410291433 0.007220594212412834 0.007249577436596155 0.007258953992277384 0.007260234095156193 0.007255599834024906 0.0072426581755280495 0.007218976505100727 0.007183230482041836 0.007147651165723801 0.0071332999505102634 0.007150261662900448 0.007185653783380985 0.007219619117677212 0.007240640465170145 0.007250841706991196 0.007252225186675787 0.007243695203214884 0.007214589975774288 0.007133212871849537 0.006923379376530647 0.006465528160333633 0.005679180845618248 0.004696396179497242 0.003865539561957121 0.003537756158038974 0.0044325124472379684 0.0052532050758600235 0.006148199550807476 0.006795390509068966 0.007121477276086807 0.007238868158310652 0.007270060945302248 0.00727640138939023 0.007277410943061113 0.0072775366716086864 0.007277548313140869 0.007277549244463444
0.0 0.0 0.003179797437041998 0.005800358951091766 0.006765415426343679 0.007082738913595676 0.007187071722000837 0.007221790961921215 0.007230975665152073 0.0072252508252859116 0.007203706074506044 0.0071549746207892895 0.0070736464112997055 0.006961531937122345 0.006861005909740925 0.006819825619459152 0.006866990122944117 0.006962673272937536 0.007059223484247923 0.007125466130673885 0.007160049397498369 0.007164820097386837 0.007135867141187191 0.007049262057989836 0.006845541764050722 0.00642184866592288 0.00567338801920414 0.004597830586135387 0.0034308682661503553 0.002525847405195236 0.0022559217177331448 0.0027252575382590294 0.004436122253537178 0.005644235294312239 0.006560677662491798 0.007042333018034697 0.007219633087515831 0.007266573142260313 0.007275895681232214 0.007277346681803465 0.0072775292210280895 0.007277547847479582 0.007277549244463444
0.0 0.0 0.00044003548100590706 0.004599090665578842 0.006271400488913059 0.0068483720533549786 0.007048698607832193 0.0071168807335197926 0.007127551361918449 0.007094799540936947 0.007008716464042664 0.00684369495138526 0.006581348832696676 0.0062575070187449455 0.0059652188792824745 0.005845063365995884 0.005963202565908432 0.006227859295904636 0.0065222796984016895 0.00673776026815176 0.0068655661307275295 0.006910808850079775 0.006870533339679241 0.006720862817019224 0.006411608308553696 0.005861978977918625 0.0050252871587872505 0.003955708350986242 0.0029072207398712635 0.002183557953685522 0.002102011814713478 0.002722006756812334 0.003958393819630146 0.005707990378141403 0.006612296216189861 0.0070686801336705685 0.007228601723909378 0.007268664892762899 0.007276233285665512 0.007277382537722588 0.0072775306180119514 0.0072775473818182945 0.007277549244463444
0.010799560695886612 0.0 0.0 0.001383388414978981 0.004635132849216461 0.005979069974273443 0.0065100910142064095 0.006702515296638012 0.006723489612340927 0.00661160284653306 0.006347359158098698 0.005886402912437916 0.005217020399868488 0.004442923702299595 0.003770841285586357 0.0034863962791860104 0.0037374100647866726 0.004384490195661783 0.00513733783736825 0.005773309152573347 0.00619314331561327 0.006413876079022884 0.0064598494209349155 0.006348595954477787 0.0060779862105846405 0.005609104409813881 0.004926246590912342 0.00408543087542057 0.003318978939205408 0.0028791860677301884 0.0030183610506355762 0.0037186304107308388 0.004861035384237766 0.00623593432828784 0.006878201849758625 0.0071647511795163155 0.007253560703247786 0.007273487746715546 0.007276959251612425 0.007277470547705889 0.007277538999915123 0.007277547847479582 0.007277549244463444
0.05713726952672005 0.0035740509629249573 0.0 0.0 0.00040294043719768524 0.003252060152590275 0.004598002880811691 0.005189466290175915 0.005304619669914246 0.005081395152956247 0.004513844847679138 0.0035944695118814707 0.0023671197704970837 0.0010363906621932983 0.0 0.0 0.0 0.0010706898756325245 0.002605053596198559 0.00404963456094265 0.005125030875205994 0.0057611409574747086 0.006072781514376402 0.006158144678920507 0.006060253828763962 0.0057976157404482365 0.0053423065692186356 0.004749630112200975 0.004261509515345097 0.004105226136744022 0.004404093604534864 0.005071265622973442 0.0059347618371248245 0.006784757133573294 0.00711655942723155 0.007238875608891249 0.00727040134370327 0.007276447489857674 0.007277393247932196 0.007277526892721653 0.007277545984834433 0.0072775487788021564 0.007277549244463444
0.12085627019405365 0.03969575837254524 0.0 0.0 0.0 0.0 0.0 0.0010562962852418423 0.0015620701014995575 0.0014164200983941555 0.0007369639351963997 0.0 0.0 0.0 0.0 0.0 0.0 0.0 0.0 0.0019230199977755547 0.0039465660229325294 0.005229020491242409 0.005926388315856457 0.006253897212445736 0.0063551487401127815 0.00626439368352294 0.005944401957094669 0.005481013562530279 0.005183272063732147 0.005223685875535011 0.005601883865892887 0.006142914295196533 0.006683397106826305 0.007099875248968601 0.00723032234236598 0.007268311455845833 0.007276114076375961 0.007277351804077625 0.00727752223610878 0.007277545053511858 0.007277548313140869 0.007277549244463444 0.007277549244463444
0.18082338571548462 0.08977677673101425 0.026466742157936096 0.0 0.0 0.0 0.0 0.0 0.0 0.0 0.0 0.0 0.0 0.0 0.0 0.0 0.0 0.0 0.0 3.8903672248125076e-05 0.0030337972566485405 0.0050134360790252686 0.006047767587006092 0.006527579855173826 0.0067174723371863365 0.006687820889055729 0.006366414483636618 0.00588601129129529 0.005672990344464779 0.005894154775887728 0.006325510796159506 0.006735693197697401 0.007041186094284058 0.0072031826712191105 0.007265878841280937 0.007275732699781656 0.007277315016835928 0.007277520373463631 0.007277545519173145 0.0072775487788021564 0.007277549244463444 0.007277549244463444 0.007277549244463444
0.22818732261657715 0.13593994081020355 0.06267493963241577 0.019931524991989136 0.0010606632567942142 0.0 0.0 0.0 0.0 0.0 0.0 0.0 0.0 0.0 0.0 0.0 0.0 0.0 0.0 0.0 0.0027032983489334583 0.005152819212526083 0.006330964155495167 0.006816050969064236 0.006995040457695723 0.006957339588552713 0.0065758139826357365 0.006002634298056364 0.005821237340569496 0.00618254579603672 0.006669047754257917 0.007003118749707937 0.00718136178329587 0.0072529991157352924 0.007274611387401819 0.007277182303369045 0.007277508266270161 0.007277544122189283 0.007277548313140869 0.007277549244463444 0.007277549244463444 0.007277549244463444 0.007277549244463444
0.26147735118865967 0.1688551902770996 0.0934797003865242 0.04428355395793915 0.018698733299970627 0.006190331187099218 0.0 0.0 0.0 0.0 0.0 0.0 0.0 0.0 0.0 0.0 0.0 0.0 0.0 0.0 0.002993081696331501 0.005549945868551731 0.006643905304372311 0.007031091023236513 0.007150277029722929 0.007097931113094091 0.006676697637885809 0.0059970831498503685 0.005814168136566877 0.006268382538110018 0.006816726177930832 0.007117079570889473 0.007232177536934614 0.007268059998750687 0.007276654243469238 0.007277455180883408 0.007277538999915123 0.0072775473818182945 0.0072775487788021564 0.007277549244463444 0.007277549244463444 0.007277549244463444 0.007277549244463444
0.28163382411003113 0.18779179453849792 0.111922986805439 0.06159604713320732 0.034329358488321304 0.0206514410674572 0.012929907999932766 0.007537407800555229 0.0030285250395536423 0.0 0.0 0.0 0.0 0.0 0.0 0.0 0.0 0.0 0.0 0.0 0.003698538290336728 0.006014056503772736 0.006890407297760248 0.007152851205319166 0.007222543004900217 0.007167140953242779 0.006748950574547052 0.006001489702612162 0.005778471473604441 0.0062891473062336445 0.006884986534714699 0.007165422663092613 0.007251822389662266 0.0072728851810097694 0.007276957854628563 0.007277514785528183 0.007277544587850571 0.007277547847479582 0.0072775487788021564 0.0072775487788021564 0.007277549244463444 0.007277549244463444 0.007277549244463444
0.29061391949653625 0.19426476955413818 0.1172594353556633 0.06709347665309906 0.04114951193332672 0.02904098853468895 0.023127462714910507 0.018597058951854706 0.013748666271567345 0.00821459386497736 0.0026679751463234425 0.0 0.0 0.0 0.0 0.0 0.0 0.0 0.0 0.0009458824060857296 0.004620074760168791 0.006440579425543547 0.0070527540519833565 0.007214286830276251 0.00725224893540144 0.007204988971352577 0.006815728265792131 0.006032824050635099 0.005756335332989693 0.006294449791312218 0.006911626085639 0.00718745868653059 0.00725976750254631 0.007274684961885214 0.007277216296643019 0.007277531083673239 0.00727754645049572 0.007277547847479582 0.007277548313140869 0.0072775487788021564 0.007277549244463444 0.007277549244463444 0.007277549244463444
0.29190540313720703 0.19258704781532288 0.11334183812141418 0.06326331198215485 0.03918589651584625 0.029708296060562134 0.02660878375172615 0.024733826518058777 0.021507173776626587 0.015683654695749283 0.008437087759375572 0.001546293031424284 0.0 0.0 0.0 0.0 0.0 0.0 0.0 0.0026125768199563026 0.005482037551701069 0.00675358297303319 0.007146219722926617 0.007242652587592602 0.007263986859470606 0.0072256880812346935 0.006871502380818129 0.006083864718675613 0.005754563026130199 0.006286377552896738 0.006923332344740629 0.007196088787168264 0.0072631798684597015 0.007275405805557966 0.0072773112915456295 0.007277536205947399 0.00727754645049572 0.007277547847479582 0.007277548313140869 0.0072775487788021564 0.007277549244463444 0.007277549244463444 0.007277549244463444
0.2893117070198059 0.18740598857402802 0.10521815717220306 0.0546637661755085 0.03215005621314049 0.024868398904800415 0.02437835931777954 0.025327224284410477 0.024316340684890747 0.019563749432563782 0.0116822998970747 0.0031570796854794025 0.0 0.0 0.0 0.0 0.0 0.0 0.0008843103423714638 0.00418076291680336 0.006149255204945803 0.006959247402846813 0.007197396829724312 0.007255541160702705 0.007268523797392845 0.007236599922180176 0.006912190467119217 0.006133907474577427 0.005761152133345604 0.006272519938647747 0.006918889004737139 0.007198430132120848 0.007264351937919855 0.007275710813701153 0.0072773527354002 0.007277538534253836 0.007277546916157007 0.007277547847479582 0.007277548313140869 0.0072775487788021564 0.007277549244463444 0.007277549244463444 0.007277549244463444
0.28613853454589844 0.18333400785923004 0.09812690317630768 0.046765271574258804 0.02490420639514923 0.01887376606464386 0.01979181542992592 0.02260405384004116 0.02364538237452507 0.020055372267961502 0.012310948222875595 0.0030474504455924034 0.0 0.0 0.0 0.0 0.0 0.0 0.0030297148041427135 0.005375755950808525 0.00660720095038414 0.007084355689585209 0.007224902976304293 0.007261325605213642 0.007269890513271093 0.007240070961415768 0.006927382200956345 0.006149076856672764 0.005748690105974674 0.006238208152353764 0.006898034363985062 0.007194263394922018 0.007264440879225731 0.007275852374732494 0.007277370430529118 0.007277525495737791 0.007277543190866709 0.007277548313140869 0.0072775487788021564 0.0072775487788021564 0.007277549244463444 0.007277549244463444 0.007277549244463444
