2D_landslide/Landslide/figures/4u.txt
ncols   200
nrows   200
xllcorner   0
yllcorner   0
cellsize   12.5
NODATA_value   -9999.00000
[rows 152 to 170 of 200, columns 84 to 125 of 200]
-0.24895034730434418 0.1248614490032196 0.41530641913414 0.5410276651382446 0.7457102537155151 1.068748950958252 1.4026689529418945 1.7422430515289307 1.8987377882003784 1.9328206777572632 1.8608704805374146 1.7863062620162964 1.661547064781189 1.7151018381118774 1.706190586090088 1.649172067642212 1.4754977226257324 1.2924028635025024 1.0981043577194214 0.8489387631416321 0.6914811134338379 0.6516329050064087 0.6793079376220703 0.7239763736724854 0.8143330812454224 0.9681895971298218 1.1045637130737305 1.2629469633102417 1.3721990585327148 1.388230800628662 1.360904335975647 1.1984962224960327 0.7628074288368225 0.37792640924453735 -0.006560203619301319 -0.3672558069229126 -0.7035498023033142 -0.76792311668396 -0.7615211606025696 -0.7309183478355408 -0.6495150327682495 -0.7406951785087585
-0.15008074045181274 0.277883917093277 0.6503999829292297 0.9016863107681274 1.1735135316848755 1.4538308382034302 1.6817481517791748 1.7874289751052856 1.7552378177642822 1.6457141637802124 1.4939574003219604 1.512726902961731 1.5114103555679321 1.6295245885849 1.6514434814453125 1.6253241300582886 1.4491028785705566 1.2483141422271729 1.0512982606887817 0.8448574542999268 0.7432315349578857 0.7052760720252991 0.6877337098121643 0.75154048204422 0.876129686832428 1.0178406238555908 1.1179819107055664 1.2092636823654175 1.2796945571899414 1.2938185930252075 1.2167507410049438 0.9370889663696289 0.5519296526908875 0.20158959925174713 -0.14362111687660217 -0.47960060834884644 -0.7665722966194153 -0.7975816130638123 -0.7785599231719971 -0.7277660965919495 -0.6632223129272461 -0.7693204283714294
-0.01337161473929882 0.3625316023826599 0.7262215614318848 1.0179691314697266 1.2097023725509644 1.3501564264297485 1.4104461669921875 1.335157871246338 1.2136750221252441 1.0911391973495483 1.0474960803985596 1.174553394317627 1.1835087537765503 1.3237519264221191 1.3688812255859375 1.3742684125900269 1.1728099584579468 1.0012664794921875 0.9008427858352661 0.8079699277877808 0.7369884252548218 0.7469334602355957 0.7331854104995728 0.7870908975601196 0.8764545917510986 1.0075280666351318 1.1057889461517334 1.150260329246521 1.1387896537780762 1.1124544143676758 0.9359452128410339 0.6910419464111328 0.350833922624588 0.06790314614772797 -0.2534968852996826 -0.5991097688674927 -0.8090256452560425 -0.7986983060836792 -0.7688241004943848 -0.7081844806671143 -0.7024027705192566 -0.749461829662323
0.146159365773201 0.4672657251358032 0.7687563300132751 0.976442813873291 1.071878433227539 1.0692894458770752 1.0856330394744873 0.9630811214447021 0.7711886763572693 0.7214856743812561 0.8100191354751587 0.8641035556793213 0.9187947511672974 0.9723904132843018 1.0193544626235962 1.0468692779541016 0.9048020839691162 0.8931030035018921 0.8622808456420898 0.8404186367988586 0.8366855978965759 0.8229116201400757 0.8420838713645935 0.8718763589859009 0.8802088499069214 0.9438749551773071 1.0310337543487549 1.0747264623641968 1.03182053565979 0.9600105881690979 0.7633792757987976 0.5355490446090698 0.22905457019805908 -0.0392090268433094 -0.34843575954437256 -0.6607643365859985 -0.8342498540878296 -0.8141441345214844 -0.7843083739280701 -0.7138739228248596 -0.7339665293693542 -0.6630035638809204
0.33424168825149536 0.600896954536438 0.7918646931648254 0.9185969829559326 0.8725733757019043 0.8228012323379517 0.709029495716095 0.6067494750022888 0.47497984766960144 0.432336688041687 0.48513931035995483 0.49515774846076965 0.5321860313415527 0.5918875336647034 0.6608375906944275 0.7288556098937988 0.7532482743263245 0.8521274328231812 0.9065012335777283 0.932559609413147 0.9259652495384216 0.9545076489448547 0.9673117995262146 0.929641842842102 0.9217045903205872 0.9192838072776794 0.9152041673660278 0.9677664041519165 0.925230085849762 0.7912507653236389 0.6309937238693237 0.41783106327056885 0.13058793544769287 -0.1304294466972351 -0.4324733316898346 -0.730718195438385 -0.8461393117904663 -0.8205721974372864 -0.7920628190040588 -0.7292461395263672 -0.71402907371521 -0.5592173337936401
0.5074655413627625 0.6939188241958618 0.7878364324569702 0.8012120723724365 0.7124515771865845 0.6144320964813232 0.5008367896080017 0.39727091789245605 0.22153063118457794 0.17987515032291412 0.11371453106403351 0.09908135235309601 0.1339641511440277 0.21010702848434448 0.376027375459671 0.5232343673706055 0.6618204116821289 0.795446515083313 0.9378716945648193 1.0514559745788574 1.0791195631027222 1.0803626775741577 1.0834558010101318 1.0284075736999512 0.9398235082626343 0.8680806756019592 0.8348991870880127 0.8164124488830566 0.7844918370246887 0.6660856604576111 0.4957123398780823 0.32626956701278687 0.04487930238246918 -0.21070873737335205 -0.5085840225219727 -0.7853556275367737 -0.8594202995300293 -0.8478671908378601 -0.8008451461791992 -0.745417594909668 -0.629075825214386 -0.4753999710083008
0.5905316472053528 0.6946018934249878 0.6880585551261902 0.6889640092849731 0.5688449740409851 0.46022486686706543 0.31974416971206665 0.14145512878894806 -0.0524858757853508 -0.2061609923839569 -0.29870155453681946 -0.3233683407306671 -0.2761349380016327 -0.11176115274429321 0.075444296002388 0.345255583524704 0.5438588857650757 0.7564793825149536 0.9552208185195923 1.1191422939300537 1.1811556816101074 1.2304515838623047 1.1937109231948853 1.1205976009368896 0.9646555781364441 0.8218302726745605 0.7235339879989624 0.6497913002967834 0.5197560787200928 0.456479012966156 0.3221370279788971 0.14958368241786957 -0.09020617604255676 -0.3547816574573517 -0.6398159861564636 -0.8490309715270996 -0.8856505751609802 -0.8621625304222107 -0.7808994054794312 -0.6733882427215576 -0.5009077191352844 -0.39759916067123413
0.5212132930755615 0.5955975651741028 0.6038743257522583 0.60662841796875 0.4986642897129059 0.3744470775127411 0.176287442445755 -0.015303386375308037 -0.30574071407318115 -0.4948154389858246 -0.6147778034210205 -0.6027725338935852 -0.5332704186439514 -0.3676031231880188 -0.09573489427566528 0.17839315533638 0.4540010690689087 0.7183147072792053 0.9679931998252869 1.160753607749939 1.2769221067428589 1.3194869756698608 1.2934322357177734 1.2051044702529907 1.0411409139633179 0.9011931419372559 0.7684984803199768 0.5937525629997253 0.37282633781433105 0.24309928715229034 0.15667012333869934 0.0007771747186779976 -0.2413165420293808 -0.4663529396057129 -0.7348346710205078 -0.9041635990142822 -0.8878942131996155 -0.7757192254066467 -0.6344262361526489 -0.5207748413085938 -0.34771421551704407 -0.30679792165756226
0.36843976378440857 0.47733274102211 0.49918949604034424 0.525000274181366 0.4233698844909668 0.3117656111717224 0.062135327607393265 -0.22224418818950653 -0.5297359824180603 -0.7555273175239563 -0.8977265357971191 -0.881856381893158 -0.7747014760971069 -0.5685015320777893 -0.2724599242210388 0.03343934565782547 0.34547609090805054 0.6872335076332092 0.9668478965759277 1.2086553573608398 1.3073338270187378 1.3832229375839233 1.3874534368515015 1.2899279594421387 1.1603399515151978 1.024968147277832 0.7933839559555054 0.5471546649932861 0.31959667801856995 0.13302268087863922 -0.007812700234353542 -0.1441633552312851 -0.3344317674636841 -0.5668920874595642 -0.783684492111206 -0.8623669743537903 -0.7048407793045044 -0.514167070388794 -0.4029681086540222 -0.3120158910751343 -0.21859213709831238 -0.2004106044769287
0.24784432351589203 0.34866777062416077 0.4271015524864197 0.492353230714798 0.3785914182662964 0.18729163706302643 -0.08293408155441284 -0.38301512598991394 -0.7091296911239624 -0.9597081542015076 -1.0688021183013916 -1.0547940731048584 -0.9177358150482178 -0.6828386783599854 -0.402255654335022 -0.06437219679355621 0.2783251106739044 0.6220375299453735 0.9443584084510803 1.1659990549087524 1.333696722984314 1.4468122720718384 1.467089056968689 1.4298466444015503 1.324091911315918 1.1232924461364746 0.9032481908798218 0.6658381819725037 0.4033910632133484 0.16463300585746765 -0.03591334819793701 -0.2009151130914688 -0.3832928240299225 -0.5812323689460754 -0.7129650115966797 -0.6445790529251099 -0.41874247789382935 -0.2865704298019409 -0.21499532461166382 -0.17117585241794586 -0.15775416791439056 -0.1292313188314438
0.20312711596488953 0.28576767444610596 0.35553717613220215 0.38978978991508484 0.2563322186470032 0.03546413779258728 -0.25002166628837585 -0.5561807155609131 -0.8576177358627319 -1.0171984434127808 -1.057026982307434 -0.9850516319274902 -0.8602889180183411 -0.7088069319725037 -0.4811159670352936 -0.18844743072986603 0.1597432643175125 0.5424144864082336 0.8519747853279114 1.1420732736587524 1.331106424331665 1.486772894859314 1.549587607383728 1.5481113195419312 1.3948662281036377 1.2132951021194458 1.0184030532836914 0.8214353919029236 0.5800090432167053 0.3381417393684387 0.08736152946949005 -0.15669599175453186 -0.3876945972442627 -0.5419957041740417 -0.5289028882980347 -0.3902686834335327 -0.2677237093448639 -0.20050279796123505 -0.1570449322462082 -0.12996765971183777 -0.09171424806118011 -0.05527171492576599
0.21339690685272217 0.2802256941795349 0.3268093466758728 0.273628830909729 0.09139147400856018 -0.163352370262146 -0.41634446382522583 -0.6430264115333557 -0.8450832962989807 -0.8695622682571411 -0.8236046433448792 -0.7236141562461853 -0.6557672023773193 -0.5477523803710938 -0.43203070759773254 -0.21674171090126038 0.10315047204494476 0.46811166405677795 0.8448715209960938 1.1592198610305786 1.3922537565231323 1.5686829090118408 1.6327893733978271 1.6202369928359985 1.464961051940918 1.30146324634552 1.1014548540115356 0.8792062401771545 0.6210086345672607 0.3819662034511566 0.10247354209423065 -0.18728850781917572 -0.4312683939933777 -0.4932161867618561 -0.3982676565647125 -0.30048373341560364 -0.2266985923051834 -0.16344884037971497 -0.10420078039169312 -0.0575404055416584 -0.008731844834983349 0.0066317347809672356
0.2293788194656372 0.27888253331184387 0.24263155460357666 0.0841999500989914 -0.10368612408638 -0.277038037776947 -0.48692190647125244 -0.6483703255653381 -0.5745656490325928 -0.49765947461128235 -0.5056963562965393 -0.4383331537246704 -0.41816824674606323 -0.33477169275283813 -0.26551172137260437 -0.13206906616687775 0.10975167155265808 0.4621824324131012 0.8361790776252747 1.1807562112808228 1.4235236644744873 1.5956698656082153 1.6396300792694092 1.6276750564575195 1.4661815166473389 1.2776448726654053 0.9929157495498657 0.7318617105484009 0.4216478168964386 0.13935507833957672 -0.09356515109539032 -0.28109151124954224 -0.33642056584358215 -0.330169141292572 -0.29521238803863525 -0.24450762569904327 -0.16582849621772766 -0.0775999128818512 -0.013988044112920761 0.015595470555126667 0.0178216565400362 0.013736611232161522
0.2813970744609833 0.236313134431839 0.10855713486671448 -0.008302726782858372 -0.15974342823028564 -0.23759834468364716 -0.2341538816690445 -0.1911712884902954 -0.1629599779844284 -0.1491207778453827 -0.16323484480381012 -0.1342121809720993 -0.13480202853679657 -0.12407311797142029 -0.04913916811347008 0.04383087530732155 0.22991745173931122 0.5193525552749634 0.848412811756134 1.1549817323684692 1.3614634275436401 1.5121408700942993 1.5374412536621094 1.5158101320266724 1.2996697425842285 0.994418203830719 0.7049594521522522 0.34144094586372375 0.020209763199090958 -0.16028942167758942 -0.22134952247142792 -0.2360783964395523 -0.23586079478263855 -0.22352035343647003 -0.17770153284072876 -0.11538480222225189 -0.034099869430065155 0.015830978751182556 0.026169784367084503 0.018831029534339905 0.011048635467886925 0.008893957361578941
0.041050273925065994 0.0013154209591448307 0.04064513370394707 0.12758657336235046 0.18508322536945343 0.22187422215938568 0.2547898292541504 0.28053852915763855 0.29374223947525024 0.2926497459411621 0.2319040149450302 0.18142004311084747 0.1588962972164154 0.15671460330486298 0.1834302842617035 0.2587854266166687 0.3905198574066162 0.5879596471786499 0.8134068250656128 1.0285546779632568 1.159940481185913 1.2138910293579102 1.2344274520874023 1.168628454208374 0.7279596328735352 0.36670511960983276 0.11236704885959625 -0.09040673077106476 -0.14835432171821594 -0.1727062612771988 -0.19717121124267578 -0.20791761577129364 -0.17233264446258545 -0.11578825116157532 -0.053179025650024414 -0.003977258689701557 0.01982097141444683 0.019989406690001488 0.014577976427972317 0.0111308041960001 0.009091047570109367 0.008327014744281769
0.11179426312446594 0.19062930345535278 0.19549429416656494 0.1880517452955246 0.20749887824058533 0.23950475454330444 0.29324546456336975 0.34190183877944946 0.37880951166152954 0.43498823046684265 0.4832822382450104 0.4791748821735382 0.4066709876060486 0.3721606731414795 0.3852618336677551 0.4394546449184418 0.5092663764953613 0.6003480553627014 0.73795086145401 0.8550211787223816 0.9105335474014282 0.9051622748374939 0.8756322264671326 0.7052128911018372 0.28287333250045776 0.05563487485051155 -0.057463426142930984 -0.09667165577411652 -0.11702309548854828 -0.15478762984275818 -0.15073075890541077 -0.10335500538349152 -0.039256203919649124 -0.0026434240862727165 0.01403570082038641 0.017855260521173477 0.014231895096600056 0.011050534434616566 0.0105489082634449 0.010005418211221695 0.009126413613557816 0.008416842669248581
0.1276048868894577 0.0997077226638794 0.1171846091747284 0.1482359766960144 0.1722678244113922 0.18920160830020905 0.20328351855278015 0.22488269209861755 0.2629961371421814 0.35372212529182434 0.43823885917663574 0.5183538794517517 0.5483531951904297 0.5390057563781738 0.5396344661712646 0.5539807081222534 0.5689330101013184 0.5851791501045227 0.6084567308425903 0.6363309025764465 0.6196945905685425 0.5978700518608093 0.5298697352409363 0.3690721094608307 0.09632275998592377 -0.013123201206326485 -0.05190308764576912 -0.08835874497890472 -0.1146654486656189 -0.08409704267978668 -0.027521241456270218 0.007849540561437607 0.0168943889439106 0.015293502248823643 0.011470617726445198 0.008856946602463722 0.008201121352612972 0.00874435342848301 0.009437528438866138 0.009604400023818016 0.009095486253499985 0.008368231356143951
0.0701906681060791 0.09273529052734375 0.09820576012134552 0.08770620822906494 0.0882449746131897 0.12659430503845215 0.15503866970539093 0.1882762461900711 0.21507412195205688 0.2804853618144989 0.3636060059070587 0.4434954524040222 0.5067973136901855 0.5960638523101807 0.618036687374115 0.6023704409599304 0.5600654482841492 0.5256470441818237 0.4826967418193817 0.45697635412216187 0.4087255597114563 0.36647990345954895 0.3022349178791046 0.181271031498909 0.009295498952269554 -0.028213821351528168 -0.061931151896715164 -0.08837416768074036 -0.028435565531253815 0.008305955678224564 0.01642780750989914 0.012631559744477272 0.00856754183769226 0.0067389849573373795 0.006225862540304661 0.006247580051422119 0.007011355832219124 0.008101124316453934 0.008933547884225845 0.009165436029434204 0.008896075189113617 0.008141388185322285
0.020392604172229767 -0.003781290724873543 -0.009939546696841717 -0.010417278856039047 -0.008660897612571716 0.00521418871358037 0.04344582557678223 0.10242268443107605 0.14402495324611664 0.2175591140985489 0.2954082787036896 0.353657990694046 0.3946656882762909 0.4989432394504547 0.5753624439239502 0.54458087682724 0.468032568693161 0.37797534465789795 0.29802972078323364 0.261567085981369 0.21923038363456726 0.16384074091911316 0.10631252825260162 0.020041994750499725 -0.010167764499783516 -0.039040736854076385 -0.04908376559615135 -0.004567076452076435 0.01412635762244463 0.00998544692993164 0.007115473505109549 0.0059558493085205555 0.005664571188390255 0.00561948399990797 0.005655649583786726 0.005922860000282526 0.006664077285677195 0.007690832018852234 0.008432915434241295 0.008687924593687057 0.008360336534678936 0.007691096514463425
