2D_landslide/Landslide/figures/4u.txt
ncols   200
nrows   200
xllcorner   0
yllcorner   0
cellsize   12.5
NODATA_value   -9999.00000
[rows 57 to 75 of 200, columns 0 to 41 of 200]
0.005589188542217016 0.0055879633873701096 0.005587454419583082 0.005588269792497158 0.005589351989328861 0.00558997318148613 0.005590193904936314 0.005590255372226238 0.005590270273387432 0.0055902739986777306 0.0055902739986777306 0.005590270273387432 0.005590252578258514 0.005590165499597788 0.005589707754552364 0.0055874669924378395 0.0055785952135920525 0.005553201772272587 0.005501088220626116 0.005424474831670523 0.0053397719748318195 0.005272524431347847 0.0052426764741539955 0.0052640545181930065 0.005334502086043358 0.005429613869637251 0.005511391907930374 0.0055603450164198875 0.005581255070865154 0.00558793731033802 0.005589704029262066 0.005590125452727079 0.005590230692178011 0.005590259097516537 0.005590268410742283 0.005590271670371294 0.005590273533016443 0.005590274464339018 0.00559027586132288 0.005590274930000305 0.005590236280113459 0.005589711479842663
0.005590042565017939 0.005589604843407869 0.00558933662250638 0.005589593201875687 0.005589973647147417 0.005590181797742844 0.00559025164693594 0.005590270273387432 0.005590274930000305 0.0055902753956615925 0.005590273533016443 0.005590264685451984 0.0055902195163071156 0.005589993204921484 0.005588945001363754 0.005585086531937122 0.005574363283813 0.005553465336561203 0.005522299092262983 0.005484691355377436 0.005443180445581675 0.005402067210525274 0.005369044374674559 0.005361310672014952 0.005393464118242264 0.00545851094648242 0.005524107720702887 0.005565746687352657 0.005583292338997126 0.005588564556092024 0.005589858163148165 0.005590151995420456 0.005590227898210287 0.005590246059000492 0.005590246990323067 0.005590238142758608 0.005590224638581276 0.005590212997049093 0.005590221844613552 0.00559024466201663 0.005590247921645641 0.005590126384049654
0.005590230692178011 0.005590104963630438 0.0055900150910019875 0.0055900923907756805 0.00559020321816206 0.0055902567692101 0.005590272601693869 0.005590276792645454 0.005590277258306742 0.005590277258306742 0.005590274930000305 0.0055902618914842606 0.005590176675468683 0.005589688662439585 0.005587529856711626 0.005581018980592489 0.005567047744989395 0.005547238513827324 0.005524424370378256 0.005499774124473333 0.005469257012009621 0.0054303128272295 0.005386528559029102 0.005357829388231039 0.005371034145355225 0.005432359874248505 0.005507536698132753 0.005559373646974564 0.005581800360232592 0.0055882371962070465 0.005589760839939117 0.005590103100985289 0.005590182729065418 0.005590182729065418 0.005590120796114206 0.005589927546679974 0.0055895415134727955 0.005589023232460022 0.00558897340670228 0.005589507520198822 0.00558997830376029 0.005590101238340139
0.0055902693420648575 0.005590240936726332 0.005590221844613552 0.005590242333710194 0.005590266082435846 0.0055902753956615925 0.005590277723968029 0.005590278189629316 0.005590278655290604 0.005590278189629316 0.005590276792645454 0.005590266082435846 0.005590164568275213 0.005589437671005726 0.005585967563092709 0.005575839430093765 0.005556972231715918 0.005534128751605749 0.005510885734111071 0.005485477391630411 0.005448948126286268 0.005394152831286192 0.005322426091879606 0.005260834004729986 0.005255803465843201 0.0053327931091189384 0.005447848234325647 0.005535757634788752 0.005574613809585571 0.005586446728557348 0.005589231848716736 0.005589864682406187 0.0055899848230183125 0.0055898516438901424 0.005589240696281195 0.005586933344602585 0.005580665543675423 0.005569810047745705 0.005565488710999489 0.00557439960539341 0.005584468599408865 0.005588097032159567
0.005590277258306742 0.005590272601693869 0.005590270273387432 0.0055902739986777306 0.005590277258306742 0.005590278189629316 0.005590278655290604 0.005590278655290604 0.005590278655290604 0.005590278655290604 0.005590278189629316 0.005590273533016443 0.005590206012129784 0.005589534528553486 0.005585612263530493 0.005572754889726639 0.005547298118472099 0.005515265744179487 0.005480074789375067 0.005437466781586409 0.005373375024646521 0.005272421054542065 0.005135472863912582 0.005007273517549038 0.004971909336745739 0.005089059006422758 0.00529882637783885 0.005468746647238731 0.0055529470555484295 0.0055802264250814915 0.005587184801697731 0.005588843487203121 0.005588999018073082 0.005587936844676733 0.005583090241998434 0.005562084261327982 0.0054954225197434425 0.005364350508898497 0.005284161772578955 0.005370448809117079 0.0055059390142560005 0.005567269865423441
0.005590278655290604 0.005590277723968029 0.005590277723968029 0.005590278189629316 0.005590278655290604 0.005590278655290604 0.005590278655290604 0.005590278655290604 0.005590278655290604 0.005590278655290604 0.005590278655290604 0.005590277723968029 0.005590254906564951 0.005589919630438089 0.00558719364926219 0.0055753448978066444 0.005545629188418388 0.005497978068888187 0.005433994345366955 0.0053456672467291355 0.005210821982473135 0.005005378741770983 0.00473853200674057 0.0044946265406906605 0.0044257440604269505 0.004619636572897434 0.004985876381397247 0.005313978064805269 0.005495620891451836 0.005560838617384434 0.005579695571213961 0.005584412720054388 0.0055842106230556965 0.005577742587774992 0.005548208486288786 0.005417511332780123 0.00499338936060667 0.004140703938901424 0.003484205109998584 0.003837429452687502 0.004793020896613598 0.005384455900639296
0.005590278655290604 0.005590278655290604 0.005590278655290604 0.005590278655290604 0.005590278655290604 0.005590278655290604 0.005590278655290604 0.005590278655290604 0.005590278655290604 0.005590278655290604 0.005590278655290604 0.005590278655290604 0.005590274464339018 0.00559018412604928 0.005589053966104984 0.005581807345151901 0.00555530795827508 0.005494026932865381 0.0053845616057515144 0.0052065663039684296 0.004926010500639677 0.0045198723673820496 0.0040371473878622055 0.0036369396839290857 0.003542862134054303 0.003859573742374778 0.004451137967407703 0.005019066389650106 0.0053626978769898415 0.005505608860403299 0.005553217139095068 0.005566341802477837 0.005562871228903532 0.005531857255846262 0.005397113971412182 0.004856277257204056 0.003206961788237095 0.00012204842641949654 -0.0025574853643774986 -0.0021865488961338997 0.001065433956682682 0.004126978572458029
0.005590278655290604 0.005590278655290604 0.005590278655290604 0.005590278655290604 0.005590278655290604 0.005590278655290604 0.005590278655290604 0.005590278655290604 0.005590278655290604 0.005590278655290604 0.005590278655290604 0.005590278655290604 0.005590278189629316 0.005590265151113272 0.005590000189840794 0.005587195977568626 0.005570742767304182 0.005511638708412647 0.005361457820981741 0.005062698386609554 0.004555324092507362 0.003857034258544445 0.003120977897197008 0.0026245135813951492 0.0025882229674607515 0.0030691225547343493 0.0038677859120070934 0.004643023945391178 0.005148140713572502 0.0053926738910377026 0.0054877931252121925 0.005513023119419813 0.0054952725768089294 0.005391216371208429 0.004985534120351076 0.0035422344226390123 -0.000367193017154932 -0.007062265649437904 -0.01316734217107296 -0.014221470803022385 -0.008969432674348354 -0.0010715946555137634
0.005590278655290604 0.005590278655290604 0.005590278655290604 0.005590278655290604 0.005590278655290604 0.005590278655290604 0.005590278655290604 0.005590278655290604 0.005590278655290604 0.005590278655290604 0.005590278655290604 0.005590278655290604 0.005590278655290604 0.005590277723968029 0.005590241402387619 0.0055895703844726086 0.0055826627649366856 0.005541514605283737 0.005386257078498602 0.00498696556314826 0.00424519507214427 0.0032531849574297667 0.0023422776721417904 0.0018687297124415636 0.002006076043471694 0.002659670077264309 0.0035738558508455753 0.004404302220791578 0.004964170511811972 0.005260604899376631 0.005385902244597673 0.0054170009680092335 0.005363095551729202 0.0051291221752762794 0.004314550198614597 0.0017210948280990124 -0.004584038630127907 -0.014557717368006706 -0.02348468266427517 -0.02690678834915161 -0.0230815801769495 -0.012748263776302338
0.005590278655290604 0.005590278655290604 0.005590278655290604 0.005590278655290604 0.005590278655290604 0.005590278655290604 0.005590278655290604 0.005590278655290604 0.005590278655290604 0.005590278655290604 0.005590278655290604 0.005590278655290604 0.005590278655290604 0.005590278655290604 0.0055902753956615925 0.005590169690549374 0.00558816734701395 0.00556738767772913 0.005446224473416805 0.005032528657466173 0.004155132919549942 0.002995379501953721 0.0020751645788550377 0.0017955964431166649 0.0021894709207117558 0.0029697087593376637 0.0038124918937683105 0.004510822240263224 0.004967317450791597 0.005212540738284588 0.005319820251315832 0.005333004053682089 0.005233716685324907 0.004881804808974266 0.0037593671586364508 0.0004511331208050251 -0.007185270078480244 -0.01896165870130062 -0.02952662855386734 -0.034329853951931 -0.033666737377643585 -0.02663964405655861
0.005590278655290604 0.005590278655290604 0.005590278655290604 0.005590278655290604 0.005590278655290604 0.005590278655290604 0.005590278655290604 0.005590278655290604 0.005590278189629316 0.005590278655290604 0.005590278655290604 0.005590278655290604 0.005590278655290604 0.005590278655290604 0.005590278189629316 0.005590265151113272 0.005589809734374285 0.005581504199653864 0.005505650769919157 0.005156193859875202 0.004296587314456701 0.003151471260935068 0.002368589863181114 0.002341924235224724 0.002923092804849148 0.0037008277140557766 0.004379163030534983 0.004859314765781164 0.0051430813036859035 0.005292147397994995 0.005348873324692249 0.005335628055036068 0.0052211047150194645 0.00485446210950613 0.003734529484063387 0.000505608506500721 -0.007026880979537964 -0.019268199801445007 -0.031125910580158234 -0.036934081465005875 -0.037829361855983734 -0.03557905554771423
0.005590278655290604 0.005590278655290604 0.005590278655290604 0.005590278655290604 0.005590278655290604 0.005590278655290604 0.005590278189629316 0.005590276326984167 0.005590274930000305 0.005590276326984167 0.005590278189629316 0.005590278655290604 0.005590278655290604 0.005590278655290604 0.005590278655290604 0.005590277258306742 0.005590181797742844 0.005587243940681219 0.005546103697270155 0.0052923825569450855 0.004564918112009764 0.00356422015465796 0.0029963222332298756 0.003180787665769458 0.003824873361736536 0.004482688382267952 0.0049476888962090015 0.0052210986614227295 0.00536186620593071 0.005427022930234671 0.005446217022836208 0.005424771457910538 0.005336733069270849 0.005071009509265423 0.004244836512953043 0.0018046172335743904 -0.004282352514564991 -0.015595726668834686 -0.02881578356027603 -0.036945004016160965 -0.03872159495949745 -0.03845620155334473
0.005590278655290604 0.005590278655290604 0.005590278655290604 0.005590278655290604 0.005590278655290604 0.005590278189629316 0.005590273533016443 0.005590256303548813 0.005590240005403757 0.0055902558378875256 0.005590274464339018 0.005590278655290604 0.005590278655290604 0.005590278655290604 0.005590278655290604 0.005590278189629316 0.005590255372226238 0.005589160602539778 0.005567115731537342 0.00539238890632987 0.004819164052605629 0.0040163882076740265 0.003650406841188669 0.0039609260857105255 0.004551241640001535 0.0050334930419921875 0.005309860222041607 0.005443450063467026 0.005502274259924889 0.005525837652385235 0.005530005786567926 0.005516769830137491 0.005472118034958839 0.005336892791092396 0.004894733428955078 0.0034976296592503786 -0.0004298887215554714 -0.00927355419844389 -0.022760968655347824 -0.03449849784374237 -0.03893568366765976 -0.039066679775714874
0.005590278655290604 0.005590278655290604 0.005590278655290604 0.005590278655290604 0.005590278655290604 0.005590276326984167 0.0055902511812746525 0.005590149201452732 0.005590046290308237 0.005590149201452732 0.0055902572348713875 0.005590277723968029 0.005590278655290604 0.005590278655290604 0.005590278655290604 0.005590278655290604 0.005590270739048719 0.00558975525200367 0.005576401017606258 0.005450151860713959 0.004996906034648418 0.004364753141999245 0.004158837255090475 0.004516935907304287 0.005008622072637081 0.005330719519406557 0.005480166058987379 0.005539588630199432 0.0055620125494897366 0.00556997349485755 0.005571034736931324 0.005566196050494909 0.00555070536211133 0.00550276692956686 0.005336383823305368 0.004746688529849052 0.0027730613946914673 -0.0028353817760944366 -0.014321364462375641 -0.028648395091295242 -0.03777164965867996 -0.03967571258544922
0.005590278655290604 0.005590278655290604 0.005590278655290604 0.005590278655290604 0.005590278189629316 0.005590272136032581 0.00559019111096859 0.005589831154793501 0.005589484702795744 0.005589849781244993 0.005590217188000679 0.005590276326984167 0.005590278655290604 0.005590278655290604 0.005590278655290604 0.005590278655290604 0.0055902739986777306 0.005589920561760664 0.005579544231295586 0.005473366938531399 0.005083635915070772 0.004566790536046028 0.004475508350878954 0.004847997333854437 0.005247976630926132 0.005462999455630779 0.005545174237340689 0.005572405178099871 0.005581357516348362 0.005584327969700098 0.005584892816841602 0.00558373611420393 0.005579761695116758 0.005567190703004599 0.005521484650671482 0.005334931891411543 0.004561361391097307 0.0017182065639644861 -0.006184752099215984 -0.020101085305213928 -0.03349830582737923 -0.039200976490974426
0.005590278655290604 0.005590278655290604 0.005590278655290604 0.005590278655290604 0.005590278189629316 0.005590268410742283 0.0055901226587593555 0.005589412059634924 0.0055887396447360516 0.005589514505118132 0.005590182729065418 0.00559027586132288 0.005590278655290604 0.005590278655290604 0.005590278655290604 0.005590278655290604 0.0055902739986777306 0.005589902400970459 0.005578999873250723 0.005470465403050184 0.005092277657240629 0.004642616957426071 0.004639808088541031 0.00502384640276432 0.005362863652408123 0.00551811745390296 0.00556850666180253 0.005582847166806459 0.005587033927440643 0.005588359199464321 0.005588709842413664 0.005588536616414785 0.005587692838162184 0.005584820173680782 0.005574151873588562 0.005525306798517704 0.005275561008602381 0.004076475277543068 -0.00044042570516467094 -0.011351950466632843 -0.02613280713558197 -0.035733990371227264
0.005590278655290604 0.005590278655290604 0.005590278655290604 0.005590278655290604 0.005590278655290604 0.0055902693420648575 0.005590115208178759 0.00558932451531291 0.0055886078625917435 0.005589514505118132 0.0055901953019201756 0.005590276792645454 0.005590278655290604 0.005590278655290604 0.005590278655290604 0.005590278655290604 0.005590270739048719 0.005589709617197514 0.005574720911681652 0.00544075109064579 0.005026651546359062 0.004608429502695799 0.004684068262577057 0.005097365938127041 0.0054108574986457825 0.00553928455337882 0.005576608702540398 0.005586161278188229 0.00558871403336525 0.005589477717876434 0.005589717533439398 0.005589739885181189 0.005589578300714493 0.005588932428508997 0.0055864183232188225 0.0055739483796060085 0.005498111248016357 0.005035639740526676 0.002754424000158906 -0.0045952945947647095 -0.017876842990517616 -0.029466982930898666
0.005590278655290604 0.005590278655290604 0.005590278655290604 0.005590278655290604 0.005590278655290604 0.005590273533016443 0.0055901785381138325 0.005589677020907402 0.0055892434902489185 0.005589853506535292 0.0055902376770973206 0.005590277723968029 0.005590278655290604 0.005590278655290604 0.005590278655290604 0.005590278655290604 0.005590262822806835 0.005589209496974945 0.005564804654568434 0.005378045607358217 0.004880867898464203 0.004465195350348949 0.00462633790448308 0.005094049498438835 0.005418757442384958 0.005543842446058989 0.005578508134931326 0.005587003659456968 0.005589174572378397 0.005589788313955069 0.0055899908766150475 0.005590050481259823 0.005590030923485756 0.005589859094470739 0.005589162465184927 0.005585509352385998 0.005560430698096752 0.005378462374210358 0.004243436269462109 -0.0003723655827343464 -0.010853823274374008 -0.022268638014793396
0.005590278655290604 0.005590278655290604 0.005590278655290604 0.005590278655290604 0.005590278655290604 0.005590276792645454 0.005590240471065044 0.005590047687292099 0.005589873064309359 0.00559012359008193 0.005590264685451984 0.005590278189629316 0.005590278655290604 0.005590278655290604 0.005590278655290604 0.005590278655290604 0.005590246524661779 0.0055882809683680534 0.0055486117489635944 0.005288136191666126 0.004684836138039827 0.004265330266207457 0.004503282718360424 0.005042570643126965 0.005399330053478479 0.005537786055356264 0.005576935596764088 0.005586680956184864 0.005589157342910767 0.005589843261986971 0.00559006305411458 0.005590136628597975 0.0055901529267430305 0.005590102169662714 0.005589856766164303 0.005588540807366371 0.005578802432864904 0.005498869810253382 0.004916670732200146 0.002087753266096115 -0.00557241216301918 -0.015424728393554688
