2D_landslide/Landslide/figures/4u.txt
ncols   200
nrows   200
xllcorner   0
yllcorner   0
cellsize   12.5
NODATA_value   -9999.00000
[rows 95 to 113 of 200, columns 84 to 125 of 200]
3.1004464626312256 3.4873251914978027 3.7588086128234863 4.49684476852417 5.6264543533325195 6.374392986297607 6.938110828399658 7.450804710388184 7.841667652130127 7.969357490539551 8.376947402954102 8.433136940002441 8.360651969909668 8.210704803466797 8.886096000671387 10.45581340789795 12.675657272338867 14.35641098022461 15.561302185058594 16.592132568359375 17.37591552734375 18.049970626831055 18.040447235107422 17.002159118652344 15.321722984313965 12.457984924316406 10.128171920776367 8.898102760314941 8.468036651611328 8.37275218963623 8.44815731048584 8.90083122253418 9.368000030517578 9.817755699157715 10.878427505493164 12.811702728271484 17.87211799621582 22.019508361816406 24.286958694458008 25.764883041381836 26.8209228515625 26.045543670654297
2.9863955974578857 3.4582908153533936 3.622864007949829 4.072108268737793 5.096425533294678 5.944949626922607 6.719199180603027 7.29181432723999 7.812449932098389 7.789587497711182 7.78319787979126 8.800719261169434 8.528796195983887 8.040216445922852 7.969089031219482 8.26374340057373 9.772701263427734 11.709683418273926 13.103822708129883 14.363059043884277 15.783243179321289 16.738046646118164 17.054485321044922 16.520952224731445 15.101476669311523 12.73035717010498 10.286405563354492 8.591681480407715 8.094392776489258 7.926928520202637 7.943563461303711 8.401451110839844 9.14422607421875 9.597258567810059 10.378600120544434 12.142273902893066 17.392196655273438 20.959978103637695 23.16482925415039 24.470619201660156 25.281478881835938 24.199779510498047
2.841517925262451 3.4092016220092773 3.5531747341156006 3.6602730751037598 4.365355014801025 5.278850555419922 6.085164546966553 6.883296966552734 7.502248764038086 7.572341442108154 7.719926834106445 9.199152946472168 8.481965065002441 8.1338472366333 7.762293815612793 7.592350006103516 8.195137023925781 9.01870346069336 10.394311904907227 11.787999153137207 13.525781631469727 15.19914436340332 15.42294979095459 15.25125503540039 14.078062057495117 12.26626968383789 10.203927040100098 8.364762306213379 8.018566131591797 7.797642230987549 7.773470878601074 7.961228370666504 8.953553199768066 9.642157554626465 10.392020225524902 12.228194236755371 17.085132598876953 20.643630981445312 22.686689376831055 23.705799102783203 24.16115951538086 22.700477600097656
2.8024041652679443 3.3523218631744385 3.5404958724975586 3.5482239723205566 3.7893993854522705 4.366621971130371 5.3702473640441895 6.222836017608643 7.206967830657959 7.861922740936279 8.285215377807617 8.460136413574219 9.110332489013672 8.529411315917969 8.06502914428711 7.785562992095947 8.041314125061035 8.452323913574219 9.50285816192627 10.364180564880371 12.157209396362305 13.581506729125977 14.816393852233887 14.840900421142578 13.583345413208008 12.402156829833984 10.315113067626953 9.592378616333008 9.055482864379883 8.594061851501465 8.772092819213867 9.092059135437012 10.08803653717041 10.694644927978516 12.66264820098877 16.194965362548828 21.515159606933594 24.21395492553711 26.01311492919922 26.682817459106445 26.627410888671875 23.894018173217773
2.6589443683624268 3.180182933807373 3.4296534061431885 3.4996888637542725 3.5881800651550293 3.759521007537842 4.331455707550049 5.192552089691162 6.479162216186523 7.685421943664551 8.555991172790527 8.963705062866211 9.64070987701416 9.274599075317383 8.314798355102539 7.873175144195557 7.803584098815918 8.180146217346191 8.856903076171875 9.379444122314453 10.833982467651367 12.252644538879395 13.461523056030273 13.564321517944336 13.013444900512695 11.865620613098145 10.528231620788574 9.864665985107422 9.310792922973633 9.04743766784668 9.159245491027832 9.411003112792969 10.54076862335205 11.212124824523926 13.057428359985352 16.759811401367188 22.05450439453125 24.53331184387207 25.957199096679688 26.703372955322266 24.771085739135742 22.114715576171875
2.419255256652832 2.8738718032836914 3.2557804584503174 3.3586268424987793 3.429755449295044 3.599454879760742 3.9260215759277344 4.333143711090088 5.778631210327148 7.172778606414795 8.805667877197266 9.346885681152344 9.181316375732422 10.22208309173584 9.410686492919922 8.623628616333008 8.349764823913574 8.308136940002441 8.525374412536621 9.002157211303711 9.947213172912598 10.623029708862305 12.259236335754395 12.76305103302002 12.503962516784668 12.084096908569336 11.15943431854248 10.37135124206543 9.918691635131836 9.663945198059082 9.708512306213379 10.11620044708252 11.011394500732422 11.743891716003418 13.186271667480469 16.682336807250977 21.064208984375 23.881242752075195 25.639219284057617 25.34538459777832 22.889060974121094 19.41226577758789
2.20759654045105 2.5666863918304443 2.953305959701538 3.1660826206207275 3.205526351928711 3.3640310764312744 3.7233757972717285 4.039666652679443 4.9561028480529785 6.713773250579834 8.480823516845703 9.475298881530762 9.786954879760742 9.242521286010742 10.136617660522461 9.288755416870117 8.660508155822754 8.28032398223877 8.417708396911621 8.456368446350098 9.254425048828125 9.801945686340332 11.24732780456543 11.583582878112793 12.125969886779785 11.966948509216309 11.603516578674316 11.176230430603027 10.473722457885742 10.321992874145508 10.419257164001465 10.61279582977295 11.422776222229004 11.890615463256836 13.21577262878418 15.646415710449219 20.552350997924805 22.529830932617188 23.133798599243164 22.30467987060547 20.37232780456543 17.691368103027344
2.0268895626068115 2.2501094341278076 2.668344259262085 2.965973138809204 3.0235064029693604 3.1509745121002197 3.504647731781006 3.8261516094207764 4.703372001647949 5.94648551940918 8.20302677154541 9.3616943359375 10.520731925964355 10.58583927154541 10.180509567260742 10.263215065002441 9.43263053894043 8.711116790771484 8.545412063598633 8.303618431091309 8.5481538772583 9.026166915893555 10.294336318969727 11.136147499084473 11.59060001373291 12.334735870361328 12.580925941467285 12.411728858947754 12.281477928161621 11.74426555633545 11.539332389831543 11.565215110778809 11.983269691467285 12.747194290161133 14.325490951538086 17.445423126220703 20.211755752563477 21.183595657348633 21.0603084564209 19.940397262573242 18.34967613220215 16.582717895507812
1.8653433322906494 2.004221200942993 2.27578067779541 2.675090789794922 2.9012961387634277 2.9940128326416016 3.270634889602661 3.58479642868042 4.441972732543945 5.342731952667236 7.047491073608398 8.632940292358398 10.399258613586426 10.755212783813477 10.555418968200684 10.063199043273926 9.262123107910156 8.476469039916992 7.8243255615234375 8.250102996826172 8.025450706481934 8.050629615783691 8.776947021484375 9.858474731445312 11.153678894042969 12.077812194824219 12.632393836975098 12.670519828796387 12.911067008972168 12.586893081665039 12.4670991897583 12.492032051086426 12.889850616455078 13.581233024597168 14.353506088256836 15.570578575134277 16.951997756958008 17.227935791015625 17.155908584594727 16.665666580200195 15.799659729003906 14.312673568725586
1.7459707260131836 1.8432620763778687 2.021237850189209 2.3772921562194824 2.790022611618042 2.895690679550171 3.1625208854675293 3.3542487621307373 4.085719108581543 4.8690314292907715 5.867971897125244 7.452942848205566 9.55510425567627 10.440101623535156 10.729514122009277 10.594612121582031 9.867403030395508 8.931315422058105 8.225004196166992 7.855506896972656 7.87327241897583 8.11145305633545 8.814689636230469 9.63351821899414 10.725153923034668 11.648575782775879 12.358719825744629 12.944140434265137 13.20285415649414 13.199278831481934 13.2271146774292 13.363697052001953 13.883917808532715 13.714825630187988 12.912628173828125 12.465171813964844 13.248833656311035 13.82094955444336 14.14893627166748 13.985594749450684 13.30547046661377 12.003960609436035
1.6362277269363403 1.7474318742752075 1.864311695098877 2.078951597213745 2.6132776737213135 2.8838751316070557 3.0034067630767822 3.0240797996520996 3.596224784851074 4.255290508270264 4.944231986999512 5.96099853515625 8.379733085632324 9.778356552124023 10.411903381347656 10.55965805053711 10.275480270385742 9.782063484191895 9.436400413513184 8.946389198303223 8.700638771057129 8.602568626403809 8.877852439880371 9.373468399047852 10.167594909667969 11.012398719787598 11.735280990600586 12.580623626708984 13.284087181091309 13.784515380859375 14.005980491638184 13.97315502166748 13.524320602416992 12.299131393432617 11.137347221374512 10.224629402160645 10.157747268676758 10.81814956665039 11.233028411865234 11.132495880126953 10.555434226989746 9.3303804397583
1.5360583066940308 1.6703217029571533 1.789666771888733 1.9398051500320435 2.3933792114257812 2.803889751434326 2.753906726837158 2.614962577819824 3.096163272857666 3.7621350288391113 4.46799373626709 4.625883102416992 6.892226696014404 8.493040084838867 9.925676345825195 10.618709564208984 11.73611068725586 12.275349617004395 12.166693687438965 11.156208038330078 10.19005012512207 9.127497673034668 8.990735054016113 9.233922004699707 9.89376449584961 10.455101013183594 11.262080192565918 11.951051712036133 12.896749496459961 13.637836456298828 13.920400619506836 13.494501113891602 11.628179550170898 10.541566848754883 9.481561660766602 8.523197174072266 7.834718704223633 8.11374568939209 8.329218864440918 8.156218528747559 7.5962347984313965 6.569092273712158
1.4149049520492554 1.5797988176345825 1.7274529933929443 1.8739093542099 2.034954309463501 2.342374801635742 2.488530397415161 2.303046226501465 2.6135823726654053 3.1639604568481445 3.856593132019043 4.096344947814941 4.969841003417969 6.749166965484619 8.411669731140137 9.784693717956543 11.326000213623047 12.416768074035645 12.25925064086914 11.698955535888672 10.6007080078125 9.35373592376709 9.076072692871094 8.909177780151367 9.291643142700195 9.652029991149902 10.333135604858398 10.98807430267334 11.99421215057373 12.593523979187012 12.697632789611816 11.93918514251709 10.348666191101074 9.04984188079834 8.205492973327637 7.5204668045043945 6.587636947631836 6.341888904571533 6.073208332061768 5.734563827514648 5.117464065551758 4.522881984710693
1.2933090925216675 1.4731659889221191 1.6400879621505737 1.7776081562042236 1.8086665868759155 1.8409643173217773 2.0702929496765137 2.125729560852051 2.2563250064849854 2.666826009750366 3.2115113735198975 3.742868185043335 3.7462563514709473 5.0426483154296875 6.90230655670166 8.649667739868164 10.2590913772583 11.544771194458008 12.255712509155273 11.966607093811035 10.611995697021484 9.651084899902344 9.165947914123535 8.880847930908203 8.861392974853516 8.962600708007812 9.420844078063965 9.936217308044434 10.835526466369629 11.285964012145996 11.188583374023438 10.539782524108887 8.803194046020508 7.583248615264893 6.836660861968994 6.312933921813965 5.587050914764404 5.481724262237549 5.288087844848633 4.9575910568237305 4.356337070465088 4.064682483673096
1.1389020681381226 1.3273756504058838 1.493149995803833 1.6143420934677124 1.6178922653198242 1.5493195056915283 1.5690562725067139 1.7893794775009155 2.0320615768432617 2.2835335731506348 2.698523998260498 3.295966148376465 3.4693422317504883 3.567253589630127 5.159458637237549 7.125187397003174 8.966788291931152 10.23791217803955 11.302734375 11.478861808776855 10.787572860717773 9.865629196166992 9.358766555786133 8.849430084228516 8.565544128417969 8.368038177490234 8.542369842529297 8.792036056518555 9.392242431640625 9.532495498657227 9.360980033874512 8.796213150024414 7.37640380859375 6.600244998931885 5.640326023101807 5.128759384155273 4.4727582931518555 4.375173091888428 4.366339206695557 4.317978858947754 3.7370669841766357 3.3905439376831055
0.995040237903595 1.1746309995651245 1.3242321014404297 1.4191408157348633 1.4280693531036377 1.3583755493164062 1.3081318140029907 1.3348308801651 1.7521741390228271 2.0049750804901123 2.3953967094421387 2.8524832725524902 3.3370492458343506 3.2230935096740723 3.5377140045166016 5.425357818603516 7.933772563934326 9.378239631652832 10.771119117736816 11.404610633850098 11.125113487243652 10.37723159790039 9.80978775024414 9.14411449432373 8.615195274353027 8.112444877624512 7.81895637512207 7.718891143798828 7.836346626281738 7.557529449462891 7.245794773101807 6.806111812591553 5.8121113777160645 5.103578567504883 4.282299995422363 3.7941040992736816 3.5465776920318604 3.2762627601623535 3.099766492843628 2.8095977306365967 2.69602632522583 2.7590324878692627
0.7720589637756348 0.9225901365280151 1.0454179048538208 1.1364799737930298 1.2163680791854858 1.1761510372161865 1.1469205617904663 1.1177263259887695 1.2142059803009033 1.681466817855835 2.0191946029663086 2.4041032791137695 3.117556095123291 3.152580738067627 3.116482734680176 3.9384071826934814 6.616800785064697 8.40206241607666 9.785666465759277 10.863639831542969 11.07871150970459 10.675342559814453 10.090022087097168 9.176912307739258 8.464463233947754 7.684895038604736 7.021923065185547 6.525894641876221 6.096614837646484 5.500223159790039 5.024021625518799 4.700747013092041 4.370248317718506 3.8803958892822266 3.5212039947509766 3.279417037963867 2.924987554550171 2.5684726238250732 2.2871055603027344 2.238210678100586 2.3302645683288574 2.34562349319458
0.5151135921478271 0.6248435378074646 0.7050008773803711 0.7611241936683655 0.908872127532959 0.9607000946998596 1.0143219232559204 1.0595076084136963 1.0656801462173462 1.2061518430709839 1.7646515369415283 2.080071449279785 2.748058795928955 3.216930866241455 3.1705498695373535 3.2774531841278076 5.314237594604492 7.445255756378174 9.091654777526855 10.210705757141113 10.933340072631836 10.81347370147705 10.279107093811035 9.471104621887207 8.4784574508667 7.448475360870361 6.323952674865723 5.535135269165039 4.761573791503906 4.140793800354004 3.645704507827759 3.182497501373291 3.0634238719940186 3.0811824798583984 3.013932228088379 2.901651620864868 2.496433973312378 2.108778715133667 1.9393730163574219 1.8839424848556519 1.8784631490707397 1.9675335884094238
0.3094077408313751 0.39018896222114563 0.4644813537597656 0.5433260202407837 0.6650047898292542 0.7822461724281311 0.9273549914360046 1.0736922025680542 1.176873803138733 1.1701785326004028 1.3585869073867798 1.9711990356445312 2.5116124153137207 3.023573160171509 3.3101577758789062 3.3204503059387207 4.224559783935547 6.409067630767822 8.252426147460938 9.595890998840332 10.849313735961914 10.954345703125 10.549818992614746 9.618633270263672 8.417668342590332 7.1797943115234375 5.861993312835693 4.871452331542969 3.9929733276367188 3.388869524002075 2.8779046535491943 2.5971839427948 2.6732800006866455 2.8651509284973145 2.970453977584839 2.8351547718048096 2.1622121334075928 1.6564463376998901 1.4715310335159302 1.4970484972000122 1.5970253944396973 1.8418941497802734
