2D_landslide/Landslide/figures/4u.txt
ncols   200
nrows   200
xllcorner   0
yllcorner   0
cellsize   12.5
NODATA_value   -9999.00000
[rows 76 to 94 of 200, columns 126 to 167 of 200]
3.5541646480560303 4.350115776062012 6.938605308532715 8.976318359375 9.677905082702637 9.840139389038086 9.363268852233887 8.507946014404297 6.738565444946289 4.371234893798828 3.2383811473846436 2.9207918643951416 2.590442180633545 2.4729201793670654 2.624962329864502 2.835494041442871 3.2047598361968994 3.471367597579956 3.813154697418213 3.9287025928497314 3.895951747894287 3.7369210720062256 3.604282855987549 3.338283061981201 3.039842367172241 2.8917341232299805 2.9043543338775635 3.042759418487549 3.247683048248291 3.486173152923584 3.5877902507781982 3.5024454593658447 3.0069103240966797 2.1431336402893066 1.2054606676101685 0.22157526016235352 -0.13210415840148926 -0.02567964419722557 0.004614008124917746 0.005559938028454781 0.005588010884821415 0.005590022075921297
4.079769134521484 5.465195655822754 8.097502708435059 9.665600776672363 10.114018440246582 9.97856330871582 8.928874015808105 7.857402801513672 5.671237945556641 3.8707709312438965 3.3317711353302 3.0002214908599854 2.6967155933380127 2.6385509967803955 2.843156099319458 3.096895694732666 3.495866298675537 3.784322500228882 4.2379679679870605 4.286441802978516 4.281139373779297 4.147143363952637 4.1211838722229 3.769979238510132 3.503549575805664 3.3856899738311768 3.421740770339966 3.5768065452575684 3.786929130554199 4.002213478088379 4.100400924682617 4.000061511993408 3.6610772609710693 2.888657808303833 1.9934991598129272 1.078721046447754 0.09781596064567566 -0.11789314448833466 -0.0070822881534695625 0.0050760251469910145 0.0055709159933030605 0.005589179694652557
5.6471099853515625 7.471190929412842 9.703721046447754 10.718412399291992 10.898602485656738 10.445180892944336 9.07909107208252 7.523716926574707 5.266758441925049 3.9826772212982178 3.6405653953552246 3.3938887119293213 3.1542446613311768 3.1586153507232666 3.3241891860961914 3.6944055557250977 4.113631725311279 4.505606174468994 5.011495590209961 5.048913478851318 5.016730308532715 4.75840425491333 4.562521457672119 4.227105140686035 3.988666296005249 3.898552179336548 3.952298641204834 4.098737716674805 4.278824329376221 4.450801849365234 4.682910442352295 4.696096420288086 4.440860748291016 3.7631802558898926 2.8773579597473145 1.9342197179794312 0.96354079246521 0.017177648842334747 -0.09378877282142639 -0.005015629343688488 0.005243477411568165 0.005578381009399891
6.524745464324951 8.206490516662598 9.801097869873047 10.453770637512207 10.294628143310547 9.5921630859375 8.115375518798828 6.225512504577637 4.717854022979736 4.106407165527344 3.8735809326171875 3.6599104404449463 3.4818999767303467 3.5361063480377197 3.8196935653686523 4.112110614776611 4.528524875640869 4.899299144744873 5.328029155731201 5.36824893951416 5.180407524108887 4.898867607116699 4.683246612548828 4.398989200592041 4.229572296142578 4.172311305999756 4.280521392822266 4.4023308753967285 4.624852180480957 5.050024032592773 5.643631458282471 5.716169357299805 5.188748836517334 4.218536853790283 3.321866750717163 2.5341906547546387 1.655935525894165 0.5576807260513306 -0.13191010057926178 -0.041066184639930725 0.003057725029066205 0.005528357811272144
7.720555782318115 8.829389572143555 10.042886734008789 9.985562324523926 9.499658584594727 8.294234275817871 6.778780937194824 5.4654412269592285 4.689829349517822 4.401082515716553 4.193951606750488 4.04893159866333 4.015351295471191 4.111318588256836 4.417973518371582 4.699717998504639 5.076558589935303 5.346750259399414 5.586423873901367 5.4351959228515625 5.192063331604004 4.902936935424805 4.710007667541504 4.4893107414245605 4.388428211212158 4.3967790603637695 4.464727401733398 4.666052341461182 5.217758655548096 6.16570520401001 7.025298595428467 7.055962562561035 6.335115909576416 4.960475444793701 3.680659294128418 2.922633647918701 2.130096197128296 1.1026110649108887 0.02248934470117092 -0.0986185371875763 -0.0038058673962950706 0.005376636981964111
8.514503479003906 9.342111587524414 9.862178802490234 9.41377067565918 8.614920616149902 7.2640204429626465 5.991121292114258 5.371499538421631 4.990607261657715 4.73626708984375 4.607946395874023 4.543824672698975 4.567321300506592 4.688238620758057 5.095958232879639 5.3195414543151855 5.563458442687988 5.644552707672119 5.6371331214904785 5.403857231140137 5.126429080963135 4.845409870147705 4.695417404174805 4.528194427490234 4.461688995361328 4.466207981109619 4.632030010223389 5.245325088500977 6.273931980133057 7.428289890289307 8.036020278930664 8.067070960998535 7.174527645111084 5.578220367431641 3.946272134780884 3.0784430503845215 2.378842830657959 1.430972933769226 0.2507075369358063 -0.13309814035892487 -0.015838485211133957 0.005053228698670864
10.189133644104004 10.64848804473877 10.488045692443848 9.805758476257324 8.422740936279297 7.282542705535889 6.253704071044922 5.903726577758789 5.670415878295898 5.459136009216309 5.431825637817383 5.47627592086792 5.583674430847168 5.73607063293457 6.101181507110596 6.131216049194336 6.135244369506836 6.030888557434082 5.929876804351807 5.617035388946533 5.295547962188721 4.9995880126953125 4.872043132781982 4.670762062072754 4.519273281097412 4.637179851531982 5.343901634216309 6.5706467628479 7.787970542907715 8.815451622009277 9.387694358825684 9.067869186401367 8.07346248626709 6.653831958770752 4.662851810455322 3.2675423622131348 2.5049397945404053 1.6244750022888184 0.4590359628200531 -0.134078711271286 -0.035550326108932495 0.00412383209913969
10.749350547790527 10.585102081298828 10.270648002624512 9.018932342529297 7.858148097991943 6.757672309875488 6.387399673461914 6.20107889175415 6.014106273651123 5.871438980102539 5.9371137619018555 6.056312084197998 6.189695358276367 6.407210826873779 6.606656551361084 6.481435298919678 6.348865985870361 6.061069965362549 5.889484882354736 5.53427791595459 5.199732780456543 4.984824180603027 4.807557582855225 4.559628009796143 4.485095500946045 4.897757053375244 6.0239644050598145 7.353419780731201 8.554239273071289 9.311572074890137 9.413488388061523 8.987881660461426 7.759076118469238 5.977436542510986 4.168139934539795 3.020198106765747 2.3214640617370605 1.4943926334381104 0.34815099835395813 -0.13714098930358887 -0.032243140041828156 0.004251095466315746
11.445484161376953 10.831864356994629 9.918960571289062 8.788122177124023 7.7689738273620605 6.950711250305176 6.666726589202881 6.491366863250732 6.477358341217041 6.381644248962402 6.508250713348389 6.668542861938477 6.7837910652160645 6.894033432006836 6.9405198097229 6.7025604248046875 6.471009254455566 6.1002655029296875 5.874456405639648 5.486665725708008 5.143390655517578 4.863284587860107 4.702293395996094 4.449271202087402 4.432425022125244 5.091608047485352 6.5551629066467285 7.789457321166992 8.919960975646973 9.229331970214844 9.211148262023926 8.26759147644043 6.765519142150879 4.955895900726318 3.3608171939849854 2.6047708988189697 1.892588496208191 1.109933614730835 0.115687295794487 -0.13107270002365112 -0.020420392975211143 0.004715673625469208
12.235503196716309 11.187337875366211 9.964022636413574 8.82737922668457 8.008025169372559 7.301372051239014 6.962114334106445 6.905117034912109 6.925395488739014 6.84303617477417 6.963659763336182 7.094452857971191 7.149033069610596 7.157726764678955 7.104156017303467 6.7870564460754395 6.478323459625244 6.041744232177734 5.778750419616699 5.278800964355469 5.02714204788208 4.755866527557373 4.537627696990967 4.334509372711182 4.340745449066162 5.106897830963135 6.766336441040039 7.8372578620910645 8.580965995788574 8.606179237365723 8.06266975402832 6.720489025115967 4.987782001495361 3.5036799907684326 2.5054409503936768 1.9874097108840942 1.3082118034362793 0.5218893885612488 -0.0892779678106308 -0.09500740468502045 -0.007833494804799557 0.005154870450496674
13.86580753326416 12.434818267822266 11.176755905151367 9.838957786560059 9.13499927520752 8.537020683288574 8.28587818145752 8.160688400268555 7.984492301940918 7.999345779418945 8.001545906066895 7.951582431793213 7.830883026123047 7.6249918937683105 7.500950336456299 7.223830223083496 6.807682514190674 6.355264186859131 6.017366886138916 5.606287479400635 5.25623893737793 4.965816020965576 4.791440486907959 4.609416961669922 4.649825572967529 5.637711048126221 7.099987983703613 7.961781024932861 8.321974754333496 7.947347640991211 6.945050239562988 5.373849391937256 3.7560582160949707 2.642850160598755 1.9718033075332642 1.3455771207809448 0.6863753199577332 0.08146567642688751 -0.144998237490654 -0.05892469361424446 -0.0018235617317259312 0.0052370415069162846
14.992717742919922 13.304327011108398 11.514256477355957 10.333627700805664 9.350468635559082 8.850790977478027 8.515563011169434 8.321562767028809 8.089942932128906 8.063617706298828 8.173763275146484 8.071805000305176 7.759164810180664 7.496781826019287 7.347933292388916 7.033829212188721 6.570194721221924 6.079839706420898 5.853209018707275 5.305173397064209 4.958339214324951 4.683080196380615 4.559281349182129 4.2859344482421875 4.219271183013916 4.679855823516846 5.938816547393799 6.7181010246276855 6.962859153747559 6.361545562744141 5.098281383514404 3.3208491802215576 2.405709743499756 1.8332700729370117 1.1994789838790894 0.6042540073394775 0.09715011715888977 -0.14595450460910797 -0.09756721556186676 -0.01824342831969261 0.0029084854759275913 0.005411313381046057
15.831244468688965 14.045970916748047 11.848109245300293 10.642213821411133 9.782232284545898 9.145743370056152 8.678021430969238 8.209895133972168 8.031815528869629 7.930182933807373 7.9885711669921875 7.842610836029053 7.612176895141602 7.300890922546387 7.032573699951172 6.698925495147705 6.200903415679932 5.680597305297852 5.312193870544434 4.878756523132324 4.393495082855225 4.129622459411621 4.063465118408203 3.889805316925049 3.7211551666259766 3.732677459716797 4.507654666900635 5.148400783538818 5.33174467086792 4.639608383178711 3.480912923812866 2.507493495941162 1.827958583831787 1.2403573989868164 0.5019886493682861 0.050983693450689316 -0.15446819365024567 -0.13408997654914856 -0.03501422703266144 -0.002683703787624836 0.004641593433916569 0.005509949289262295
17.34008026123047 14.343255996704102 12.30711841583252 11.131928443908691 10.186112403869629 9.209638595581055 8.583580017089844 8.120865821838379 7.661637783050537 7.4586334228515625 7.434118747711182 7.256779193878174 7.024662017822266 6.839176654815674 6.574869632720947 6.111910820007324 5.58797025680542 5.039637565612793 4.649193286895752 4.1959404945373535 3.7014505863189697 3.4463508129119873 3.423652172088623 3.35617995262146 3.314126968383789 3.2681541442871094 3.55922269821167 3.9369957447052 4.088278293609619 3.564779281616211 2.602875232696533 2.043520450592041 1.4009281396865845 0.6465981602668762 0.03738056868314743 -0.16675277054309845 -0.14076261222362518 -0.06959037482738495 -0.009080911986529827 0.002797767985612154 0.005134280305355787 0.005547229666262865
22.76011085510254 18.93632698059082 14.706460952758789 12.296116828918457 10.92562198638916 9.958415031433105 9.114201545715332 8.444645881652832 7.950667381286621 7.418261528015137 7.328144550323486 7.085999488830566 6.829188823699951 6.5273213386535645 6.290844917297363 5.828991413116455 5.2918782234191895 4.72325325012207 4.332902431488037 3.8658406734466553 3.504112720489502 3.261643171310425 3.300686836242676 3.2826297283172607 3.1896467208862305 3.2330634593963623 3.4109086990356445 3.6103005409240723 3.769979953765869 3.490788459777832 2.840902090072632 2.372290849685669 1.6357640027999878 0.7317309379577637 -0.0965747982263565 -0.18397147953510284 -0.10424324870109558 -0.034844186156988144 -0.002177780494093895 0.003581157885491848 0.005254412069916725 0.005531439557671547
24.46111488342285 20.629213333129883 15.885167121887207 12.432638168334961 10.943924903869629 9.716361999511719 8.929098129272461 8.098584175109863 7.282604217529297 6.822271823883057 6.653674125671387 6.399270057678223 6.165243148803711 5.8966264724731445 5.543235778808594 5.081418037414551 4.688395977020264 4.09994649887085 3.5346391201019287 3.050419569015503 2.8539698123931885 2.6421995162963867 2.580129623413086 2.6514534950256348 2.6751255989074707 2.893578290939331 3.1928956508636475 3.316767692565918 3.2708632946014404 3.0637128353118896 2.6907503604888916 2.000393867492676 1.2509000301361084 0.42085424065589905 -0.18087218701839447 -0.1409609466791153 -0.05562146008014679 -0.008457629010081291 0.0027880053967237473 0.004786518402397633 0.005364260636270046 0.005547547247260809
24.776884078979492 21.45159912109375 16.558849334716797 12.457521438598633 10.773713111877441 9.537604331970215 8.628690719604492 7.682952404022217 6.7620110511779785 6.211798191070557 5.988336086273193 5.5722737312316895 5.3537797927856445 5.259803771972656 4.926275730133057 4.4755072593688965 4.092753887176514 3.4933888912200928 2.9144532680511475 2.4266088008880615 2.0842678546905518 1.9154431819915771 1.9194025993347168 2.074018955230713 2.1902360916137695 2.526390552520752 2.8491709232330322 3.071960210800171 3.160452127456665 2.9466500282287598 2.3702685832977295 1.6706748008728027 0.9489748477935791 0.20715036988258362 -0.17505541443824768 -0.10625548660755157 -0.025228029116988182 0.00035395147278904915 0.004665548913180828 0.0052825151942670345 0.0054770298302173615 0.00555238826200366
24.343727111816406 20.8640193939209 16.50752067565918 12.24290657043457 10.484123229980469 9.2139892578125 8.227564811706543 7.038271427154541 6.229804992675781 5.633419036865234 5.38838529586792 5.116565704345703 4.908567905426025 4.681571006774902 4.537698745727539 3.92806077003479 3.3847861289978027 2.7866368293762207 2.3829386234283447 1.7374733686447144 1.422220230102539 1.296851634979248 1.3631559610366821 1.4337390661239624 1.7937408685684204 2.21435546875 2.614335536956787 2.9007976055145264 3.0151617527008057 2.7917697429656982 2.2247025966644287 1.5445200204849243 0.6779233813285828 0.060542475432157516 -0.13653817772865295 -0.07489320635795593 -0.013354597613215446 0.003168602241203189 0.005329405888915062 0.005491542164236307 0.005544544663280249 0.005570783745497465
25.05471420288086 21.40966033935547 17.489601135253906 12.81421184539795 10.552574157714844 9.300006866455078 8.28811264038086 7.254086494445801 6.431981086730957 5.828270435333252 5.4181694984436035 5.149935245513916 4.953902721405029 4.7515177726745605 4.638819217681885 4.039559841156006 3.50484561920166 2.915071725845337 2.353447437286377 1.9042634963989258 1.6298320293426514 1.5592671632766724 1.4997906684875488 1.798824667930603 2.2122201919555664 2.666968584060669 3.2543230056762695 3.534942388534546 3.641625165939331 3.258768320083618 2.739438772201538 1.9127111434936523 0.8488191366195679 0.09450329840183258 -0.096326544880867 -0.06054626777768135 -0.016505174338817596 0.00010594166815280914 0.005113126244395971 0.005411693826317787 0.005534826777875423 0.005565493367612362
