2D_landslide/Landslide/figures/5h.txt
ncols   200
nrows   200
xllcorner   0
yllcorner   0
cellsize   12.5
NODATA_value   -9999.00000
[rows 57 to 75 of 200, columns 0 to 42 of 200]
0.0 0.0 0.0 0.0 0.0 0.0045011467300355434 0.006905180402100086 0.007252625655382872 0.0072767348028719425 0.007277532014995813 0.0072775487788021564 0.007277549244463444 0.007277549244463444 0.007277549244463444 0.0072775487788021564 0.007277542259544134 0.00727749103680253 0.007277258206158876 0.007276564836502075 0.007274929899722338 0.007271374575793743 0.007263369392603636 0.007245560176670551 0.007210291922092438 0.007158517837524414 0.0071199992671608925 0.00714125856757164 0.007210139185190201 0.007260901853442192 0.0072757042944431305 0.007277458906173706 0.007277546916157007 0.007277549244463444 0.007277549244463444 0.007277549244463444 0.007277549244463444 0.007277548313140869 0.0072774882428348064 0.007275579497218132 0.007251537870615721 0.007133944891393185 0.006901304237544537 0.0067464495077729225
0.0 0.0 0.0 0.0 0.0 0.0033547431230545044 0.006597024854272604 0.007217172533273697 0.007274771109223366 0.007277467753738165 0.007277546916157007 0.007277549244463444 0.007277549244463444 0.0072775487788021564 0.007277539931237698 0.00727744260802865 0.007276942487806082 0.007275633979588747 0.007273506373167038 0.007270680740475655 0.007266686763614416 0.007259609643369913 0.007246180437505245 0.007222972344607115 0.007193917874246836 0.007179486099630594 0.007202143780887127 0.00724457623437047 0.007270332891494036 0.007276816759258509 0.007277513388544321 0.007277548313140869 0.007277549244463444 0.007277549244463444 0.007277549244463444 0.007277549244463444 0.0072775413282215595 0.0072769830003380775 0.007261388003826141 0.007111302576959133 0.00661790044978261 0.006013751961290836 0.005925578996539116
0.0 0.0 0.0 0.0 0.0 0.0021276832558214664 0.006182663608342409 0.007155415136367083 0.0072700935415923595 0.007277254946529865 0.007277538068592548 0.0072775487788021564 0.0072775487788021564 0.007277541793882847 0.007277403026819229 0.007276278454810381 0.007272273767739534 0.007265768013894558 0.007260188926011324 0.007257061079144478 0.0072548831813037395 0.007250746712088585 0.0072427415288984776 0.007230622693896294 0.007219597697257996 0.007221112493425608 0.007240814156830311 0.007263720966875553 0.007274840027093887 0.007277285680174828 0.0072775352746248245 0.0072775487788021564 0.007277549244463444 0.007277549244463444 0.007277549244463444 0.0072775487788021564 0.007277500815689564 0.0072742849588394165 0.00720358919352293 0.006723109167069197 0.005648184102028608 0.004861841909587383 0.005175951402634382
0.0 0.0 0.0 0.0 0.0 0.0010560289956629276 0.005732739344239235 0.007071465719491243 0.007261705119162798 0.007276741787791252 0.007277511525899172 0.007277546916157007 0.007277546916157007 0.0072774700820446014 0.007276197429746389 0.0072677647694945335 0.007244884502142668 0.007218971848487854 0.007208898197859526 0.007214429322630167 0.007224525325000286 0.007230865769088268 0.00723264180123806 0.00723219383507967 0.007234574295580387 0.007244447246193886 0.007259936537593603 0.007271854672580957 0.007276536896824837 0.007277448195964098 0.0072775427252054214 0.0072775487788021564 0.007277549244463444 0.007277549244463444 0.007277549244463444 0.0072775473818182945 0.00727732153609395 0.0072655752301216125 0.007081990130245686 0.006217386573553085 0.00486528966575861 0.004343350417912006 0.005134054459631443
0.0 0.0 0.0 0.0 0.0 0.0003804061561822891 0.0053477054461836815 0.006982659921050072 0.007250156719237566 0.007275824435055256 0.007277452852576971 0.007277542259544134 0.007277537602931261 0.007277120370417833 0.0072706835344433784 0.007233095820993185 0.0071454704739153385 0.0070647369138896465 0.00705358013510704 0.0070975772105157375 0.007150135934352875 0.007187864743173122 0.007211316842585802 0.0072272345423698425 0.0072415852919220924 0.007256134878844023 0.007268283981829882 0.007274989038705826 0.007277113851159811 0.007277501747012138 0.007277545053511858 0.0072775487788021564 0.007277549244463444 0.007277549244463444 0.007277549244463444 0.00727753946557641 0.007276660762727261 0.007247335277497768 0.0069475737400352955 0.0059726606123149395 0.004893876146525145 0.004856673069298267 0.005791335832327604
0.0 0.0 0.0 0.0 0.0 0.00024206889793276787 0.005096966866403818 0.006904613692313433 0.007237868383526802 0.007274567149579525 0.007277355063706636 0.007277533877640963 0.007277520373463631 0.00727640837430954 0.007259126286953688 0.007160415407270193 0.006937849335372448 0.0067368182353675365 0.006712866481393576 0.00683603947982192 0.006986876949667931 0.007098886650055647 0.007169388234615326 0.0072132376953959465 0.007241940591484308 0.0072610266506671906 0.007271770387887955 0.007276142481714487 0.007277310825884342 0.007277519442141056 0.007277545984834433 0.0072775487788021564 0.007277549244463444 0.007277549244463444 0.007277548313140869 0.007277488708496094 0.007274555508047342 0.007220591884106398 0.006883556023240089 0.006143426056951284 0.005610601045191288 0.005876544862985611 0.006559132598340511
0.0 0.0 0.0 0.0 0.0 0.0006398283876478672 0.004981120117008686 0.0068245758302509785 0.007221611216664314 0.007272726856172085 0.007277189288288355 0.007277519442141056 0.007277512922883034 0.007275974843651056 0.007249863818287849 0.007090950850397348 0.006705619394779205 0.0063130855560302734 0.006210734602063894 0.006406372878700495 0.006700766272842884 0.006941980682313442 0.00709824962541461 0.007188958115875721 0.007238151505589485 0.0072628469206392765 0.007273245137184858 0.007276592310518026 0.007277384866029024 0.007277525030076504 0.007277545519173145 0.007277548313140869 0.0072775487788021564 0.0072775487788021564 0.007277539931237698 0.0072771660052239895 0.007268812507390976 0.007192493882030249 0.006919825449585915 0.006544510833919048 0.006441141944378614 0.006699544843286276 0.007027436513453722
0.0 0.0 0.0 0.0 0.0 0.0015193670988082886 0.004976898431777954 0.006731297820806503 0.007196137681603432 0.007269436959177256 0.007276877760887146 0.00727749103680253 0.00727752223610878 0.007276380434632301 0.007253359071910381 0.007088709156960249 0.0066196550615131855 0.006029774900525808 0.005744458641856909 0.005899835377931595 0.0063102105632424355 0.006708118133246899 0.006989147514104843 0.007149781100451946 0.00722911674529314 0.007262316532433033 0.0072736856527626514 0.0072767543606460094 0.007277410943061113 0.007277525961399078 0.007277544587850571 0.007277547847479582 0.007277548313140869 0.007277545053511858 0.007277441211044788 0.007275428622961044 0.007256077136844397 0.007171023637056351 0.007002455648034811 0.006849364843219519 0.00682432996109128 0.0069451648741960526 0.007110981736332178
0.0 0.0 0.0 0.0 0.000815210398286581 0.002830126788467169 0.005115520674735308 0.006606800481677055 0.007148406468331814 0.0072620585560798645 0.007276120595633984 0.007277421187609434 0.007277526892721653 0.007277041207998991 0.007264516316354275 0.00715100159868598 0.006738058291375637 0.006059589795768261 0.005542703904211521 0.005516246426850557 0.005907118320465088 0.0064223515801131725 0.0068429154343903065 0.007096685469150543 0.007215664256364107 0.007260361220687628 0.007273622322827578 0.007276794873178005 0.007277417462319136 0.007277525030076504 0.007277543656527996 0.0072775473818182945 0.007277545984834433 0.007277490571141243 0.0072765531949698925 0.007268770132213831 0.007235485129058361 0.007161114830523729 0.007048065308481455 0.006873654201626778 0.006618190556764603 0.006540406495332718 0.006734306458383799
0.0 0.0009436123073101044 0.001840825192630291 0.0028208671137690544 0.0034933900460600853 0.004333379212766886 0.005467664450407028 0.006498238071799278 0.007065432146191597 0.007243779022246599 0.007273906376212835 0.007277209777384996 0.00727751012891531 0.007277398835867643 0.00727287121117115 0.007217878941446543 0.0069465939886868 0.006336934864521027 0.005659072194248438 0.005362406373023987 0.005603505298495293 0.0061395480297505856 0.006675329525023699 0.0070295073091983795 0.007196690421551466 0.007256804965436459 0.0072732772678136826 0.007276787888258696 0.0072774202562868595 0.007277525961399078 0.00727754645049572 0.007277552038431168 0.00727752223610878 0.007276920601725578 0.007271914277225733 0.007252417504787445 0.0072120060212910175 0.0071585532277822495 0.007036031223833561 0.006630811840295792 0.00588886346668005 0.005369816906750202 0.005592615809291601
0.0006675864569842815 0.0026875492185354233 0.0032199430279433727 0.004359987564384937 0.005292879417538643 0.005613669753074646 0.005959460511803627 0.006482223980128765 0.00696108303964138 0.0072052860632538795 0.007267559412866831 0.007276523858308792 0.007277432829141617 0.007277491968125105 0.007276228629052639 0.007255543954670429 0.007115003652870655 0.006675948388874531 0.00599060719832778 0.005471834447234869 0.005479863379150629 0.0059244208969175816 0.006519884802401066 0.006961613893508911 0.007177794352173805 0.0072536775842309 0.007273066323250532 0.007276822347193956 0.00727743748575449 0.007277540862560272 0.007277582306414843 0.0072776018641889095 0.007277348544448614 0.007274443283677101 0.007261049002408981 0.007232961244881153 0.007202391047030687 0.0071722595021128654 0.007010674104094505 0.006331004202365875 0.004925563465803862 0.0037113833241164684 0.0037199552170932293
0.002572490833699703 0.0042613353580236435 0.004362399689853191 0.005216037388890982 0.006209634244441986 0.006458363961428404 0.006502172444015741 0.00665395287796855 0.006920326966792345 0.007159302942454815 0.007255077362060547 0.0072747282683849335 0.0072771646082401276 0.007277463562786579 0.00727718835696578 0.007270177360624075 0.007205500267446041 0.006926578935235739 0.006330924574285746 0.005689158570021391 0.005473624914884567 0.005795259494334459 0.006392672657966614 0.00690253684297204 0.007162274327129126 0.007251798640936613 0.007273188792169094 0.007276924792677164 0.007277471944689751 0.0072775851003825665 0.007277683354914188 0.007277719210833311 0.007276962511241436 0.0072712162509560585 0.007253741379827261 0.0072295269928872585 0.0072138188406825066 0.007198240142315626 0.007015417795628309 0.006144942250102758 0.004160476848483086 0.0021829139441251755 0.0017481539398431778
0.00436624139547348 0.005761520471423864 0.0058375452645123005 0.006254778243601322 0.0067911697551608086 0.006929866969585419 0.006902962923049927 0.006920686457306147 0.007015658542513847 0.0071618021465837955 0.007247356232255697 0.00727199437096715 0.007276443764567375 0.00727734575048089 0.007277418859302998 0.007274845149368048 0.007244182750582695 0.007068333216011524 0.006583422422409058 0.005905824713408947 0.005528427194803953 0.005711018107831478 0.006300198845565319 0.006857822649180889 0.007154463324695826 0.007252256851643324 0.0072737690061330795 0.00727708637714386 0.007277511525899172 0.0072776139713823795 0.0072777168825268745 0.007277735508978367 0.0072770086117088795 0.007272694725543261 0.007261548191308975 0.00724767753854394 0.0072387997061014175 0.0072256773710250854 0.007059571798890829 0.006152023561298847 0.003825566964223981 0.0012334352359175682 0.0002651805989444256
0.0057718753814697266 0.006730042397975922 0.006853017956018448 0.006989817135035992 0.007124221418052912 0.007152550388127565 0.00713880592957139 0.007136621046811342 0.0071610757149755955 0.007214275188744068 0.0072511956095695496 0.0072678760625422 0.007274939212948084 0.007277167867869139 0.007277474272996187 0.007276247721165419 0.0072584073059260845 0.007133401930332184 0.006710074841976166 0.0060001276433467865 0.0055100033059716225 0.0056121814996004105 0.006216492969542742 0.006828501354902983 0.007152230944484472 0.007254390511661768 0.007274567149579525 0.007277244236320257 0.007277531083673239 0.007277584169059992 0.007277624681591988 0.007277630269527435 0.007277422584593296 0.007276233751326799 0.007272825576364994 0.0072674620896577835 0.007261347491294146 0.007248433772474527 0.0071198781952261925 0.006308088079094887 0.003897360758855939 0.0009450032375752926 0.0
0.006607859395444393 0.007106165401637554 0.007189964409917593 0.007221653591841459 0.007236432284116745 0.007237385958433151 0.007233577314764261 0.007235005963593721 0.007238008081912994 0.007234865799546242 0.0072370595298707485 0.0072562131099402905 0.007272361312061548 0.007276998367160559 0.007277491502463818 0.007276657037436962 0.007263249717652798 0.00715659512206912 0.006755091715604067 0.006024260073900223 0.005469746887683868 0.0055560218170285225 0.006194496061652899 0.006838016677647829 0.007162975147366524 0.007258954923599958 0.007275498937815428 0.007277372293174267 0.007277538068592548 0.007277555298060179 0.007277561817318201 0.00727756367996335 0.0072775473818182945 0.007277437951415777 0.007276988588273525 0.007275746203958988 0.0072729578241705894 0.007264333311468363 0.00718087749555707 0.006557398475706577 0.004429932683706284 0.001518211793154478 5.8562494814395905e-05
0.007036412134766579 0.007223309949040413 0.007255729287862778 0.007264410145580769 0.007265689317137003 0.007266259752213955 0.007266954053193331 0.007265951484441757 0.007247553206980228 0.00720552122220397 0.0071975975297391415 0.007239192258566618 0.0072698816657066345 0.007276915013790131 0.007277495227754116 0.007276669144630432 0.00726306950673461 0.007151449099183083 0.006718548946082592 0.00594528391957283 0.005366127472370863 0.005505898967385292 0.006210258696228266 0.006866801530122757 0.007180118467658758 0.00726334610953927 0.007276149932295084 0.007277444005012512 0.007277542259544134 0.007277549244463444 0.007277550175786018 0.007277550641447306 0.007277550175786018 0.007277546916157007 0.007277520839124918 0.007277370896190405 0.007276629097759724 0.007272215094417334 0.007221846841275692 0.006797641981393099 0.005137311294674873 0.0025674737989902496 0.0012167161330580711
0.007205008529126644 0.007260001730173826 0.007270819041877985 0.007273782975971699 0.007274485658854246 0.007275120820850134 0.007275553420186043 0.007271404378116131 0.007238232530653477 0.007174565456807613 0.0071700625121593475 0.007230719085782766 0.007269236724823713 0.00727694109082222 0.007277487777173519 0.0072764018550515175 0.00725908437743783 0.007123748771846294 0.006625148933380842 0.0057813189923763275 0.005229748319834471 0.005474058445543051 0.006244869902729988 0.00691026309505105 0.007195310201495886 0.0072662727907299995 0.0072765052318573 0.0072774738073349 0.007277544122189283 0.0072775487788021564 0.007277549244463444 0.007277549244463444 0.007277549244463444 0.007277549244463444 0.0072775487788021564 0.007277538534253836 0.007277393713593483 0.0072754365392029285 0.007246972527354956 0.006977634504437447 0.005788455717265606 0.003802757477387786 0.0028117732144892216
0.007257759105414152 0.007272220682352781 0.007275588810443878 0.007276615593582392 0.007276955060660839 0.007277181837707758 0.00727721257135272 0.007273288909345865 0.007243351079523563 0.0071856314316391945 0.007182779256254435 0.0072370790876448154 0.007270526140928268 0.007277028635144234 0.00727747892960906 0.00727588078007102 0.007251783274114132 0.00707758916541934 0.006492335349321365 0.005598278716206551 0.005095277447253466 0.005440684035420418 0.006278517656028271 0.006930583156645298 0.007202628534287214 0.0072671761736273766 0.007276538759469986 0.007277471944689751 0.007277543656527996 0.0072775487788021564 0.007277549244463444 0.007277549244463444 0.007277549244463444 0.007277549244463444 0.007277549244463444 0.0072775487788021564 0.007277516182512045 0.0072766137309372425 0.007259559817612171 0.007088565267622471 0.006294099614024162 0.004924645181745291 0.004314840771257877
0.007271828595548868 0.0072759282775223255 0.007277015130966902 0.0072773415595293045 0.007277453318238258 0.00727751012891531 0.00727748591452837 0.007275725714862347 0.007260366342961788 0.007226864341646433 0.007221998181194067 0.0072523728013038635 0.0072727687656879425 0.007277156226336956 0.007277479860931635 0.007275395095348358 0.007245243526995182 0.007042395882308483 0.006418227218091488 0.00555211678147316 0.005129555240273476 0.005540639627724886 0.006351056508719921 0.006961536128073931 0.007206258364021778 0.0072667826898396015 0.007276354357600212 0.007277440745383501 0.007277539931237698 0.007277548313140869 0.007277549244463444 0.007277549244463444 0.007277549244463444 0.007277549244463444 0.007277549244463444 0.0072775487788021564 0.007277532480657101 0.007277039811015129 0.007267024368047714 0.007165435701608658 0.0066924444399774075 0.00588578637689352 0.005576949566602707
