2D_landslide/Landslide/figures/5h.txt
ncols   200
nrows   200
xllcorner   0
yllcorner   0
cellsize   12.5
NODATA_value   -9999.00000
[rows 171 to 189 of 200, columns 0 to 42 of 200]
0.007277012336999178 0.007277166470885277 0.007277410477399826 0.007277520839124918 0.007277545984834433 0.0072775487788021564 0.007277549244463444 0.007277549244463444 0.007277549244463444 0.007277549244463444 0.007277549244463444 0.007277549244463444 0.007277549244463444 0.007277549244463444 0.007277547847479582 0.007277532014995813 0.007277424447238445 0.007277080789208412 0.007276705000549555 0.007276840507984161 0.007277273572981358 0.007277499884366989 0.007277545519173145 0.007277549244463444 0.007277549244463444 0.007277549244463444 0.007277549244463444 0.007277549244463444 0.007277549244463444 0.007277549244463444 0.007277549244463444 0.007277549244463444 0.007277549244463444 0.007277549244463444 0.007277549244463444 0.007277549244463444 0.007277549244463444 0.007277549244463444 0.007277549244463444 0.007277549244463444 0.007277549244463444 0.007277549244463444 0.007277549244463444
0.007277131080627441 0.007277150638401508 0.007277356460690498 0.007277497090399265 0.007277540862560272 0.007277548313140869 0.007277549244463444 0.007277549244463444 0.007277549244463444 0.007277549244463444 0.007277549244463444 0.007277549244463444 0.0072775487788021564 0.007277543190866709 0.007277463097125292 0.007276665419340134 0.007272475399076939 0.0072629135102033615 0.007256932556629181 0.007262699771672487 0.007272350136190653 0.0072766379453241825 0.007277470547705889 0.007277545519173145 0.007277549244463444 0.007277549244463444 0.007277549244463444 0.007277549244463444 0.007277549244463444 0.007277549244463444 0.007277549244463444 0.007277549244463444 0.007277549244463444 0.007277549244463444 0.007277549244463444 0.007277549244463444 0.007277549244463444 0.007277549244463444 0.007277549244463444 0.007277549244463444 0.007277549244463444 0.007277549244463444 0.007277549244463444
0.007277160882949829 0.007277062628418207 0.007277237717062235 0.007277437020093203 0.007277525495737791 0.007277545519173145 0.0072775487788021564 0.007277549244463444 0.007277549244463444 0.007277549244463444 0.007277549244463444 0.007277548313140869 0.007277537137269974 0.007277370896190405 0.007275287061929703 0.00725897029042244 0.007197107188403606 0.00709299324080348 0.007050854153931141 0.007127528544515371 0.007222793996334076 0.007267158944159746 0.007276441901922226 0.007277480326592922 0.007277545984834433 0.007277549244463444 0.007277549244463444 0.007277549244463444 0.007277549244463444 0.007277549244463444 0.007277549244463444 0.007277549244463444 0.007277549244463444 0.007277549244463444 0.007277549244463444 0.007277549244463444 0.007277549244463444 0.007277549244463444 0.007277549244463444 0.007277549244463444 0.007277549244463444 0.007277549244463444 0.007277549244463444
0.007277109194546938 0.0072768270038068295 0.007276903837919235 0.007277247495949268 0.007277459371834993 0.0072775306180119514 0.007277545519173145 0.007277548313140869 0.0072775487788021564 0.0072775487788021564 0.007277546916157007 0.0072775306180119514 0.007277328986674547 0.0072747087106108665 0.007247691508382559 0.007091984152793884 0.0066646067425608635 0.006130987778306007 0.0060055432841181755 0.006429241970181465 0.006933164782822132 0.007195985876023769 0.007266388274729252 0.007276515010744333 0.007277473341673613 0.007277544122189283 0.0072775487788021564 0.007277549244463444 0.007277549244463444 0.007277549244463444 0.007277549244463444 0.007277549244463444 0.007277549244463444 0.007277549244463444 0.007277549244463444 0.007277549244463444 0.007277549244463444 0.007277549244463444 0.007277549244463444 0.007277549244463444 0.007277549244463444 0.007277549244463444 0.007277549244463444
0.007277060300111771 0.007276428863406181 0.007276245392858982 0.007276664488017559 0.007277179975062609 0.007277443539351225 0.00727752223610878 0.007277540396898985 0.007277544122189283 0.0072775413282215595 0.007277518976479769 0.007277326658368111 0.0072751641273498535 0.007252591196447611 0.007083381526172161 0.006371682975441217 0.004897117614746094 0.0035697321873158216 0.003399298992007971 0.004517082590609789 0.00601205276325345 0.0069048418663442135 0.007206827402114868 0.007268003653734922 0.007276512216776609 0.007277424912899733 0.007277529686689377 0.007277545053511858 0.007277547847479582 0.0072775487788021564 0.007277549244463444 0.007277549244463444 0.007277549244463444 0.007277549244463444 0.007277549244463444 0.007277549244463444 0.007277549244463444 0.007277549244463444 0.007277549244463444 0.007277549244463444 0.007277549244463444 0.007277549244463444 0.007277549244463444
0.007277010940015316 0.007275878451764584 0.00727485865354538 0.007274968549609184 0.0072759659960865974 0.00727692199870944 0.00727734062820673 0.0072774686850607395 0.007277495227754116 0.007277464959770441 0.0072772507555782795 0.007275634910911322 0.007261011283844709 0.0071454779244959354 0.006495353300124407 0.004532739985734224 0.001535295508801937 0.0 0.0 0.0012823762372136116 0.003999905660748482 0.006057392340153456 0.006963180378079414 0.00721815787255764 0.007267165929079056 0.007275561336427927 0.007277090102434158 0.00727739417925477 0.007277487777173519 0.007277521770447493 0.007277540396898985 0.0072775473818182945 0.007277549244463444 0.007277549244463444 0.007277549244463444 0.007277549244463444 0.007277549244463444 0.007277549244463444 0.007277549244463444 0.007277549244463444 0.007277549244463444 0.007277549244463444 0.007277549244463444
0.007277048658579588 0.007275417912751436 0.007272586692124605 0.007270876783877611 0.007271799724549055 0.00727431895211339 0.007276156451553106 0.0072768982499837875 0.00727708637714386 0.007276863791048527 0.007275344338268042 0.007265926338732243 0.007200049236416817 0.006802141200751066 0.005221422761678696 0.0015797745436429977 0.0 0.0 0.0 0.0 0.0009839930571615696 0.004346235189586878 0.006275360472500324 0.0070022414438426495 0.0072069126181304455 0.007258524186909199 0.007270784582942724 0.007274435367435217 0.007275999989360571 0.007276762276887894 0.007277281489223242 0.0072774942964315414 0.007277544587850571 0.007277549244463444 0.007277549244463444 0.007277549244463444 0.007277549244463444 0.007277549244463444 0.007277549244463444 0.007277549244463444 0.007277549244463444 0.007277549244463444 0.007277549244463444
0.007277165073901415 0.007275323383510113 0.007270438130944967 0.007264451589435339 0.00726177217438817 0.007265693508088589 0.007270717527717352 0.007273735478520393 0.007274572271853685 0.007273366209119558 0.007265905849635601 0.007226613815873861 0.007007720414549112 0.006019899621605873 0.0030971569940447807 0.0 0.0 0.0 0.0 0.0 0.0 0.001250874251127243 0.004546384327113628 0.006243868265300989 0.006920791696757078 0.007137421518564224 0.00721064954996109 0.007241377606987953 0.007256583776324987 0.00726595101878047 0.007273414172232151 0.007276676595211029 0.0072774747386574745 0.00727754645049572 0.007277549244463444 0.007277549244463444 0.007277549244463444 0.007277549244463444 0.007277549244463444 0.007277549244463444 0.007277549244463444 0.007277549244463444 0.007277549244463444
0.007277267519384623 0.0072754425927996635 0.007268767338246107 0.0072560301050543785 0.007245481479912996 0.0072463927790522575 0.007255525793880224 0.007263359613716602 0.0072657279670238495 0.007261487189680338 0.007238691672682762 0.007137956563383341 0.006687086541205645 0.0050692809745669365 0.0010934565216302872 0.0 0.0 0.0 0.0 0.0 0.0 0.0 0.001868746243417263 0.0046661486849188805 0.006130316760390997 0.0067218695767223835 0.006981896702200174 0.007086846977472305 0.007158603984862566 0.007213972974568605 0.007252217270433903 0.007271939422935247 0.007276979740709066 0.007277525495737791 0.0072775487788021564 0.007277549244463444 0.007277549244463444 0.007277549244463444 0.007277549244463444 0.007277549244463444 0.007277549244463444 0.007277549244463444 0.007277549244463444
0.007277353201061487 0.007275745272636414 0.007268434390425682 0.007251392584294081 0.007231015712022781 0.007223934400826693 0.0072338394820690155 0.007245136424899101 0.0072492375038564205 0.007239957340061665 0.007196421269327402 0.007028626278042793 0.006367905531078577 0.004290761426091194 0.0 0.0 0.0 0.0 0.0 0.0 0.0 0.0 0.0 0.0023086783476173878 0.004597022198140621 0.005790863186120987 0.006410646252334118 0.006692728493362665 0.006904907990247011 0.007075103931128979 0.007194040343165398 0.007257575634866953 0.007275225594639778 0.007277430035173893 0.00727754645049572 0.007277549244463444 0.007277549244463444 0.007277549244463444 0.007277549244463444 0.007277549244463444 0.007277549244463444 0.007277549244463444 0.007277549244463444
0.007277405355125666 0.007276211865246296 0.00727001903578639 0.007253236602991819 0.007229271810501814 0.007216757163405418 0.00722215510904789 0.007233132608234882 0.007236291654407978 0.007223956286907196 0.007170757278800011 0.0069772726856172085 0.006267951335757971 0.004224588628858328 0.0 0.0 0.0 0.0 0.0 0.0 0.0 0.0 0.0 0.0 0.0024837912060320377 0.004498852416872978 0.005518670193850994 0.006156422197818756 0.006576774176210165 0.006872157566249371 0.007117384113371372 0.007235471159219742 0.007271681446582079 0.007277101743966341 0.007277533877640963 0.0072775487788021564 0.007277549244463444 0.007277549244463444 0.007277549244463444 0.007277549244463444 0.007277549244463444 0.007277549244463444 0.007277549244463444
0.00727744959294796 0.007276688236743212 0.007272636517882347 0.007260930258780718 0.007242055144160986 0.007230599410831928 0.007232279051095247 0.00723911402747035 0.007241713348776102 0.007232281379401684 0.007190424483269453 0.007048666011542082 0.006547609809786081 0.005101058632135391 0.0017782100476324558 0.0 0.0 0.0 0.0 0.0 0.0 0.0 0.0 0.0 0.0 0.002651573158800602 0.004247485660016537 0.005226213485002518 0.0060018450021743774 0.006582377012819052 0.006960705388337374 0.007189074065536261 0.007261501159518957 0.007275927811861038 0.007277456112205982 0.007277545053511858 0.007277549244463444 0.007277549244463444 0.007277549244463444 0.007277549244463444 0.007277549244463444 0.007277549244463444 0.007277549244463444
0.007277457043528557 0.007276900112628937 0.007274190429598093 0.007266941014677286 0.0072558727115392685 0.007249717600643635 0.007250569295138121 0.007254910189658403 0.007256245706230402 0.007250775583088398 0.007227976340800524 0.007149860262870789 0.006868638098239899 0.006014776416122913 0.0038048913702368736 0.0 0.0 0.0 0.0 0.0 0.0 0.0 0.0 0.0 0.0 0.0012914794497191906 0.0033172057010233402 0.00479320390149951 0.0057811494916677475 0.006404045969247818 0.006893078330904245 0.007141313049942255 0.007248413749039173 0.0072731259278953075 0.007277050521224737 0.007277514319866896 0.00727754645049572 0.0072775487788021564 0.007277549244463444 0.007277549244463444 0.007277549244463444 0.007277549244463444 0.007277549244463444
0.007277427241206169 0.007276938762515783 0.007275108713656664 0.007271073292940855 0.0072657400742173195 0.007263763342052698 0.007265567779541016 0.007268081419169903 0.007268942426890135 0.007266979198902845 0.0072582196444272995 0.007227404974400997 0.0071157654747366905 0.006742251105606556 0.005618968978524208 0.0030173305422067642 0.0 0.0 0.0 0.0 0.0 0.0 0.0 0.0 0.0 0.0009127072989940643 0.0028731534257531166 0.00436165276914835 0.005524361506104469 0.00631618220359087 0.006826835684478283 0.007090489845722914 0.0072247046045959 0.0072637442499399185 0.007275199051946402 0.007277243304997683 0.007277493830770254 0.007277540396898985 0.007277546916157007 0.007277548313140869 0.007277545984834433 0.00727754645049572 0.007277546916157007
0.007277306634932756 0.007276764139533043 0.0072753578424453735 0.007273034658282995 0.007271035574376583 0.0072713568806648254 0.007272969000041485 0.007274410221725702 0.00727496761828661 0.007274574134498835 0.00727225374430418 0.007263636216521263 0.007230269722640514 0.007107052486389875 0.006698355078697205 0.005494296085089445 0.0028387336060404778 0.0 0.0 0.0 0.0 0.0 0.0 0.0 0.0 0.001067612785845995 0.0029390519484877586 0.0041878074407577515 0.005375507287681103 0.006186087615787983 0.006659668870270252 0.007001824211329222 0.007162978406995535 0.007238478399813175 0.00726676918566227 0.0072747268714010715 0.007276634685695171 0.007277289871126413 0.007277441676706076 0.007277487777173519 0.007277398835867643 0.007277405355125666 0.007277472876012325
0.007276870775967836 0.007276185788214207 0.00727502629160881 0.007273759692907333 0.007273205555975437 0.007273984141647816 0.007275337819010019 0.007276340387761593 0.007276773918420076 0.007276853546500206 0.0072764502838253975 0.00727486377581954 0.007268216926604509 0.007241493556648493 0.007134065963327885 0.006776681635528803 0.005660013295710087 0.003741813125088811 0.001151159405708313 0.0 0.0 0.0 0.0 0.0 0.0011303117498755455 0.002727970015257597 0.003980834037065506 0.004777815658599138 0.00514325313270092 0.005686972290277481 0.006132684648036957 0.006655743345618248 0.006940321996808052 0.007092871703207493 0.007199425250291824 0.007244042120873928 0.007261884398758411 0.007270077243447304 0.007274385076016188 0.007275579031556845 0.007273666560649872 0.007274705916643143 0.007275192998349667
0.007274809293448925 0.0072739003226161 0.0072725554928183556 0.007264014799147844 0.007237090263515711 0.007228297181427479 0.0072480253875255585 0.007266117259860039 0.007273829076439142 0.007276349235326052 0.007276961579918861 0.007276860531419516 0.007275702431797981 0.00727053452283144 0.007247737608850002 0.007155513856559992 0.00680993078276515 0.006055627949535847 0.004710986278951168 0.0032101869583129883 0.001729284878820181 0.0013493364676833153 0.0015421132557094097 0.0025607519783079624 0.003340164665132761 0.004127508495002985 0.004750937223434448 0.005238882265985012 0.005291794892400503 0.005530456081032753 0.005739284213632345 0.00619920389726758 0.0064867413602769375 0.006730714347213507 0.006969230715185404 0.007093789521604776 0.007173564750701189 0.007219300139695406 0.007235688157379627 0.007243130821734667 0.007221294566988945 0.007230212911963463 0.00723620830103755
0.007265840657055378 0.007265620864927769 0.007248062174767256 0.007019915152341127 0.0065701743587851524 0.006557565648108721 0.006896689999848604 0.007150828372687101 0.007245703600347042 0.007270422764122486 0.00727575458586216 0.007276848889887333 0.007276909425854683 0.00727606937289238 0.007271788083016872 0.00725314998999238 0.007169117219746113 0.006941261701285839 0.0064950501546263695 0.005782688036561012 0.005022137425839901 0.0045303236693143845 0.004490280523896217 0.004819631576538086 0.0050103748217225075 0.005345984827727079 0.005546540021896362 0.005624693818390369 0.005502757616341114 0.0054298206232488155 0.005332660861313343 0.005593842826783657 0.0057295579463243484 0.006042019464075565 0.0063313269056379795 0.006665511056780815 0.006832950748503208 0.006947289686650038 0.007019279524683952 0.007014892064034939 0.006913089193403721 0.006935272365808487 0.006963563151657581
0.007232557982206345 0.0072365752421319485 0.007027829997241497 0.005417497828602791 0.0033580977469682693 0.0036487076431512833 0.005409541539847851 0.0066822608932852745 0.0071431612595915794 0.007253739051520824 0.007273229770362377 0.007276533637195826 0.0072771282866597176 0.007277141325175762 0.007276403252035379 0.00727272592484951 0.007254683878272772 0.007203235756605864 0.007082072552293539 0.006868381518870592 0.006597049534320831 0.0063642836175858974 0.006298885215073824 0.006261981558054686 0.006226737052202225 0.006216729059815407 0.006142333149909973 0.006071684882044792 0.005604470148682594 0.005339167546480894 0.00489154364913702 0.004836292937397957 0.004631108604371548 0.004976683761924505 0.005332798231393099 0.0058302003890275955 0.006029075477272272 0.006131650879979134 0.006148750428110361 0.006104517728090286 0.005507119931280613 0.005416128784418106 0.0054468498565256596
