2D_landslide/Landslide/figures/5h.txt
ncols   200
nrows   200
xllcorner   0
yllcorner   0
cellsize   12.5
NODATA_value   -9999.00000
[rows 0 to 18 of 200, columns 86 to 128 of 200]
0.008364379405975342 0.016862377524375916 0.023390285670757294 0.027104560285806656 0.02688852697610855 0.020704643800854683 0.009648958221077919 0.0 0.0 0.0 0.0 0.0 0.0 0.0 0.0 0.004969332367181778 0.01861179620027542 0.036183539777994156 0.053248390555381775 0.06516505777835846 0.06919839233160019 0.06517209112644196 0.055068667978048325 0.04238584265112877 0.030679062008857727 0.02231852523982525 0.018246732652187347 0.018163105472922325 0.02112521231174469 0.025043528527021408 0.026926860213279724 0.024303525686264038 0.016613047569990158 0.005893009714782238 0.0 0.0 0.0 0.0 0.0 0.00014394009485840797 0.0014602611772716045 0.002076289150863886 0.002334077376872301
0.014872696250677109 0.028026893734931946 0.039810605347156525 0.048443399369716644 0.05045434460043907 0.04379138723015785 0.03421555832028389 0.02665168046951294 0.023574788123369217 0.024076972156763077 0.022984247654676437 0.020515121519565582 0.02054067701101303 0.02522365003824234 0.035694655030965805 0.052301887422800064 0.07359123229980469 0.09616634249687195 0.11599645763635635 0.1299465298652649 0.1365639716386795 0.1357014775276184 0.12883856892585754 0.11838271468877792 0.10689093172550201 0.09704689681529999 0.09077531099319458 0.0885898619890213 0.08920367062091827 0.08961135149002075 0.0865626111626625 0.07739081978797913 0.061565689742565155 0.04070369899272919 0.0190877765417099 0.002184981945902109 0.0 0.0 0.0 0.0 0.0 0.000502381008118391 0.0017754919826984406
0.019373157992959023 0.03730350732803345 0.054848626255989075 0.0679268017411232 0.07145813852548599 0.06832575052976608 0.06689367443323135 0.06697000563144684 0.07007182389497757 0.07780225574970245 0.08246470987796783 0.08227735012769699 0.08349359780550003 0.08936519920825958 0.10100167989730835 0.11785093694925308 0.13805288076400757 0.1589309275150299 0.17788830399513245 0.19272227585315704 0.20248109102249146 0.20717689394950867 0.2072138637304306 0.20398594439029694 0.19908446073532104 0.19357864558696747 0.18865904211997986 0.18469193577766418 0.18057221174240112 0.17428235709667206 0.1634119302034378 0.14630021154880524 0.12240034341812134 0.09271945059299469 0.060307785868644714 0.030139382928609848 0.007436376065015793 0.0 0.0 0.0 0.0 0.0 0.0013898713514208794
0.02281523495912552 0.04588081315159798 0.06941137462854385 0.0868677869439125 0.09326700866222382 0.09736558049917221 0.10572906583547592 0.11340834945440292 0.12237539887428284 0.13719221949577332 0.14903803169727325 0.15286485850811005 0.15497586131095886 0.15984725952148438 0.16871148347854614 0.18179772794246674 0.19826097786426544 0.2165733277797699 0.23491023480892181 0.2518032491207123 0.26594892144203186 0.27713024616241455 0.2848632037639618 0.2894931435585022 0.291355699300766 0.29070544242858887 0.2877909541130066 0.28213056921958923 0.2733387053012848 0.2601281404495239 0.24155770242214203 0.2170751988887787 0.18679305911064148 0.1514335423707962 0.11254110932350159 0.07305210828781128 0.03752414509654045 0.01091444119811058 0.0 0.0 0.0 0.0 0.0007168930023908615
0.02661728858947754 0.05530817061662674 0.08526047319173813 0.10796485841274261 0.1193099096417427 0.12942162156105042 0.1430290937423706 0.15433549880981445 0.16515938937664032 0.18184879422187805 0.19720017910003662 0.20497103035449982 0.20968547463417053 0.21532398462295532 0.2233661264181137 0.23474858701229095 0.2495778352022171 0.2675513029098511 0.2876332700252533 0.30842629075050354 0.32856959104537964 0.34722110629081726 0.3631724417209625 0.37585872411727905 0.3845260739326477 0.388424813747406 0.38706016540527344 0.37944337725639343 0.3653683662414551 0.34468990564346313 0.317799836397171 0.2853502929210663 0.24870826303958893 0.20907637476921082 0.1672063022851944 0.12380635738372803 0.08068206161260605 0.041758935898542404 0.0121903195977211 0.0 0.0 0.0 0.0
0.03195931389927864 0.06652649492025375 0.10260022431612015 0.13223515450954437 0.149715855717659 0.1614524871110916 0.17310911417007446 0.18245238065719604 0.1944727599620819 0.21430392563343048 0.23257485032081604 0.2427615374326706 0.24954043328762054 0.257341593503952 0.26722341775894165 0.2796447277069092 0.29527944326400757 0.31457486748695374 0.3375645875930786 0.36307305097579956 0.38990235328674316 0.4163621962070465 0.4407116174697876 0.4613089859485626 0.47652867436408997 0.48475733399391174 0.48483920097351074 0.47532549500465393 0.45614758133888245 0.4278320372104645 0.39197638630867004 0.3504991829395294 0.30651921033859253 0.2623479962348938 0.21898253262043 0.17578287422657013 0.13140937685966492 0.08630191534757614 0.04417502135038376 0.011603884398937225 0.0 0.0 0.0
0.0390959233045578 0.07893871515989304 0.12018413096666336 0.1560705155134201 0.18077735602855682 0.19371125102043152 0.2007908821105957 0.21260488033294678 0.23872584104537964 0.2708672881126404 0.2913911044597626 0.2964649200439453 0.297168493270874 0.30186259746551514 0.3116293251514435 0.3249601423740387 0.34156516194343567 0.3621315658092499 0.38706687092781067 0.41619494557380676 0.447866827249527 0.48048698902130127 0.5118382573127747 0.5393674373626709 0.5604208111763 0.5725082755088806 0.5735465884208679 0.5621193051338196 0.5378383994102478 0.5017410516738892 0.4564654231071472 0.4059326648712158 0.3544422686100006 0.30608731508255005 0.2625412344932556 0.22292973101139069 0.183352530002594 0.1399274319410324 0.09225424379110336 0.045249857008457184 0.00890145543962717 0.0 0.0
0.0473828986287117 0.09075583517551422 0.13484671711921692 0.1741127222776413 0.2040473222732544 0.22082646191120148 0.23232267796993256 0.2583253085613251 0.3003847002983093 0.3362470865249634 0.35078316926956177 0.3482089936733246 0.3441459536552429 0.34768176078796387 0.3578282296657562 0.38713571429252625 0.4052163064479828 0.4274214208126068 0.4350404441356659 0.4664013385772705 0.5010764002799988 0.5367130637168884 0.570857048034668 0.6010405421257019 0.6244232058525085 0.6378586292266846 0.6384118795394897 0.6240523457527161 0.5945214629173279 0.5518262982368469 0.49989891052246094 0.4436311721801758 0.38778722286224365 0.33626794815063477 0.2922307848930359 0.2568316161632538 0.22696280479431152 0.19371013343334198 0.14998233318328857 0.09695610404014587 0.043028444051742554 0.0039655487053096294 0.0
0.05542280897498131 0.09955469518899918 0.14393499493598938 0.18359968066215515 0.21406801044940948 0.23525461554527283 0.2609051465988159 0.30268535017967224 0.4264809787273407 0.440502405166626 0.45639869570732117 0.4371754229068756 0.4148162603378296 0.40781086683273315 0.4230189621448517 0.4458021819591522 0.46299025416374207 0.5120691657066345 0.5053550601005554 0.5408649444580078 0.6004694700241089 0.6166006922721863 0.6320908665657043 0.6619552969932556 0.6793006062507629 0.6877167820930481 0.6871524453163147 0.6727458834648132 0.6452642679214478 0.607106626033783 0.5611014366149902 0.5098161101341248 0.4553442895412445 0.39851513504981995 0.3416260778903961 0.2909754514694214 0.2567691206932068 0.2362096607685089 0.20641671121120453 0.1575729101896286 0.09619977325201035 0.03572460636496544 0.0
0.06139213591814041 0.10292493551969528 0.14497268199920654 0.18227306008338928 0.21157985925674438 0.2406638115644455 0.2825392782688141 0.4163360595703125 0.4707181453704834 0.4901355504989624 0.48475736379623413 0.45685696601867676 0.4539576470851898 0.46075430512428284 0.4719512164592743 0.48533812165260315 0.4913543462753296 0.5079042315483093 0.5306705236434937 0.5676223635673523 0.614254355430603 0.67921382188797 0.708365261554718 0.7629367709159851 0.752147912979126 0.7472508549690247 0.7510767579078674 0.7505332827568054 0.7435811758041382 0.7306277751922607 0.7111014723777771 0.6828352808952332 0.6423024535179138 0.584865152835846 0.505423903465271 0.40747323632240295 0.3140953779220581 0.2671643793582916 0.251982182264328 0.21563971042633057 0.15685021877288818 0.08659949153661728 0.024227112531661987
0.06453707069158554 0.10007637739181519 0.1360829472541809 0.16807326674461365 0.20019176602363586 0.24460622668266296 0.29997819662094116 0.40962696075439453 0.46812954545021057 0.4806298315525055 0.5082404017448425 0.5047621130943298 0.5041711330413818 0.5090323090553284 0.5113505125045776 0.5108850598335266 0.5191840529441833 0.5337399244308472 0.5508958697319031 0.5827925801277161 0.6296496987342834 0.696772038936615 0.7573638558387756 0.825484037399292 0.8647320866584778 0.8779463768005371 0.8414323329925537 0.8391299247741699 0.865706741809845 0.8927642107009888 0.9174922108650208 0.9332554936408997 0.9273391366004944 0.88728266954422 0.8024179935455322 0.6664171814918518 0.4855920970439911 0.3307032287120819 0.28585976362228394 0.2653282880783081 0.21345409750938416 0.14372804760932922 0.06790871173143387
0.0648207738995552 0.09069253504276276 0.11519363522529602 0.14284346997737885 0.18774130940437317 0.24868033826351166 0.3713171184062958 0.42435601353645325 0.4548344910144806 0.49721449613571167 0.5687088370323181 0.5790543556213379 0.5502271056175232 0.5282514095306396 0.5236210227012634 0.5132368803024292 0.5162228941917419 0.5212070941925049 0.5404900908470154 0.575339674949646 0.6249338388442993 0.7006624341011047 0.7755638360977173 0.8483579754829407 0.891103208065033 0.924570620059967 0.9296830296516418 0.960749089717865 0.9581277966499329 1.0372135639190674 1.1274082660675049 1.208947777748108 1.2526328563690186 1.2404378652572632 1.1624231338500977 1.0103063583374023 0.7756949663162231 0.4922090470790863 0.3289029598236084 0.3053884506225586 0.26162853837013245 0.19530925154685974 0.1164732500910759
0.06312533468008041 0.07301165163516998 0.08441070467233658 0.12039751559495926 0.1845526248216629 0.2526984214782715 0.3885686695575714 0.42067474126815796 0.49431371688842773 0.5626649856567383 0.6754712462425232 0.747324526309967 0.6192762851715088 0.5442999601364136 0.5463927388191223 0.5223054885864258 0.5164642333984375 0.5035448670387268 0.5277147889137268 0.5655938982963562 0.6559402942657471 0.7783521413803101 0.9240443706512451 1.0323673486709595 1.026248574256897 1.0471320152282715 0.9619417786598206 0.9686140418052673 1.0025956630706787 1.1466169357299805 1.3146287202835083 1.462871789932251 1.553139090538025 1.569473147392273 1.5043830871582031 1.3486272096633911 1.0929231643676758 0.7377714514732361 0.41717562079429626 0.33967816829681396 0.30079278349876404 0.23701713979244232 0.15864045917987823
0.05755555257201195 0.04868432879447937 0.06625716388225555 0.1314440667629242 0.2103474885225296 0.2673938572406769 0.3895299434661865 0.42192766070365906 0.5377914905548096 0.61851567029953 0.7040427327156067 0.7204897999763489 0.6422579288482666 0.5568720102310181 0.5362852811813354 0.4976518452167511 0.48228150606155396 0.46837207674980164 0.48294365406036377 0.5351223349571228 0.6728121638298035 0.8197312355041504 0.9517205357551575 1.0638203620910645 1.0996251106262207 1.0398292541503906 0.8902277946472168 0.9165231585502625 1.0005003213882446 1.214812159538269 1.4535659551620483 1.6503407955169678 1.7730909585952759 1.8145248889923096 1.7666816711425781 1.6169347763061523 1.3551039695739746 0.9778879284858704 0.5513452887535095 0.3769315481185913 0.33161017298698425 0.26812419295310974 0.19016507267951965
0.049102913588285446 0.044788531959056854 0.10749754309654236 0.21205322444438934 0.29234904050827026 0.31899744272232056 0.3980303704738617 0.4214281439781189 0.5406748652458191 0.6483404040336609 0.6835682988166809 0.6801552772521973 0.6860554218292236 0.6015543937683105 0.5196751356124878 0.4778579771518707 0.42040181159973145 0.4071730375289917 0.4341345429420471 0.5100099444389343 0.6440432667732239 0.7689618468284607 0.9160251021385193 1.0650386810302734 1.0985119342803955 1.0173381567001343 0.8456129431724548 0.8428460955619812 1.0134469270706177 1.239274501800537 1.5315945148468018 1.7585821151733398 1.9020622968673706 1.9605350494384766 1.9255893230438232 1.783014178276062 1.5225595235824585 1.334886908531189 0.8888227939605713 0.4971768856048584 0.38909897208213806 0.3190333843231201 0.2104090005159378
0.05893375352025032 0.10280203074216843 0.22134338319301605 0.34495964646339417 0.40899789333343506 0.39909493923187256 0.4178333878517151 0.4603589177131653 0.5835955739021301 0.6713136434555054 0.7045711278915405 0.6894806623458862 0.6679456830024719 0.6097230315208435 0.5242950320243835 0.44797763228416443 0.3805420994758606 0.37006697058677673 0.41569003462791443 0.48805418610572815 0.6025252342224121 0.69778972864151 0.8602402806282043 1.023397445678711 1.0777190923690796 0.9815598130226135 0.8406174778938293 0.7848441004753113 0.9301118850708008 1.2719911336898804 1.5453269481658936 1.7898503541946411 1.9449450969696045 2.012110710144043 1.9819443225860596 1.8427109718322754 1.7304433584213257 1.389192819595337 0.9615387320518494 0.5523271560668945 0.4074740707874298 0.32576984167099 0.21951496601104736
0.11933498084545135 0.21995171904563904 0.36473262310028076 0.47618743777275085 0.5130761861801147 0.47505536675453186 0.4610326290130615 0.5028024911880493 0.6125754714012146 0.6974684596061707 0.7451890110969543 0.7335624694824219 0.7103816866874695 0.6573867797851562 0.5401487350463867 0.4479656517505646 0.37953588366508484 0.36276888847351074 0.40513938665390015 0.4785088896751404 0.5965344905853271 0.7140266299247742 0.8842829465866089 1.083112120628357 1.1675100326538086 0.9532540440559387 0.8633644580841064 0.7651902437210083 0.8561075925827026 1.2170604467391968 1.543142318725586 1.8048112392425537 1.912589430809021 2.0622222423553467 2.0484719276428223 1.920170545578003 1.687067985534668 1.397918939590454 1.0389565229415894 0.580805778503418 0.42273569107055664 0.3292972147464752 0.23709391057491302
0.22056487202644348 0.3512152433395386 0.4890058934688568 0.5700759887695312 0.5768280625343323 0.5478014349937439 0.49241721630096436 0.5383647084236145 0.6377449035644531 0.7131012082099915 0.7740970253944397 0.7715421915054321 0.7387150526046753 0.6466912031173706 0.542624294757843 0.45667722821235657 0.4014922082424164 0.38595476746559143 0.4121447205543518 0.48263654112815857 0.5844076871871948 0.6934659481048584 0.818385899066925 1.0261605978012085 1.0049543380737305 0.9324724078178406 0.8709207773208618 0.7691465020179749 0.8022919297218323 1.1694029569625854 1.4829169511795044 1.6549484729766846 1.8154444694519043 1.9539930820465088 1.925168514251709 1.801806926727295 1.5795668363571167 1.3258417844772339 0.9516116380691528 0.5892887711524963 0.4392082989215851 0.3244655132293701 0.2107863873243332
0.32479020953178406 0.4608202278614044 0.5761614441871643 0.621995210647583 0.5996710658073425 0.5482221841812134 0.5068196654319763 0.5682523846626282 0.6683663129806519 0.7468535304069519 0.8056077361106873 0.8165444135665894 0.7833333015441895 0.694690465927124 0.5879930853843689 0.500723123550415 0.43797582387924194 0.4189072549343109 0.447100967168808 0.5075314044952393 0.5950866937637329 0.6979224681854248 0.8032232522964478 0.8917561173439026 0.9287711977958679 0.9288365244865417 0.8919059038162231 0.810910165309906 0.8346264362335205 1.139777660369873 1.3411451578140259 1.5116046667099 1.6811327934265137 1.7758246660232544 1.7636032104492188 1.6392179727554321 1.4426677227020264 1.1903247833251953 0.8509658575057983 0.6057488322257996 0.45924901962280273 0.3150041699409485 0.20063292980194092
