2D_landslide/Landslide/figures/5h.txt
ncols   200
nrows   200
xllcorner   0
yllcorner   0
cellsize   12.5
NODATA_value   -9999.00000
[rows 152 to 170 of 200, columns 86 to 128 of 200]
31.94719696044922 32.42801284790039 32.400901794433594 32.07951354980469 31.993480682373047 31.93894386291504 32.1911506652832 32.337181091308594 32.386409759521484 32.56366729736328 32.06182098388672 32.05424499511719 31.89075469970703 31.74799919128418 30.990598678588867 30.565685272216797 30.546995162963867 30.44414710998535 30.673398971557617 31.314809799194336 32.17299270629883 32.7990608215332 33.306880950927734 34.155616760253906 34.76070785522461 35.80354309082031 36.72129821777344 37.0101432800293 37.050682067871094 36.51516342163086 34.4955940246582 32.84541320800781 30.931188583374023 28.74156951904297 25.84642791748047 23.657442092895508 21.723421096801758 19.83683204650879 17.676721572875977 15.64049243927002 13.046236991882324 10.098001480102539 7.508681774139404
30.09932518005371 30.264360427856445 29.916038513183594 29.51444435119629 29.325353622436523 29.534391403198242 29.78782081604004 29.870359420776367 29.885141372680664 30.133752822875977 29.739349365234375 29.9312686920166 29.84639549255371 29.717220306396484 28.924997329711914 28.519941329956055 28.506284713745117 28.482027053833008 28.831274032592773 29.456220626831055 30.02484893798828 30.75656509399414 31.427860260009766 32.06089401245117 32.71406936645508 33.42288589477539 34.43376922607422 35.204097747802734 35.355201721191406 34.25233840942383 32.52642822265625 30.85561752319336 28.811538696289062 26.783649444580078 24.0650577545166 22.21957778930664 20.616304397583008 18.902925491333008 16.611291885375977 13.897409439086914 10.925241470336914 8.52633285522461 6.255614757537842
27.75380516052246 27.55058479309082 27.011762619018555 26.819116592407227 26.75246810913086 26.942079544067383 27.138883590698242 27.131296157836914 27.036865234375 27.276334762573242 26.930660247802734 27.255985260009766 27.229387283325195 27.177509307861328 26.4704532623291 26.17361068725586 26.219125747680664 26.219621658325195 26.314403533935547 26.94028663635254 27.203767776489258 27.827301025390625 28.53485107421875 29.362028121948242 30.19183921813965 30.8876953125 31.265256881713867 32.00563430786133 31.973243713378906 31.45042610168457 29.6295108795166 28.255399703979492 26.429838180541992 24.28340721130371 22.00722312927246 20.437602996826172 18.93088150024414 17.015399932861328 13.872831344604492 11.006967544555664 8.481679916381836 6.644017219543457 4.8028974533081055
25.696388244628906 25.18390655517578 24.772064208984375 24.555883407592773 24.66437530517578 24.742088317871094 24.651960372924805 24.657506942749023 24.79409408569336 24.714330673217773 24.739656448364258 24.861507415771484 25.02035903930664 25.116554260253906 24.46381187438965 24.33111572265625 24.061983108520508 24.09811019897461 24.233417510986328 24.099441528320312 24.464326858520508 25.160083770751953 25.7359619140625 26.694650650024414 27.556245803833008 28.27833366394043 28.638700485229492 29.246150970458984 29.17115020751953 28.557188034057617 26.8723201751709 25.716175079345703 24.16661834716797 22.536052703857422 20.46080780029297 19.005090713500977 17.127058029174805 14.456244468688965 10.895408630371094 8.378308296203613 6.565407752990723 5.206238746643066 3.7041308879852295
23.613588333129883 23.21536636352539 22.740280151367188 22.562522888183594 22.460508346557617 22.445777893066406 22.219417572021484 22.204938888549805 22.37928581237793 22.254304885864258 22.298891067504883 22.539928436279297 22.809520721435547 22.9338436126709 22.604820251464844 22.58479881286621 22.57001304626465 22.594057083129883 21.894296646118164 21.549320220947266 21.758211135864258 22.158512115478516 23.1959285736084 24.328596115112305 25.099977493286133 25.97356605529785 26.23626708984375 26.264677047729492 26.353538513183594 25.846473693847656 24.552635192871094 23.5814266204834 22.21050453186035 20.794546127319336 18.920682907104492 16.746171951293945 14.233444213867188 11.34014892578125 8.178053855895996 6.3655524253845215 4.972357749938965 3.9021944999694824 2.90090274810791
21.469560623168945 21.141782760620117 20.673545837402344 20.30781364440918 20.11111831665039 19.959457397460938 19.45566749572754 19.6892032623291 19.668731689453125 19.752960205078125 19.989898681640625 20.348907470703125 20.903722763061523 21.115205764770508 21.04918098449707 21.094974517822266 21.352256774902344 21.28740882873535 20.237045288085938 19.505796432495117 19.457429885864258 19.477272033691406 19.948532104492188 21.11791229248047 22.372196197509766 23.16454315185547 23.679662704467773 23.833419799804688 23.702346801757812 23.560049057006836 22.466068267822266 21.650583267211914 20.505979537963867 19.270763397216797 16.99081039428711 14.130182266235352 10.993097305297852 8.353323936462402 5.989596843719482 4.646002769470215 3.691328287124634 2.9373207092285156 2.390469551086426
19.18747329711914 18.95556640625 18.38531494140625 17.90853500366211 17.575986862182617 17.30778694152832 17.087560653686523 17.05190086364746 17.276826858520508 17.63262939453125 18.055795669555664 18.63762092590332 18.963912963867188 19.37533950805664 19.470693588256836 19.789751052856445 20.06337547302246 19.674264907836914 18.532554626464844 18.08767318725586 17.49846649169922 17.13235092163086 16.850990295410156 17.46552085876465 18.756362915039062 19.66059684753418 20.042749404907227 20.829256057739258 20.94402313232422 20.775957107543945 20.186336517333984 19.472654342651367 18.48223114013672 17.24411392211914 13.78343391418457 10.478912353515625 7.793428421020508 5.75936222076416 4.226613998413086 3.1515276432037354 2.563166379928589 2.342115640640259 2.0345520973205566
17.578338623046875 17.26363754272461 16.663532257080078 16.186323165893555 15.862857818603516 15.747723579406738 15.29979133605957 15.113062858581543 15.229475021362305 15.74431037902832 16.10699462890625 16.478818893432617 17.005603790283203 17.33241844177246 17.728744506835938 18.250595092773438 18.512588500976562 18.041915893554688 17.2237548828125 16.421289443969727 15.764079093933105 15.3032865524292 14.77418327331543 15.034200668334961 15.789691925048828 16.65438461303711 17.07940101623535 17.638507843017578 18.263809204101562 18.402448654174805 17.92099380493164 17.49675941467285 16.25106430053711 14.33902645111084 10.65637493133545 7.478408336639404 5.341965675354004 3.980163335800171 2.710313320159912 2.209557056427002 2.1278908252716064 2.1219091415405273 1.5685505867004395
16.30092430114746 15.904793739318848 15.265816688537598 14.969596862792969 14.674637794494629 14.315755844116211 13.675715446472168 13.306455612182617 13.202160835266113 13.525741577148438 13.81213665008545 14.1531982421875 14.685090065002441 15.13829517364502 15.759627342224121 16.62188720703125 16.944795608520508 16.723609924316406 15.721855163574219 14.945874214172363 14.267800331115723 13.497246742248535 12.965921401977539 12.977279663085938 13.144502639770508 13.771565437316895 14.422163963317871 15.025202751159668 15.527934074401855 15.847193717956543 15.557793617248535 14.61933708190918 13.398225784301758 11.203811645507812 7.522719383239746 4.9697136878967285 3.5444581508636475 2.5870518684387207 2.025912046432495 1.939493179321289 1.9047578573226929 1.5145624876022339 1.0418096780776978
15.302777290344238 14.951000213623047 14.27701473236084 13.826991081237793 13.453518867492676 13.00079345703125 12.377100944519043 12.003300666809082 11.845715522766113 11.728641510009766 11.833313941955566 12.221030235290527 12.64372444152832 13.361146926879883 14.212569236755371 15.102494239807129 15.485328674316406 15.081452369689941 14.440319061279297 13.737601280212402 12.861200332641602 12.32365894317627 11.648543357849121 11.37894058227539 11.45495891571045 11.77824878692627 12.031048774719238 12.50214958190918 12.882473945617676 13.023484230041504 12.377349853515625 11.521178245544434 10.131906509399414 7.925202369689941 4.852763652801514 3.2902050018310547 2.4316165447235107 2.006014823913574 1.7877081632614136 1.5955268144607544 1.2301071882247925 0.8255242705345154 0.4612642228603363
14.242526054382324 13.863252639770508 13.232599258422852 12.851471900939941 12.433277130126953 11.928340911865234 11.33431339263916 10.928638458251953 10.674840927124023 10.447635650634766 10.47411060333252 10.761327743530273 11.255850791931152 11.96334457397461 12.843046188354492 13.653076171875 13.770071983337402 13.671540260314941 13.026565551757812 12.425414085388184 11.673869132995605 11.222457885742188 10.604055404663086 10.201809883117676 9.910462379455566 9.93584156036377 9.62043571472168 9.67349910736084 9.596902847290039 9.61705207824707 8.618618965148926 7.603939533233643 6.261721134185791 4.509726524353027 3.230712413787842 2.4808995723724365 2.014749526977539 1.685693621635437 1.2788208723068237 0.8428958058357239 0.4523792564868927 0.24504004418849945 0.03749319911003113
13.187076568603516 12.816611289978027 12.558307647705078 12.291060447692871 11.86255168914795 11.24893856048584 10.29619026184082 9.455931663513184 9.084728240966797 8.770173072814941 9.074053764343262 9.349987983703613 9.97099781036377 10.725940704345703 11.501638412475586 12.068973541259766 12.4353666305542 12.370677947998047 11.903226852416992 11.521946907043457 11.00616455078125 10.645418167114258 9.954615592956543 9.457415580749512 9.029158592224121 8.589468002319336 7.839012622833252 7.506186485290527 7.0741286277771 6.806692123413086 5.689961910247803 4.9581122398376465 3.863698959350586 3.2041611671447754 2.479238510131836 1.9853214025497437 1.5513836145401 1.0889668464660645 0.4586964547634125 0.1367662400007248 0.0 0.0 0.0
12.12402057647705 12.004372596740723 11.895292282104492 11.57779598236084 10.880999565124512 9.896950721740723 8.57765007019043 7.662865161895752 7.2877044677734375 6.978622913360596 7.184301853179932 7.468276023864746 8.199854850769043 9.082545280456543 9.845672607421875 10.640962600708008 10.981986999511719 11.157462120056152 11.011321067810059 10.924517631530762 10.543377876281738 10.174601554870605 9.39941120147705 8.754996299743652 7.766637802124023 6.82533073425293 5.465144634246826 4.340324878692627 3.9096853733062744 3.2241597175598145 2.831700086593628 2.752973794937134 2.443593978881836 2.066326856613159 1.6340997219085693 1.2164497375488281 0.7659260034561157 0.28024616837501526 0.0 0.0 0.0 0.0 0.0
10.92311954498291 10.989468574523926 10.558911323547363 9.865121841430664 8.913840293884277 7.837657451629639 6.8040595054626465 6.008003234863281 5.799639701843262 5.602212905883789 5.810159683227539 6.267063140869141 6.821619510650635 7.749081611633301 8.525598526000977 9.389670372009277 9.919753074645996 10.320069313049316 10.378320693969727 10.413982391357422 10.08831787109375 9.7018461227417 8.743953704833984 7.532359600067139 6.3661651611328125 4.768665790557861 3.0955662727355957 1.937503457069397 1.481137990951538 1.4398633241653442 1.3525282144546509 1.3064740896224976 1.129787564277649 0.9931775331497192 0.695094108581543 0.364938884973526 0.0701950266957283 0.0 0.0 0.0 0.0021302243694663048 0.00571849849075079 0.006855720654129982
9.350008010864258 9.003519058227539 8.322908401489258 7.385271072387695 6.434053897857666 5.533506870269775 4.786022663116455 4.327543258666992 4.285228729248047 4.398684501647949 4.655189037322998 5.088981628417969 5.763869762420654 6.670323848724365 7.23827600479126 8.18235969543457 8.845370292663574 9.392263412475586 9.610260963439941 9.61132526397705 9.453271865844727 8.914549827575684 7.133653163909912 5.585244655609131 4.1034746170043945 2.432676315307617 1.1351816654205322 0.722910463809967 0.3653847575187683 0.18639205396175385 0.056818559765815735 0.05073356628417969 0.06306364387273788 0.0496690534055233 0.0 0.0 0.0 0.0 0.0 0.005565016530454159 0.006808039732277393 0.0069483486004173756 0.006948526483029127
7.634191513061523 7.009596347808838 6.241482257843018 5.503200531005859 4.9968132972717285 4.310993194580078 3.6647496223449707 3.410041093826294 3.4353415966033936 3.5728108882904053 3.976365566253662 4.450239658355713 5.136549472808838 5.793699264526367 6.530013561248779 7.290823936462402 8.15906810760498 8.757302284240723 9.070466041564941 9.110563278198242 8.820150375366211 7.8137593269348145 5.769412994384766 4.053439140319824 2.550431966781616 1.2839323282241821 0.5224362015724182 0.14207947254180908 0.0 0.0 0.0 0.0 0.0 0.0 0.0 0.0 0.0 0.0 0.005997370462864637 0.006902405060827732 0.0069006141275167465 0.00666858721524477 0.006530079524964094
5.717348575592041 5.120584964752197 4.521394729614258 4.160006523132324 3.6386818885803223 3.242966890335083 2.8374171257019043 2.807211399078369 2.7646565437316895 2.9357926845550537 3.323172092437744 3.815380096435547 4.517167091369629 5.3200883865356445 6.0053253173828125 6.726275444030762 7.425018310546875 8.039119720458984 8.360859870910645 8.395288467407227 7.856281280517578 6.645864486694336 4.494633197784424 2.814666986465454 1.5347670316696167 0.7494549751281738 0.1283310055732727 0.0 0.0 0.0 0.0 0.0 0.0 0.0 0.0 0.0 0.0027189375832676888 0.006238296162337065 0.006963804364204407 0.006938092410564423 0.006749566178768873 0.0062384712509810925 0.005685348995029926
3.8813040256500244 3.411482095718384 3.02591872215271 2.904435634613037 2.645968198776245 2.5455732345581055 2.258310317993164 2.178730010986328 2.196441888809204 2.3876352310180664 2.683198928833008 3.26005482673645 3.9173197746276855 4.638479709625244 5.2452850341796875 6.025215148925781 6.678047180175781 7.274693965911865 7.510634422302246 7.32432746887207 6.607030391693115 5.277183532714844 3.023171901702881 1.8613250255584717 0.9519315361976624 0.23440788686275482 0.0 0.0 0.0 0.0 0.0 0.0 0.0 0.0 0.002651927061378956 0.005391365848481655 0.006777104921638966 0.007117888890206814 0.007035448681563139 0.006854949984699488 0.006362881511449814 0.005338442977517843 0.004353993106633425
1.746055245399475 1.6700236797332764 1.6268614530563354 1.6861227750778198 1.6916608810424805 1.671332597732544 1.482501745223999 1.4664385318756104 1.5237019062042236 1.7215752601623535 1.9980154037475586 2.5001230239868164 3.127507209777832 3.7145798206329346 4.349545955657959 5.0425028800964355 5.642927169799805 6.162261486053467 6.1863112449646 5.639362812042236 4.7803192138671875 3.374358654022217 1.9045721292495728 1.0517960786819458 0.25010785460472107 0.0 0.0 0.0 0.0 0.0 0.0 0.0 0.0031321090646088123 0.005631072446703911 0.006734441500157118 0.007132179103791714 0.007242165505886078 0.007218453101813793 0.007120620924979448 0.006804800126701593 0.0062598856166005135 0.004959781654179096 0.0031528789550065994
