2D_landslide/Landslide/figures/5u.txt
ncols   200
nrows   200
xllcorner   0
yllcorner   0
cellsize   12.5
NODATA_value   -9999.00000
[rows 0 to 18 of 200, columns 84 to 125 of 200]
-0.03325650468468666 -0.013584887608885765 0.009624629281461239 0.03134877234697342 0.04807550087571144 0.05781468749046326 0.059947069734334946 0.05427193269133568 0.04018712788820267 0.019571803510189056 -0.0017460850067436695 -0.018568219617009163 -0.028197195380926132 -0.032200511544942856 -0.032756805419921875 -0.0300644151866436 -0.021056558936834335 -0.0003746696747839451 0.035060957074165344 0.08070573210716248 0.12502305209636688 0.15594249963760376 0.1663682758808136 0.15587258338928223 0.1296233832836151 0.09669867157936096 0.06631624698638916 0.04462038353085518 0.034054264426231384 0.033837225288152695 0.04152359068393707 0.05169123411178589 0.05657828971743584 0.04977099969983101 0.02981496788561344 0.001997540472075343 -0.022764110937714577 -0.035150956362485886 -0.03452024236321449 -0.02697313204407692 -0.018815862014889717 -0.012920672073960304
-0.03134412690997124 -0.005938383750617504 0.026312921196222305 0.06009187176823616 0.09057211875915527 0.11481344699859619 0.13134095072746277 0.1378951370716095 0.13299299776554108 0.11635653674602509 0.09330983459949493 0.06926144659519196 0.05045877769589424 0.040296364575624466 0.04002575948834419 0.05216788128018379 0.07935105264186859 0.12247325479984283 0.17776641249656677 0.23641565442085266 0.2879415452480316 0.3241520822048187 0.3412512242794037 0.338920921087265 0.3210570812225342 0.2939046323299408 0.26407888531684875 0.23853321373462677 0.2222587615251541 0.21658767759799957 0.21818041801452637 0.2192383110523224 0.21132715046405792 0.18752729892730713 0.14646270871162415 0.09232795238494873 0.03623676672577858 -0.007624317891895771 -0.031119346618652344 -0.03606715425848961 -0.03083127737045288 -0.023101411759853363
-0.030872389674186707 -0.0024876240640878677 0.03757075220346451 0.08385924994945526 0.12990835309028625 0.17067372798919678 0.20455129444599152 0.22809214890003204 0.23989520967006683 0.24002479016780853 0.23212333023548126 0.21980984508991241 0.20794664323329926 0.2010742574930191 0.2036106139421463 0.2188829630613327 0.24918892979621887 0.29305461049079895 0.34562042355537415 0.39994966983795166 0.449310302734375 0.4878571927547455 0.5129431486129761 0.5247432589530945 0.524569034576416 0.5160772800445557 0.5033227205276489 0.48902642726898193 0.47625815868377686 0.46596330404281616 0.4552728235721588 0.4389512538909912 0.4107438623905182 0.36634162068367004 0.3043254017829895 0.22730711102485657 0.14320141077041626 0.06491651386022568 0.006004021968692541 -0.02655657008290291 -0.03614625334739685 -0.03244556486606598
-0.031198564916849136 -0.0015768278390169144 0.04616016522049904 0.10594873130321503 0.16862298548221588 0.22727875411510468 0.2780732810497284 0.31854894757270813 0.3484712541103363 0.36897534132003784 0.382091760635376 0.3880399167537689 0.3893742859363556 0.39007532596588135 0.3943274915218353 0.40685105323791504 0.4299565255641937 0.464071124792099 0.5067818760871887 0.5540072917938232 0.6010928153991699 0.6442356705665588 0.6799997091293335 0.7078104615211487 0.7268657684326172 0.7382984757423401 0.7428829073905945 0.7411057949066162 0.7335119247436523 0.7188133001327515 0.6959957480430603 0.6617161631584167 0.6135348081588745 0.5500253438949585 0.47147494554519653 0.3797326385974884 0.2787947356700897 0.17630106210708618 0.08409519493579865 0.015039474703371525 -0.023882349953055382 -0.03606487438082695
-0.03156000003218651 -0.0006981203332543373 0.05585494637489319 0.1303446739912033 0.21017464995384216 0.2847384512424469 0.3506963849067688 0.4066142737865448 0.4522635042667389 0.4907977879047394 0.5220444202423096 0.5437007546424866 0.5565431118011475 0.5643302798271179 0.5700555443763733 0.5789424180984497 0.5950904488563538 0.6209419965744019 0.6564840078353882 0.7001219391822815 0.7488422393798828 0.7992533445358276 0.8482561111450195 0.8938048481941223 0.9328704476356506 0.9640902280807495 0.9855419993400574 0.9951120018959045 0.9913075566291809 0.9714298248291016 0.9348723888397217 0.8812451958656311 0.8115972876548767 0.7276599407196045 0.6328880190849304 0.5301642417907715 0.4213305711746216 0.30838707089424133 0.19625401496887207 0.09514841437339783 0.018377888947725296 -0.024594681337475777
-0.031450312584638596 0.002430905122309923 0.06966039538383484 0.15940268337726593 0.2543496787548065 0.342878133058548 0.42099425196647644 0.4890681207180023 0.5496458411216736 0.6033362746238708 0.6483783721923828 0.6813886761665344 0.7031654119491577 0.7170532941818237 0.7252863645553589 0.7328048944473267 0.7447955012321472 0.7656203508377075 0.7977485656738281 0.8414516448974609 0.895331084728241 0.9560689330101013 1.0200923681259155 1.0834225416183472 1.1420224905014038 1.1917799711227417 1.2284345626831055 1.2477638721466064 1.2466963529586792 1.2214020490646362 1.1716253757476807 1.0987826585769653 1.0071113109588623 0.9015422463417053 0.7892873883247375 0.6751747727394104 0.5612732768058777 0.44663554430007935 0.32939568161964417 0.2112886756658554 0.10158771276473999 0.016926797106862068
-0.03034249320626259 0.009230817668139935 0.08817079663276672 0.1916055679321289 0.2991907298564911 0.3978923559188843 0.4852971136569977 0.5642815828323364 0.6377550363540649 0.7028235197067261 0.7556023597717285 0.7953543663024902 0.82540363073349 0.8465360403060913 0.8601454496383667 0.869335412979126 0.8800254464149475 0.8986676931381226 0.9300292730331421 0.9763727188110352 1.0373704433441162 1.1106454133987427 1.1908665895462036 1.2724049091339111 1.3490628004074097 1.4147042036056519 1.4633783102035522 1.4895843267440796 1.4888046979904175 1.45808744430542 1.3968456983566284 1.3077677488327026 1.197064995765686 1.0733134746551514 0.9453648924827576 0.8205978274345398 0.7020002007484436 0.5879812836647034 0.47374624013900757 0.3540336489677429 0.2276095300912857 0.10473452508449554
-0.027237191796302795 0.020501894876360893 0.10968278348445892 0.2223271280527115 0.33733871579170227 0.44302263855934143 0.5383812189102173 0.6274489760398865 0.7116930484771729 0.7847598195075989 0.8441124558448792 0.8922004103660583 0.9316129684448242 0.9607567191123962 0.9791669845581055 0.98957359790802 0.9991191625595093 1.0957157611846924 1.115324854850769 1.1718195676803589 1.1665183305740356 1.2521950006484985 1.3485804796218872 1.4477003812789917 1.5408985614776611 1.619884967803955 1.6774038076400757 1.7076153755187988 1.7061532735824585 1.6703475713729858 1.6001867055892944 1.4993891716003418 1.3756766319274902 1.2395668029785156 1.1018624305725098 0.9709388613700867 0.8502636551856995 0.7374972105026245 0.6266206502914429 0.5108125805854797 0.3831667900085449 0.24096626043319702
-0.02052568830549717 0.035784583538770676 0.13056647777557373 0.24532027542591095 0.3619570732116699 0.4723217487335205 0.5762951374053955 0.676500678062439 0.7711392641067505 0.8539910912513733 0.9902639985084534 1.0437732934951782 1.1129785776138306 1.1588762998580933 1.1722403764724731 1.1446540355682373 1.2037910223007202 1.3784984350204468 1.458829402923584 1.5798288583755493 1.569177508354187 1.62422776222229 1.7466588020324707 1.788347601890564 1.7920148372650146 1.8796662092208862 1.877933144569397 1.8901985883712769 1.8867162466049194 1.8454018831253052 1.767209768295288 1.6575520038604736 1.5257309675216675 1.3835467100143433 1.2429190874099731 1.1135510206222534 0.9989418387413025 0.89476478099823 0.7903115749359131 0.6764535903930664 0.5498355031013489 0.4048177897930145
-0.008319931104779243 0.053828753530979156 0.14611774682998657 0.2545959949493408 0.3679642081260681 0.481767475605011 0.595651388168335 0.7085551619529724 0.8166108727455139 0.9905713200569153 1.0890460014343262 1.1760427951812744 1.248246669769287 1.2723820209503174 1.2761904001235962 1.2669458389282227 1.294839859008789 1.3725624084472656 1.4228098392486572 1.5167288780212402 1.5305505990982056 1.6406065225601196 1.76448392868042 1.9306179285049438 1.9912595748901367 2.1129369735717773 2.072847604751587 2.0318679809570312 2.0147275924682617 1.9655091762542725 1.8780525922775269 1.7603257894515991 1.6222091913223267 1.4761691093444824 1.3354260921478271 1.2120952606201172 1.1122450828552246 1.0307791233062744 0.9506799578666687 0.8484537601470947 0.7192338705062866 0.5718899965286255
0.011017309501767159 0.07309319078922272 0.15452945232391357 0.24933958053588867 0.3556462526321411 0.47264087200164795 0.5970967411994934 0.724780797958374 0.8516471982002258 1.037811279296875 1.1787806749343872 1.284390926361084 1.394254207611084 1.4111088514328003 1.3626633882522583 1.3571666479110718 1.367592215538025 1.3851113319396973 1.4682433605194092 1.5491468906402588 1.572365164756775 1.6406577825546265 1.7680765390396118 1.9451433420181274 2.082555055618286 2.2266414165496826 2.2882001399993896 2.266934633255005 2.1305480003356934 2.036341667175293 1.9374781847000122 1.808843970298767 1.6586167812347412 1.4996287822723389 1.3519706726074219 1.2332403659820557 1.1517918109893799 1.101860761642456 1.0657023191452026 1.0057982206344604 0.8875987529754639 0.7329738140106201
0.03800874203443527 0.09245681762695312 0.15654437243938446 0.23391953110694885 0.33147573471069336 0.45065978169441223 0.5856781601905823 0.7295147776603699 0.9456923007965088 1.1088858842849731 1.2540329694747925 1.3906421661376953 1.5767191648483276 1.5723234415054321 1.4462441205978394 1.3772820234298706 1.3798742294311523 1.3749685287475586 1.4330151081085205 1.4596084356307983 1.497087836265564 1.579063892364502 1.7172253131866455 1.933000087738037 2.1171951293945312 2.2812318801879883 2.3566510677337646 2.3717191219329834 2.262650728225708 2.135291576385498 1.9597615003585815 1.8082966804504395 1.626378059387207 1.4393856525421143 1.2803783416748047 1.168263554573059 1.1089520454406738 1.0944770574569702 1.106726050376892 1.1104114055633545 1.0395609140396118 0.8849412798881531
0.07321085035800934 0.11426597833633423 0.1588350385427475 0.21869127452373505 0.3083902597427368 0.42834600806236267 0.5735501050949097 0.737518846988678 0.9899452328681946 1.173293113708496 1.3937733173370361 1.582773208618164 1.819222331047058 1.9301470518112183 1.6216479539871216 1.419861912727356 1.4591423273086548 1.4356279373168945 1.4628840684890747 1.4225623607635498 1.471882939338684 1.5402250289916992 1.7893016338348389 2.0956900119781494 2.4538991451263428 2.7214503288269043 2.679641008377075 2.674271821975708 2.3752357959747314 2.1616525650024414 1.9550882577896118 1.7644330263137817 1.5365341901779175 1.3205413818359375 1.1561142206192017 1.0583616495132446 1.0239917039871216 1.0418773889541626 1.0925546884536743 1.1501226425170898 1.1503677368164062 1.0206263065338135
0.11847691237926483 0.14384782314300537 0.1715030074119568 0.21934068202972412 0.299557089805603 0.41287344694137573 0.5645319223403931 0.7515462040901184 1.02982759475708 1.2464557886123657 1.555647850036621 1.7470208406448364 1.8765977621078491 1.8717882633209229 1.683752179145813 1.4581748247146606 1.438244342803955 1.371025562286377 1.3627903461456299 1.3106021881103516 1.3027857542037964 1.4228441715240479 1.7893081903457642 2.1408848762512207 2.459150791168213 2.745258331298828 2.8528473377227783 2.71415376663208 2.3377768993377686 2.155933380126953 1.9353333711624146 1.6942280530929565 1.4195665121078491 1.1835858821868896 1.0224146842956543 0.9428615570068359 0.9350959658622742 0.9824425578117371 1.062554955482483 1.153459906578064 1.2114721536636353 1.1278795003890991
0.17925457656383514 0.19372591376304626 0.21173502504825592 0.24805712699890137 0.3050363063812256 0.3970063328742981 0.5485849380493164 0.7614099979400635 1.0539634227752686 1.2816952466964722 1.561295509338379 1.7892324924468994 1.8150885105133057 1.7892485857009888 1.8002924919128418 1.5952776670455933 1.387617588043213 1.309546709060669 1.1299256086349487 1.076630711555481 1.1373058557510376 1.3387537002563477 1.6804698705673218 1.9799412488937378 2.328094244003296 2.6828057765960693 2.7912867069244385 2.6652936935424805 2.3203065395355225 2.1558728218078613 1.9464300870895386 1.6186941862106323 1.304731011390686 1.0558679103851318 0.9005389213562012 0.8404094576835632 0.8609155416488647 0.9366903305053711 1.0415230989456177 1.1698894500732422 1.254085898399353 1.263779640197754
0.26185840368270874 0.2745993137359619 0.2864413559436798 0.29934680461883545 0.31951481103897095 0.3859749436378479 0.5367180705070496 0.7718095183372498 1.0730379819869995 1.3593581914901733 1.667439341545105 1.8309235572814941 1.870560646057129 1.80923593044281 1.755709171295166 1.6124690771102905 1.3954098224639893 1.1933506727218628 0.9932748675346375 0.9613396525382996 1.0816144943237305 1.2691395282745361 1.5636247396469116 1.8076462745666504 2.194030523300171 2.563108444213867 2.7006380558013916 2.5510048866271973 2.3079583644866943 2.1620986461639404 1.9220068454742432 1.5757213830947876 1.2098389863967896 0.9529635310173035 0.8049800992012024 0.7638357281684875 0.8094131946563721 0.9102068543434143 1.061968207359314 1.1702090501785278 1.2672507762908936 1.2864892482757568
0.37179648876190186 0.39138439297676086 0.39397484064102173 0.37701746821403503 0.3669929802417755 0.41603031754493713 0.5652424693107605 0.8126048445701599 1.1241074800491333 1.4284541606903076 1.7125954627990723 1.8954981565475464 1.978217363357544 1.9191675186157227 1.8423492908477783 1.7116446495056152 1.420959234237671 1.1755155324935913 0.9829090237617493 0.9349372386932373 1.0473127365112305 1.2391256093978882 1.5434026718139648 1.8407690525054932 2.23551607131958 2.6498289108276367 2.8367717266082764 2.4592697620391846 2.3154125213623047 2.1715877056121826 1.9190704822540283 1.5347670316696167 1.1705384254455566 0.9165998101234436 0.7556410431861877 0.7575991749763489 0.8252901434898376 0.9373877048492432 1.072064757347107 1.206993579864502 1.3170524835586548 1.2946882247924805
0.505437433719635 0.5344580411911011 0.529069721698761 0.49254336953163147 0.4667278826236725 0.5070890188217163 0.6524373292922974 0.9018691778182983 1.2100516557693481 1.5079724788665771 1.763388752937317 1.9228233098983765 2.032058000564575 1.9844424724578857 1.8773181438446045 1.6629445552825928 1.4081140756607056 1.1846939325332642 1.03818941116333 0.9957001805305481 1.0624253749847412 1.2469125986099243 1.5135985612869263 1.7941789627075195 2.0836691856384277 2.4821252822875977 2.4723334312438965 2.3964831829071045 2.2994000911712646 2.162431240081787 1.9284332990646362 1.5394113063812256 1.1705421209335327 0.8895096182823181 0.7640944719314575 0.7788136005401611 0.8556121587753296 0.9828618168830872 1.122196912765503 1.2595362663269043 1.3333545923233032 1.2932676076889038
0.6557334661483765 0.6957927942276001 0.6907294988632202 0.6493487358093262 0.6200952529907227 0.6575019955635071 0.7969982624053955 1.0407812595367432 1.3308746814727783 1.605513572692871 1.834671974182129 1.9875205755233765 2.0703608989715576 2.0421879291534424 1.9354161024093628 1.736803412437439 1.5015125274658203 1.2922769784927368 1.1321104764938354 1.08047354221344 1.1536877155303955 1.309317708015442 1.5346919298171997 1.7961066961288452 2.037182569503784 2.2096025943756104 2.333085298538208 2.3849799633026123 2.3649702072143555 2.2503433227539062 1.9896150827407837 1.5961940288543701 1.208707332611084 0.9473281502723694 0.8414756059646606 0.8535357713699341 0.9468762874603271 1.0771950483322144 1.2121081352233887 1.323781132698059 1.3585686683654785 1.295403003692627
