2D_landslide/Landslide/figures/5u.txt
ncols   200
nrows   200
xllcorner   0
yllcorner   0
cellsize   12.5
NODATA_value   -9999.00000
[rows 0 to 18 of 200, columns 0 to 41 of 200]
0.005271218717098236 0.005457769148051739 0.005575434770435095 0.005589778535068035 0.005590230692178011 0.005590270739048719 0.005590278189629316 0.005590278655290604 0.005590278655290604 0.005590278655290604 0.005590278655290604 0.005590278655290604 0.005590279120951891 0.005590279120951891 0.005590279586613178 0.0055902800522744656 0.005590279586613178 0.005590278189629316 0.005590277258306742 0.00559027586132288 0.005590274930000305 0.0055902739986777306 0.005590273533016443 0.005590272601693869 0.005590270273387432 0.005590266082435846 0.005590259097516537 0.0055902497842907906 0.005590243265032768 0.005590246524661779 0.005590259097516537 0.005590271670371294 0.005590277258306742 0.005590278655290604 0.005590278655290604 0.005590278655290604 0.005590278655290604 0.005590278655290604 0.00559028098359704 0.0055903238244354725 0.0055907838977873325 0.005593360401690006
0.0053956820629537106 0.005501598119735718 0.005579498130828142 0.005589764565229416 0.005590202286839485 0.00559026887640357 0.005590278189629316 0.005590278655290604 0.005590278655290604 0.005590278655290604 0.005590278655290604 0.005590278655290604 0.005590278655290604 0.005590279120951891 0.005590279120951891 0.005590279120951891 0.005590278655290604 0.005590278655290604 0.005590278655290604 0.005590278189629316 0.005590277723968029 0.005590276792645454 0.0055902753956615925 0.005590272136032581 0.005590265616774559 0.005590252112597227 0.005590230692178011 0.005590206477791071 0.005590197164565325 0.0055902148596942425 0.005590246524661779 0.0055902693420648575 0.005590277723968029 0.005590279586613178 0.005590279120951891 0.005590278655290604 0.005590278655290604 0.005590278655290604 0.005590283311903477 0.005590368527919054 0.005591230466961861 0.005595638416707516
0.005483283661305904 0.005530297756195068 0.00558119360357523 0.0055898032151162624 0.005590222775936127 0.005590272601693869 0.005590278189629316 0.005590278655290604 0.005590278655290604 0.005590278655290604 0.005590278655290604 0.005590278655290604 0.005590278655290604 0.005590278655290604 0.005590278655290604 0.005590278655290604 0.005590278655290604 0.005590278655290604 0.005590278655290604 0.005590278655290604 0.005590278655290604 0.005590278189629316 0.005590277258306742 0.005590274930000305 0.005590267479419708 0.005590248852968216 0.005590216256678104 0.005590181332081556 0.005590174347162247 0.005590205080807209 0.005590247455984354 0.005590272601693869 0.005590280517935753 0.00559028098359704 0.0055902800522744656 0.005590279120951891 0.005590278655290604 0.005590278655290604 0.005590284243226051 0.005590382963418961 0.005591283086687326 0.005595475900918245
0.005539427511394024 0.005551800597459078 0.005582142621278763 0.005589808337390423 0.0055902558378875256 0.005590276792645454 0.005590278655290604 0.005590278655290604 0.005590278655290604 0.005590278655290604 0.005590278655290604 0.005590278655290604 0.005590278655290604 0.005590278655290604 0.005590278655290604 0.005590278655290604 0.005590278655290604 0.005590278655290604 0.005590278655290604 0.005590278655290604 0.005590278655290604 0.005590278655290604 0.005590278189629316 0.005590277258306742 0.005590272601693869 0.005590259563177824 0.005590233486145735 0.005590205080807209 0.005590201821178198 0.005590228829532862 0.005590260028839111 0.005590277723968029 0.005590282380580902 0.005590281914919615 0.0055902800522744656 0.005590279120951891 0.005590278655290604 0.005590278189629316 0.005590282380580902 0.005590354558080435 0.005590935703366995 0.005593356676399708
0.005570751614868641 0.005569112487137318 0.005583453457802534 0.005589652340859175 0.005590255372226238 0.005590277723968029 0.005590278655290604 0.005590278655290604 0.005590278655290604 0.005590278655290604 0.005590278655290604 0.005590278655290604 0.005590278655290604 0.005590278655290604 0.005590278655290604 0.005590278655290604 0.005590278655290604 0.005590278655290604 0.005590278655290604 0.005590278655290604 0.005590278655290604 0.005590278655290604 0.005590278655290604 0.005590278189629316 0.005590276792645454 0.005590270739048719 0.005590257700532675 0.0055902437306940556 0.005590242333710194 0.005590255372226238 0.005590270273387432 0.005590278189629316 0.005590280517935753 0.0055902800522744656 0.005590279120951891 0.005590278189629316 0.005590276792645454 0.005590273533016443 0.005590265616774559 0.005590276792645454 0.005590487737208605 0.005591366905719042
0.005584674887359142 0.005581367295235395 0.00558572169393301 0.005589516367763281 0.005590221844613552 0.0055902753956615925 0.005590278189629316 0.005590278655290604 0.005590278655290604 0.005590278655290604 0.005590278655290604 0.005590278655290604 0.005590278655290604 0.005590278655290604 0.005590278655290604 0.005590278655290604 0.005590278655290604 0.005590278655290604 0.005590278655290604 0.005590278655290604 0.005590278655290604 0.005590278655290604 0.005590278655290604 0.005590278655290604 0.005590278189629316 0.005590276326984167 0.005590271670371294 0.005590265616774559 0.005590264685451984 0.00559026887640357 0.0055902739986777306 0.005590277258306742 0.005590278189629316 0.005590277723968029 0.005590276792645454 0.005590274464339018 0.005590265151113272 0.005590229760855436 0.0055901119485497475 0.005589828826487064 0.005589433945715427 0.005589284934103489
0.005589153151959181 0.005587674677371979 0.00558815523982048 0.005589623935520649 0.005590173881500959 0.005590265151113272 0.005590276326984167 0.005590278189629316 0.005590278655290604 0.005590278655290604 0.005590278655290604 0.005590278655290604 0.005590278189629316 0.005590278189629316 0.005590278655290604 0.005590279120951891 0.005590279120951891 0.005590279120951891 0.005590278655290604 0.005590278655290604 0.005590278655290604 0.005590278655290604 0.005590278655290604 0.005590279120951891 0.005590279120951891 0.005590278655290604 0.005590276792645454 0.005590273533016443 0.005590272136032581 0.005590273067355156 0.005590274930000305 0.00559027586132288 0.005590276326984167 0.0055902753956615925 0.005590271204710007 0.005590255372226238 0.005590186454355717 0.005589905194938183 0.005588994361460209 0.00558699294924736 0.005584429018199444 0.005583088379353285
0.005590125452727079 0.005589781794697046 0.005589641630649567 0.005589923821389675 0.005590161774307489 0.005590245593339205 0.005590268410742283 0.005590274464339018 0.005590276326984167 0.005590277258306742 0.005590277258306742 0.005590277723968029 0.005590277723968029 0.005590278189629316 0.005590279586613178 0.00559028098359704 0.0055902814492583275 0.0055902800522744656 0.005590279586613178 0.005590279120951891 0.005590279120951891 0.005590279120951891 0.005590279120951891 0.005590279586613178 0.0055902800522744656 0.0055902800522744656 0.005590278189629316 0.0055902753956615925 0.005590273533016443 0.005590273533016443 0.0055902739986777306 0.0055902739986777306 0.005590272601693869 0.005590267013758421 0.005590244196355343 0.005590143613517284 0.005589695647358894 0.0055879754945635796 0.005583152640610933 0.0055745188146829605 0.005566123872995377 0.005564116407185793
0.005590264219790697 0.005590217653661966 0.0055901589803397655 0.005590161774307489 0.005590204149484634 0.005590236745774746 0.005590253975242376 0.005590262822806835 0.005590267479419708 0.005590270739048719 0.005590273067355156 0.005590274930000305 0.005590276326984167 0.005590279120951891 0.005590285174548626 0.005590290296822786 0.005590289365500212 0.005590285174548626 0.005590281914919615 0.005590280517935753 0.0055902800522744656 0.0055902800522744656 0.005590280517935753 0.00559028098359704 0.0055902814492583275 0.005590280517935753 0.005590276792645454 0.005590272136032581 0.0055902693420648575 0.00559026887640357 0.005590268410742283 0.005590265616774559 0.0055902558378875256 0.0055902195163071156 0.005590072833001614 0.005589442327618599 0.00558693939819932 0.005579047836363316 0.005561720579862595 0.005538215395063162 0.005522420629858971 0.005524654872715473
0.005590277723968029 0.005590273533016443 0.005590264219790697 0.005590254906564951 0.005590250715613365 0.005590250249952078 0.005590250249952078 0.005590250715613365 0.005590253043919802 0.005590258166193962 0.005590265151113272 0.005590271670371294 0.005590277258306742 0.005590288434177637 0.005590310785919428 0.005590327084064484 0.005590319633483887 0.005590301938354969 0.005590289831161499 0.005590284708887339 0.005590282846242189 0.005590282380580902 0.005590282846242189 0.005590283311903477 0.005590281914919615 0.0055902753956615925 0.0055902632884681225 0.00559025164693594 0.005590245593339205 0.005590242333710194 0.005590234417468309 0.005590210203081369 0.005590131971985102 0.005589859560132027 0.0055888439528644085 0.005585176404565573 0.005573896691203117 0.005547713954001665 0.005506470799446106 0.005467837676405907 0.005455208010971546 0.005472103133797646
0.005590278655290604 0.005590278189629316 0.005590277258306742 0.0055902753956615925 0.005590272136032581 0.005590267479419708 0.005590260960161686 0.005590253975242376 0.0055902497842907906 0.005590252112597227 0.005590260960161686 0.005590271670371294 0.005590290296822786 0.005590337794274092 0.005590412300080061 0.005590452812612057 0.005590415559709072 0.005590352229773998 0.005590312648564577 0.005590295419096947 0.005590289365500212 0.005590287037193775 0.005590285174548626 0.005590277723968029 0.005590252578258514 0.005590200889855623 0.005590134300291538 0.005590083077549934 0.005590054672211409 0.005590022541582584 0.005589937791228294 0.005589697975665331 0.005588999018073082 0.005586858838796616 0.005580396391451359 0.005562994163483381 0.005525423679500818 0.005466455593705177 0.00540636433288455 0.005377323366701603 0.005391679238528013 0.005431911442428827
0.005590278655290604 0.005590278655290604 0.005590278655290604 0.005590278189629316 0.005590277723968029 0.00559027586132288 0.005590272136032581 0.005590266082435846 0.005590260960161686 0.005590260028839111 0.005590266548097134 0.005590289831161499 0.005590369924902916 0.005590543616563082 0.005590749904513359 0.005590821150690317 0.005590679123997688 0.005590483080595732 0.005590366665273905 0.005590318236500025 0.005590299144387245 0.005590282846242189 0.005590238142758608 0.0055900923907756805 0.005589737091213465 0.005589161533862352 0.005588575266301632 0.005588205996900797 0.0055880011059343815 0.005587675608694553 0.005586803425103426 0.005584558006376028 0.005578907206654549 0.005565039813518524 0.005533959250897169 0.0054759010672569275 0.005393812898546457 0.005316161084920168 0.0052826013416051865 0.005307305138558149 0.005366785917431116 0.005427099764347076
0.005590278655290604 0.005590278655290604 0.005590278655290604 0.005590278655290604 0.005590278655290604 0.005590278189629316 0.005590276792645454 0.005590274464339018 0.005590272136032581 0.005590271204710007 0.0055902861058712006 0.00559038994833827 0.005590713117271662 0.005591211374849081 0.005591629073023796 0.005591671913862228 0.005591261200606823 0.005590762011706829 0.005590472836047411 0.005590351298451424 0.005590276326984167 0.005590097047388554 0.005589403212070465 0.0055871871300041676 0.0055822934955358505 0.005575424991548061 0.005569630768150091 0.00556686706840992 0.005565865430980921 0.005563810933381319 0.005557616241276264 0.005542904604226351 0.005511973984539509 0.005453508347272873 0.005359736271202564 0.005243932828307152 0.0051507591269910336 0.0051305172964930534 0.0051926178857684135 0.005296810995787382 0.005393199622631073 0.005457918159663677
0.005590278655290604 0.005590278655290604 0.005590278655290604 0.005590278655290604 0.005590278655290604 0.005590278655290604 0.005590278189629316 0.005590277723968029 0.005590276792645454 0.005590280517935753 0.005590346176177263 0.005590743850916624 0.005591684952378273 0.005592703353613615 0.0055932397954165936 0.005593061447143555 0.005592184141278267 0.005591202061623335 0.005590622778981924 0.005590331275016069 0.00558988843113184 0.005587976425886154 0.0055798375979065895 0.005554571747779846 0.005503705237060785 0.005441492889076471 0.005398638546466827 0.0053874352015554905 0.005393556319177151 0.00539611978456378 0.005379738286137581 0.005332577973604202 0.005243935622274876 0.005112110171467066 0.004963793326169252 0.004863017704337835 0.004875645041465759 0.005006974097341299 0.005190744996070862 0.005350296851247549 0.0054525937885046005 0.005504801869392395
0.005590278655290604 0.005590278655290604 0.005590278655290604 0.005590278655290604 0.005590278655290604 0.005590278655290604 0.005590278655290604 0.005590278655290604 0.005590278655290604 0.005590291228145361 0.005590477958321571 0.0055914269760251045 0.0055932472459971905 0.005594656802713871 0.0055949492380023 0.005594334565103054 0.005593015346676111 0.005591612309217453 0.005590708926320076 0.005589929409325123 0.005587136838585138 0.005572268273681402 0.005508603062480688 0.005325425416231155 0.005000801756978035 0.004664550069719553 0.004490981809794903 0.004513313993811607 0.004634450189769268 0.004748524632304907 0.004800190683454275 0.004774804692715406 0.004681880585849285 0.004559826105833054 0.004484719596803188 0.004540992900729179 0.004749410320073366 0.005032054148614407 0.005278491415083408 0.005435185972601175 0.005513965152204037 0.0055465190671384335
0.005590278655290604 0.005590278655290604 0.005590278655290604 0.005590278655290604 0.005590278655290604 0.005590278655290604 0.005590278655290604 0.005590278655290604 0.005590279120951891 0.00559030007570982 0.0055905855260789394 0.005591914057731628 0.005594164598733187 0.00559546984732151 0.005595278460532427 0.005594337824732065 0.00559299997985363 0.005591620225459337 0.005590490531176329 0.005588148254901171 0.005574618931859732 0.00549794128164649 0.005187626928091049 0.004402058199048042 0.0032296793069690466 0.0022564807441085577 0.00197938596829772 0.002350007649511099 0.002985006431117654 0.003554852679371834 0.0039296927861869335 0.004117985721677542 0.004183626268059015 0.004216213710606098 0.004316761624068022 0.0045485603623092175 0.004876966122537851 0.005190073512494564 0.005402380600571632 0.005511173512786627 0.005556857213377953 0.005573023576289415
0.005590278655290604 0.005590278655290604 0.005590278655290604 0.005590278655290604 0.005590278655290604 0.005590278655290604 0.005590278655290604 0.005590278655290604 0.005590279120951891 0.005590296350419521 0.005590524058789015 0.005591568071395159 0.0055932700634002686 0.005594086833298206 0.005593699868768454 0.005592906381934881 0.005592034198343754 0.005591101944446564 0.0055897715501487255 0.0055833784863352776 0.005537457298487425 0.00527707627043128 0.004325462505221367 0.002291130367666483 -0.00015938980504870415 -0.0016337651759386063 -0.0014694062992930412 -0.00013120518997311592 0.0014863330870866776 0.0027766437269747257 0.0035953486803919077 0.004048323258757591 0.004288360010832548 0.004448638763278723 0.0046320706605911255 0.004882302600890398 0.005157775711268187 0.0053771743550896645 0.005503264255821705 0.005558415316045284 0.005578795447945595 0.005585503298789263
0.005590278655290604 0.005590278655290604 0.005590278655290604 0.005590278655290604 0.005590278655290604 0.005590278655290604 0.005590278655290604 0.005590278655290604 0.005590278655290604 0.005590285640209913 0.005590376909822226 0.005590811837464571 0.005591545253992081 0.005591886583715677 0.0055916751734912395 0.0055913119576871395 0.005590957589447498 0.005590439774096012 0.005588701460510492 0.005575130227953196 0.005465649534016848 0.0048620617017149925 0.002919157035648823 -0.0005064867436885834 -0.0036965208128094673 -0.0047249561175704 -0.0033457493409514427 -0.0007506906986236572 0.001683821901679039 0.003317637834697962 0.004215493332594633 0.004661403596401215 0.004880554508417845 0.005009055137634277 0.005126748699694872 0.005265096668154001 0.005404356867074966 0.005506173241883516 0.005559190176427364 0.005580066703259945 0.005587248597294092 0.005589755717664957
0.005590278655290604 0.005590278655290604 0.005590278655290604 0.005590278655290604 0.005590278655290604 0.005590278655290604 0.005590278655290604 0.005590278655290604 0.005590278655290604 0.0055902800522744656 0.005590297281742096 0.005590386688709259 0.005590551067143679 0.0055906386114656925 0.005590593907982111 0.005590509157627821 0.005590408109128475 0.0055900500155985355 0.005587792489677668 0.005566174630075693 0.005376949440687895 0.00437131617218256 0.001535393763333559 -0.00254716444760561 -0.005263766273856163 -0.004911091178655624 -0.002155750058591366 0.0010676737874746323 0.0033574311528354883 0.0045500765554606915 0.005070284008979797 0.0052830521017313 0.005371402017772198 0.005414178129285574 0.005448471754789352 0.0054897465743124485 0.005533227231353521 0.005565294995903969 0.005581534001976252 0.0055876378901302814 0.005589742213487625 0.005590678658336401
