2D_landslide/Landslide/figures/5u.txt
ncols   200
nrows   200
xllcorner   0
yllcorner   0
cellsize   12.5
NODATA_value   -9999.00000
[rows 57 to 75 of 200, columns 42 to 83 of 200]
0.0004334431141614914 0.0012362664565443993 0.0032004364766180515 0.004660146776586771 0.005292375106364489 0.005495919380337 0.005554649978876114 0.005572398193180561 0.005578319542109966 0.005580850411206484 0.005583121441304684 0.00558537058532238 0.005580369848757982 0.0055361557751894 0.005289466120302677 0.004257766529917717 0.0014604311436414719 -0.0038298852741718292 -0.011377638205885887 -0.020128080621361732 -0.028506245464086533 -0.03455178812146187 -0.03598090633749962 -0.03009849041700363 -0.013393448665738106 0.019991017878055573 0.07909174263477325 0.16843290627002716 0.2872987389564514 0.4204188585281372 0.5492178797721863 0.6203749775886536 0.6389715671539307 0.6631355881690979 0.6961967349052429 0.7183157205581665 0.7357534170150757 0.7622311115264893 0.7989570498466492 0.8463932871818542 0.8921296000480652 0.9622798562049866
-0.007536999881267548 -0.0030104489997029305 0.0019667393062263727 0.004527635406702757 0.005328708793967962 0.005520939826965332 0.005565651226788759 0.005577355157583952 0.005580384284257889 0.005581084638834 0.005582118406891823 0.005583778489381075 0.0055747260339558125 0.005511486902832985 0.005254025105386972 0.004290138371288776 0.0014880518428981304 -0.0043044257909059525 -0.013080554082989693 -0.022797608748078346 -0.030848663300275803 -0.035382091999053955 -0.03596137464046478 -0.03264332935214043 -0.024521969258785248 -0.006918631494045258 0.03149479627609253 0.10587592422962189 0.22573193907737732 0.3808322846889496 0.5375294089317322 0.6335853338241577 0.6669379472732544 0.7030986547470093 0.74495530128479 0.7659367918968201 0.7754760384559631 0.7926713824272156 0.8215730786323547 0.8644963502883911 0.9135714769363403 0.9947779774665833
-0.014815684407949448 -0.005354350432753563 0.0018875966779887676 0.004721043165773153 0.005411811638623476 0.005548156797885895 0.005575522780418396 0.005581955891102552 0.005583259277045727 0.0055829607881605625 0.005583209451287985 0.005584367085248232 0.005573707167059183 0.0054954285733401775 0.005239757243543863 0.00447243032976985 0.002026281086727977 -0.003888179548084736 -0.013770781457424164 -0.02468973957002163 -0.03264985233545303 -0.0359496995806694 -0.03584466874599457 -0.03411560133099556 -0.03106790781021118 -0.023818371817469597 -0.003202298656105995 0.04943522438406944 0.15886180102825165 0.3250097930431366 0.5104809403419495 0.644524335861206 0.7049747705459595 0.7461211681365967 0.7923227548599243 0.8176687955856323 0.8290889859199524 0.8422357439994812 0.8672494292259216 0.9072438478469849 0.9674539566040039 1.0653202533721924
-0.015222473070025444 -0.0037597930058836937 0.002942165592685342 0.005053215194493532 0.005489763338118792 0.0055664279498159885 0.005581546109169722 0.005585078150033951 0.005585561040788889 0.005585176404565573 0.005585250444710255 0.005586293060332537 0.0055792550556361675 0.005511672236025333 0.005277538672089577 0.0047043864615261555 0.002813944825902581 -0.0026991674676537514 -0.013242699205875397 -0.025406232103705406 -0.0336245596408844 -0.036163680255413055 -0.03571515157818794 -0.03495430946350098 -0.03428567573428154 -0.03224758431315422 -0.023445136845111847 0.007896880619227886 0.09450338780879974 0.25775033235549927 0.4639923572540283 0.6411665678024292 0.7458863258361816 0.7985773682594299 0.845285177230835 0.8796605467796326 0.8982369303703308 0.9113537669181824 0.9340668320655823 0.9748706817626953 1.0421043634414673 1.1749281883239746
-0.00884009338915348 0.00017036683857440948 0.004243836738169193 0.00533133652061224 0.005539260804653168 0.005577146541327238 0.00558486906811595 0.0055868313647806644 0.005587083287537098 0.005586894694715738 0.005587089341133833 0.0055879889987409115 0.0055860192514956 0.00555397616699338 0.005409606266766787 0.005025420803576708 0.0036662083584815264 -0.0010563354007899761 -0.01142914965748787 -0.024594804272055626 -0.033641181886196136 -0.036185599863529205 -0.03575453534722328 -0.035529542714357376 -0.03573185205459595 -0.035574864596128464 -0.03291106969118118 -0.017844095826148987 0.04072052612900734 0.18269586563110352 0.3963446021080017 0.607740581035614 0.7646260261535645 0.8553613424301147 0.9076997637748718 0.9483431577682495 0.9796295762062073 1.001760721206665 1.031049132347107 1.0802465677261353 1.1760025024414062 1.3987064361572266
-0.0013782372698187828 0.003319880459457636 0.0050539723597466946 0.005480703432112932 0.005565569270402193 0.005582526326179504 0.005586643703281879 0.005587772931903601 0.0055879950523376465 0.005588012747466564 0.005588338244706392 0.0055889952927827835 0.00558891799300909 0.005580913741141558 0.005528170149773359 0.005315170623362064 0.0043724277056753635 0.0006621628999710083 -0.00880445633083582 -0.022352155297994614 -0.032693106681108475 -0.03609722852706909 -0.03595423325896263 -0.03588315099477768 -0.03614906221628189 -0.03619981184601784 -0.03575977310538292 -0.029831182211637497 0.0040532746352255344 0.11350268125534058 0.3193313479423523 0.548679530620575 0.7446108460426331 0.891146719455719 0.9763936400413513 1.0241684913635254 1.068945288658142 1.117007851600647 1.1999845504760742 1.3180594444274902 1.4947017431259155 1.8469432592391968
0.003253619186580181 0.004896578844636679 0.005420471075922251 0.005549722351133823 0.005578565411269665 0.005585674662142992 0.005587759427726269 0.005588445346802473 0.00558866560459137 0.005588815547525883 0.005589139647781849 0.005589560139924288 0.005589647218585014 0.005587731953710318 0.005571465007960796 0.0054650926031172276 0.004859244450926781 0.002152182860299945 -0.005598152056336403 -0.018486058339476585 -0.030221037566661835 -0.03548770397901535 -0.03619024530053139 -0.03613157942891121 -0.03619673103094101 -0.03604723513126373 -0.036182940006256104 -0.03479495644569397 -0.017843786627054214 0.05826500058174133 0.23920583724975586 0.47243210673332214 0.6924250721931458 0.8851746916770935 1.0292354822158813 1.1037592887878418 1.1573704481124878 1.2398805618286133 1.4005604982376099 1.5945262908935547 1.8368351459503174 2.1577415466308594
0.004725257400423288 0.005316432565450668 0.0055185481905937195 0.005572082009166479 0.00558425160124898 0.005587524734437466 0.00558860506862402 0.005589011125266552 0.005589221604168415 0.005589411128312349 0.005589642561972141 0.005589871667325497 0.0055898502469062805 0.00558866374194622 0.00557939475402236 0.005513662938028574 0.0051057711243629456 0.003216085024178028 -0.0027334047481417656 -0.014012839645147324 -0.026422865688800812 -0.03390267491340637 -0.03605698049068451 -0.03620230406522751 -0.03617672622203827 -0.03597816824913025 -0.03606231510639191 -0.03591204807162285 -0.027073781937360764 0.022580411285161972 0.1694031059741974 0.396857351064682 0.6298121213912964 0.8487675786018372 1.0476348400115967 1.1776336431503296 1.2437834739685059 1.3422402143478394 1.5854071378707886 1.8478690385818481 2.078484535217285 2.278215169906616
0.004075666889548302 0.004926646593958139 0.005400844383984804 0.005554684437811375 0.005583840422332287 0.00558838527649641 0.005589245352894068 0.0055895415134727955 0.005589707754552364 0.005589841865003109 0.005589962471276522 0.005590035114437342 0.005589890293776989 0.0055885822512209415 0.005579912103712559 0.005524730775505304 0.005215784534811974 0.0038368389941751957 -0.0005464120768010616 -0.00974478293210268 -0.021803101524710655 -0.031246129423379898 -0.03540463373064995 -0.0361766554415226 -0.036202359944581985 -0.03618394955992699 -0.0361974723637104 -0.035830773413181305 -0.029552053660154343 0.005543081555515528 0.12261846661567688 0.32988837361335754 0.5673589706420898 0.804299533367157 1.0395911931991577 1.2290364503860474 1.326596975326538 1.41973078250885 1.7187141180038452 1.9926520586013794 2.183670997619629 2.1838552951812744
0.0011864826083183289 0.0031523695215582848 0.004752013366669416 0.005423686467111111 0.005568254739046097 0.005587507039308548 0.0055895461700856686 0.005589902400970459 0.0055900271981954575 0.005590091925114393 0.005590125918388367 0.005590089596807957 0.005589742213487625 0.00558764161542058 0.0055756946094334126 0.005513110663741827 0.005221215542405844 0.0041015418246388435 0.0007368219085037708 -0.00660963449627161 -0.017619188874959946 -0.028300825506448746 -0.03452874720096588 -0.0361807681620121 -0.035977624356746674 -0.03573665767908096 -0.03537364304065704 -0.033908501267433167 -0.026621326804161072 0.004121037200093269 0.10109834372997284 0.2855619490146637 0.5178442597389221 0.761459469795227 1.0166767835617065 1.2506083250045776 1.3956642150878906 1.4805519580841064 1.755563735961914 2.047154188156128 2.1486387252807617 2.1785812377929688
-0.0036554401740431786 -0.000422794371843338 0.0031526400707662106 0.00504468847066164 0.005519029684364796 0.005583515856415033 0.0055894809775054455 0.005590090993791819 0.005590188782662153 0.005590206477791071 0.0055901831947267056 0.005590036511421204 0.005589255131781101 0.005585046485066414 0.005564331542700529 0.005474104080349207 0.0051412987522780895 0.004099030513316393 0.0013525779359042645 -0.004529920406639576 -0.014229374006390572 -0.025456631556153297 -0.03366775065660477 -0.036203015595674515 -0.03474294766783714 -0.03238723799586296 -0.029808923602104187 -0.025932148098945618 -0.015529638156294823 0.015773503109812737 0.10013146698474884 0.2631640136241913 0.48111212253570557 0.7215222716331482 0.9834282398223877 1.2393301725387573 1.4361299276351929 1.5238302946090698 1.6848496198654175 1.9101940393447876 1.9750967025756836 1.9471651315689087
-0.008772662840783596 -0.004890431649982929 0.000695966649800539 0.004368665628135204 0.005424913950264454 0.005575645714998245 0.00558893708512187 0.0055900802835822105 0.0055902088060975075 0.005590216256678104 0.005590153392404318 0.005589819513261318 0.005587966646999121 0.005578067619353533 0.005533608142286539 0.005377365276217461 0.0049256752245128155 0.003809738904237747 0.0013251877389848232 -0.0036604832857847214 -0.012237276881933212 -0.023513533174991608 -0.033224426209926605 -0.03611098602414131 -0.03138679638504982 -0.022965138778090477 -0.013724463060498238 -0.004450046457350254 0.010381406173110008 0.0437382273375988 0.12159357964992523 0.2641371190547943 0.46119454503059387 0.6888181567192078 0.943448543548584 1.2040810585021973 1.4341243505477905 1.560193657875061 1.6321930885314941 1.7519241571426392 1.8143439292907715 1.7787281274795532
-0.0126679427921772 -0.00870987307280302 -0.0015686177648603916 0.0036590835079550743 0.005323716439306736 0.005567345768213272 0.005588302854448557 0.005590007174760103 0.005590186454355717 0.005590190179646015 0.005590069107711315 0.0055893477983772755 0.00558491749688983 0.00556049682199955 0.005458348896354437 0.005151411518454552 0.004454468842595816 0.0031111377757042646 0.0006451564840972424 -0.0038501033559441566 -0.011619677767157555 -0.022643739357590675 -0.033267322927713394 -0.035642411559820175 -0.025161879137158394 -0.0055715786293148994 0.01640067994594574 0.03527306020259857 0.05591636896133423 0.0888940840959549 0.15813668072223663 0.2798667848110199 0.4519353210926056 0.6606082916259766 0.9010993242263794 1.1537665128707886 1.3949575424194336 1.5635454654693604 1.6270264387130737 1.6900303363800049 1.73227059841156 1.708672285079956
-0.014426235109567642 -0.010643785819411278 -0.0027693668380379677 0.0033457947429269552 0.005283065605908632 0.00556485028937459 0.005588165018707514 0.0055899908766150475 0.005590175744146109 0.005590168759226799 0.005589964333921671 0.005588562227785587 0.005578735843300819 0.005520543549209833 0.005286483559757471 0.004670179449021816 0.0035340406466275454 0.0018128447700291872 -0.0007760133594274521 -0.00503176636993885 -0.012294523417949677 -0.02306152507662773 -0.033852528780698776 -0.03452824801206589 -0.015979910269379616 0.01858089119195938 0.05687088891863823 0.08878284692764282 0.11409668624401093 0.14551807940006256 0.20279259979724884 0.30328792333602905 0.4509090483188629 0.6347856521606445 0.8564627766609192 1.0988481044769287 1.3374415636062622 1.5306427478790283 1.6158171892166138 1.6628553867340088 1.7274575233459473 1.730684757232666
-0.014051146805286407 -0.009879297576844692 -0.002195289358496666 0.0036152806133031845 0.005343311466276646 0.005571217276155949 0.005588741973042488 0.0055900695733726025 0.005590199958533049 0.00559017900377512 0.005589915905147791 0.005587826948612928 0.005570341367274523 0.005457394756376743 0.005005781538784504 0.0039048115722835064 0.002165196230635047 2.0806677639484406e-05 -0.0026649311184883118 -0.0067153507843613625 -0.013517716899514198 -0.02390221692621708 -0.034419767558574677 -0.03309861570596695 -0.00748299527913332 0.03999616205692291 0.09325985610485077 0.1350773125886917 0.1644304394721985 0.19213727116584778 0.23706038296222687 0.31726357340812683 0.4400898516178131 0.6026467680931091 0.8044185042381287 1.0318994522094727 1.2673593759536743 1.4744094610214233 1.5937743186950684 1.6349945068359375 1.673586130142212 1.683512806892395
-0.011632407084107399 -0.007202436216175556 -0.00027554016560316086 0.004260068293660879 0.005442632362246513 0.005579968448728323 0.0055894991382956505 0.0055901710875332355 0.005590234417468309 0.005590211600065231 0.005589963402599096 0.005587538704276085 0.005563394166529179 0.0053912256844341755 0.004670473746955395 0.00298503995873034 0.0005685631185770035 -0.001960736233741045 -0.004675727337598801 -0.008534661494195461 -0.015014983713626862 -0.024981671944260597 -0.03485691174864769 -0.032035622745752335 -0.0020277337171137333 0.052095238119363785 0.11292116343975067 0.16008833050727844 0.19064664840698242 0.21385711431503296 0.2476101666688919 0.3109976053237915 0.4157019555568695 0.5616471767425537 0.748077929019928 0.9629228115081787 1.1928311586380005 1.40763521194458 1.5598760843276978 1.6132724285125732 1.653258204460144 1.6755313873291016
-0.007386480458080769 -0.0033641550689935684 0.0019295616075396538 0.004871455021202564 0.005521167069673538 0.005585996434092522 0.005589977838099003 0.005590237211436033 0.005590259563177824 0.005590242799371481 0.0055900635197758675 0.005587927531450987 0.005562706384807825 0.0053597851656377316 0.004456326365470886 0.002318702870979905 -0.0005837795324623585 -0.0032957643270492554 -0.005940146744251251 -0.009631683118641376 -0.015842696651816368 -0.02541172318160534 -0.034939855337142944 -0.032132185995578766 -0.002780921757221222 0.050992827862501144 0.11032021045684814 0.15597668290138245 0.18345598876476288 0.20074085891246796 0.2248547375202179 0.27573293447494507 0.3691822290420532 0.5075960755348206 0.6873764395713806 0.8954305648803711 1.1226305961608887 1.3467459678649902 1.522043228149414 1.5982657670974731 1.6426830291748047 1.67081618309021
-0.0029211919754743576 6.111571565270424e-05 0.003607681952416897 0.005254426971077919 0.005562626291066408 0.005588749889284372 0.005590175744146109 0.005590264219790697 0.005590270739048719 0.0055902618914842606 0.005590153858065605 0.005588647443801165 0.005568330641835928 0.005387038458138704 0.004513493273407221 0.002377088414505124 -0.00048386864364147186 -0.0031818877905607224 -0.005764946341514587 -0.009350397624075413 -0.015408167615532875 -0.024779094383120537 -0.034429747611284256 -0.03345753252506256 -0.008988508023321629 0.036506786942481995 0.08696775138378143 0.12428313493728638 0.14417080581188202 0.15407133102416992 0.17020224034786224 0.2125328630208969 0.30102500319480896 0.4419606924057007 0.6291230916976929 0.8392599821090698 1.0692408084869385 1.297326922416687 1.4894051551818848 1.5828430652618408 1.6407201290130615 1.6859475374221802
0.0008285129442811012 0.0027155342977494 0.004659304395318031 0.005452851299196482 0.005580011755228043 0.005589749198406935 0.0055902437306940556 0.005590273067355156 0.0055902753956615925 0.005590270739048719 0.005590211600065231 0.005589320324361324 0.005576496943831444 0.0054559409618377686 0.004847745411098003 0.0032998945098370314 0.0010815165005624294 -0.0012378552928566933 -0.0036524226889014244 -0.0070654358714818954 -0.012853018939495087 -0.021982725709676743 -0.03250739723443985 -0.035605065524578094 -0.020466364920139313 0.011395541951060295 0.047022778540849686 0.07158984243869781 0.08175086975097656 0.0843602865934372 0.09377780556678772 0.12846499681472778 0.2134350836277008 0.36128318309783936 0.5625652074813843 0.7819708585739136 1.0171512365341187 1.2471387386322021 1.4568932056427002 1.5781365633010864 1.6474381685256958 1.6988157033920288
