2D_landslide/Landslide/figures/5u.txt
ncols   200
nrows   200
xllcorner   0
yllcorner   0
cellsize   12.5
NODATA_value   -9999.00000
[rows 152 to 170 of 200, columns 42 to 83 of 200]
0.005608745384961367 0.005773528013378382 0.0064576598815619946 0.006989593617618084 0.007262989412993193 0.007641226053237915 0.010747377760708332 0.0056433905847370625 -0.012345187366008759 -0.03621576353907585 -0.055429283529520035 -0.07019908726215363 -0.09527802467346191 -0.15024955570697784 -0.22611036896705627 -0.29934364557266235 -0.3565765619277954 -0.3917991518974304 -0.45124551653862 -0.39289289712905884 -0.1618954837322235 0.18287540972232819 0.4283417761325836 0.32540613412857056 0.10325412452220917 -0.18437346816062927 -0.21716353297233582 0.17716233432292938 0.707031786441803 1.182216763496399 1.2341077327728271 1.058778166770935 0.8685870170593262 0.6357598900794983 0.3950362801551819 0.1634599268436432 -0.020265452563762665 -0.18850843608379364 -0.22665585577487946 -0.2335297167301178 -0.24091534316539764 -0.2686423063278198
0.005604459438472986 0.005792421288788319 0.006754759699106216 0.007369878701865673 0.007466026581823826 0.007249685004353523 0.00928125623613596 0.0094140050932765 -0.005595997907221317 -0.02980734035372734 -0.056003931909799576 -0.07166528701782227 -0.1089065670967102 -0.18291236460208893 -0.26064902544021606 -0.33454471826553345 -0.40475887060165405 -0.45335787534713745 -0.42726945877075195 -0.24563951790332794 -0.001629373524338007 0.3093024790287018 0.3730240762233734 0.21309103071689606 -0.05889972671866417 -0.3409111499786377 -0.2956025302410126 0.2460877001285553 0.7627716660499573 1.030358076095581 1.0076814889907837 0.8337982892990112 0.6334391236305237 0.47327661514282227 0.25314757227897644 0.045265957713127136 -0.17490817606449127 -0.2532256245613098 -0.2599112093448639 -0.24520130455493927 -0.26798099279403687 -0.25809726119041443
0.005592816974967718 0.005656593944877386 0.006330649368464947 0.00697588874027133 0.007236813195049763 0.006899597588926554 0.006954895332455635 0.008408976718783379 0.007788330316543579 -0.012565145269036293 -0.046565014868974686 -0.06530998647212982 -0.10916836559772491 -0.2031521499156952 -0.3077881336212158 -0.41050955653190613 -0.4843296706676483 -0.4113500118255615 -0.26027438044548035 -0.06684161722660065 0.15574398636817932 0.34210464358329773 0.3191440999507904 0.11131472885608673 -0.1997329294681549 -0.4001806676387787 -0.1882449835538864 0.3012255132198334 0.7408719658851624 0.8853424191474915 0.8144298195838928 0.6494033932685852 0.4762667119503021 0.28738394379615784 0.08791357278823853 -0.09628644585609436 -0.23014061152935028 -0.28259629011154175 -0.2649524509906769 -0.2729158401489258 -0.23086804151535034 -0.2023039311170578
0.005590855143964291 0.005610448773950338 0.005889457650482655 0.006381136365234852 0.006683973129838705 0.0065572792664170265 0.00650567002594471 0.007200686261057854 0.009083365090191364 -0.0013987263664603233 -0.040047675371170044 -0.05876748636364937 -0.10168783366680145 -0.20268060266971588 -0.32745668292045593 -0.41513264179229736 -0.424046128988266 -0.3067586123943329 -0.15189573168754578 0.009313708171248436 0.23922166228294373 0.3442401885986328 0.2628840506076813 0.00976680126041174 -0.30888471007347107 -0.3832228481769562 0.02232970856130123 0.5020349621772766 0.7323209643363953 0.7763577103614807 0.6370106339454651 0.5283252596855164 0.3713526725769043 0.19759267568588257 0.01888320967555046 -0.14001798629760742 -0.24655120074748993 -0.2753446102142334 -0.23857900500297546 -0.22429800033569336 -0.15639102458953857 -0.09640754759311676
0.005590368993580341 0.005594035144895315 0.005649748723953962 0.005808172281831503 0.006069579627364874 0.006113317795097828 0.006125201936811209 0.0063492171466350555 0.008592690341174603 0.003714908380061388 -0.03242189809679985 -0.05346626415848732 -0.09365226328372955 -0.19494013488292694 -0.31543824076652527 -0.36299145221710205 -0.3298533260822296 -0.21248069405555725 -0.06545427441596985 0.11155237257480621 0.29627567529678345 0.32267656922340393 0.20076967775821686 -0.08798730373382568 -0.33120855689048767 -0.2794148623943329 0.1850193738937378 0.606849730014801 0.7980338931083679 0.7109317779541016 0.5653672218322754 0.41930240392684937 0.26608985662460327 0.1467861831188202 -0.010953597724437714 -0.14122839272022247 -0.21751342713832855 -0.22332045435905457 -0.22146226465702057 -0.13318055868148804 -0.039601556956768036 0.05646640434861183
0.005590291228145361 0.005590746179223061 0.005600618198513985 0.005637456197291613 0.005697646643966436 0.0057389321736991405 0.005812529008835554 0.005879199597984552 0.007631228305399418 0.007121316622942686 -0.023646604269742966 -0.04543619230389595 -0.08684919774532318 -0.18721027672290802 -0.26322421431541443 -0.3000355660915375 -0.24569793045520782 -0.11280834674835205 0.02661701664328575 0.1775643676519394 0.32095232605934143 0.3111969232559204 0.12775692343711853 -0.17092391848564148 -0.2987864911556244 -0.06130191311240196 0.3420339822769165 0.6940979957580566 0.7976879477500916 0.6862042546272278 0.5391589403152466 0.3838227093219757 0.22664490342140198 0.07496465742588043 -0.05718451365828514 -0.15171095728874207 -0.19083048403263092 -0.16818924248218536 -0.09464792907238007 0.009099787101149559 0.12462057173252106 0.24737976491451263
0.005590279586613178 0.005590325221419334 0.005591187626123428 0.005595221649855375 0.005603855475783348 0.005613616202026606 0.0056414227001369 0.005660124123096466 0.006711100228130817 0.008495191112160683 -0.017810001969337463 -0.04027670621871948 -0.08553861081600189 -0.16640439629554749 -0.21325227618217468 -0.22641399502754211 -0.1392878293991089 -0.032786738127470016 0.1075151115655899 0.2513061761856079 0.3453376591205597 0.2692561745643616 0.02441057376563549 -0.20992283523082733 -0.17053844034671783 0.15137068927288055 0.5418484210968018 0.8054599761962891 0.7928393483161926 0.6730457544326782 0.5135929584503174 0.3535834550857544 0.20915666222572327 0.08595193922519684 -0.008158624172210693 -0.06179295852780342 -0.06388027966022491 -0.013825559988617897 0.07665175199508667 0.1927400827407837 0.322063684463501 0.4576350152492523
0.005590278655290604 0.0055902814492583275 0.005590350832790136 0.005590767599642277 0.005592022091150284 0.005594351328909397 0.005608571693301201 0.005622755270451307 0.006235412321984768 0.009344304911792278 -0.012340759858489037 -0.040663640946149826 -0.0782783180475235 -0.12353603541851044 -0.15282993018627167 -0.11742621660232544 -0.03013906627893448 0.06700179725885391 0.18358957767486572 0.30585670471191406 0.34846231341362 0.20798249542713165 -0.0728369653224945 -0.21406669914722443 -0.017506089061498642 0.2396208643913269 0.5983584523200989 0.8000890612602234 0.7629168629646301 0.6286266446113586 0.47401154041290283 0.34536275267601013 0.24547098577022552 0.16802990436553955 0.11496461927890778 0.03699339181184769 0.054893944412469864 0.11604316532611847 0.21594831347465515 0.34249401092529297 0.522825300693512 0.6279920935630798
0.005590278655290604 0.005590278655290604 0.005590282846242189 0.005590314976871014 0.005590465851128101 0.005590952001512051 0.0055954549461603165 0.005610177293419838 0.005993564613163471 0.009831546805799007 -0.00784280989319086 -0.04140496253967285 -0.058430079370737076 -0.0902256965637207 -0.07665213942527771 -0.025105752050876617 0.06392274796962738 0.14989235997200012 0.25892290472984314 0.33436012268066406 0.3010595142841339 0.08579646050930023 -0.17025624215602875 -0.18113689124584198 0.06607623398303986 0.38240548968315125 0.6781367063522339 0.7552073001861572 0.6915384531021118 0.5554294586181641 0.4346652925014496 0.36338233947753906 0.32773399353027344 0.30630576610565186 0.23978646099567413 0.24097850918769836 0.2660777270793915 0.31780460476875305 0.40322238206863403 0.523375928401947 0.6626142263412476 0.738178014755249
0.005590278655290604 0.005590278655290604 0.005590278655290604 0.005590280517935753 0.005590296350419521 0.005590391345322132 0.005592703819274902 0.0056059956550598145 0.005986947100609541 0.009956883266568184 -0.004727281630039215 -0.03818672150373459 -0.03435670956969261 -0.050431087613105774 -0.0021286150440573692 0.0633474811911583 0.1584402322769165 0.23122413456439972 0.2961936593055725 0.31531745195388794 0.23745904862880707 -0.019333163276314735 -0.21265676617622375 -0.05597827211022377 0.24129202961921692 0.4445050060749054 0.6488038301467896 0.6704621911048889 0.5913123488426208 0.4764997959136963 0.3978852927684784 0.38644519448280334 0.4212043583393097 0.461195170879364 0.43968677520751953 0.4619356393814087 0.4892706274986267 0.4663738012313843 0.5321849584579468 0.5959070324897766 0.6940852999687195 0.728735089302063
0.005590278655290604 0.005590278655290604 0.005590278655290604 0.005590278655290604 0.00559028098359704 0.005590321961790323 0.005594999995082617 0.005625175312161446 0.006236210931092501 0.010232370346784592 -0.007042484357953072 -0.03598485141992569 -0.009807338938117027 0.004778759554028511 0.05195190757513046 0.12267352640628815 0.2197311669588089 0.2762324810028076 0.29660025238990784 0.24925488233566284 0.07774965465068817 -0.14203205704689026 -0.17815253138542175 0.12163452804088593 0.44195225834846497 0.5850136280059814 0.6039579510688782 0.5529009103775024 0.4693918526172638 0.38802921772003174 0.35459989309310913 0.40465879440307617 0.5076785683631897 0.5621719360351562 0.6212621927261353 0.6021621227264404 0.6267465353012085 0.5898036360740662 0.5319444537162781 0.5354185104370117 0.5305407643318176 0.5834223628044128
0.005590278655290604 0.005590278655290604 0.005590278655290604 0.005590278655290604 0.005590278655290604 0.0055902875028550625 0.005592111498117447 0.005612415261566639 0.005944136064499617 0.009541107341647148 -0.000742628239095211 -0.02559312991797924 0.022914672270417213 0.07134313881397247 0.09232714772224426 0.16304218769073486 0.24994993209838867 0.28413262963294983 0.2590827941894531 0.15710805356502533 -0.010274562984704971 -0.2039421945810318 -0.07317972183227539 0.3124231696128845 0.5689830780029297 0.6728017926216125 0.596487820148468 0.454987496137619 0.33596569299697876 0.26605337858200073 0.2779351770877838 0.39713820815086365 0.5615333318710327 0.6526837944984436 0.740970253944397 0.7307356595993042 0.693778932094574 0.652099072933197 0.5385466814041138 0.5356696844100952 0.536114513874054 0.6013501882553101
0.005590278655290604 0.005590278655290604 0.005590278655290604 0.005590278655290604 0.005590278655290604 0.0055902814492583275 0.005590835120528936 0.005597645882517099 0.005779674276709557 0.008646068163216114 0.00511582987383008 -0.016207745298743248 0.05951036885380745 0.1457017958164215 0.16344578564167023 0.20361436903476715 0.2659001648426056 0.2779883146286011 0.20604802668094635 0.091004878282547 -0.1068170964717865 -0.21085412800312042 0.0490722693502903 0.38543349504470825 0.6503962278366089 0.7529188990592957 0.6591529846191406 0.4780045449733734 0.3051939904689789 0.19515684247016907 0.21490344405174255 0.37418079376220703 0.527702808380127 0.6737045645713806 0.7789978981018066 0.7831127643585205 0.7629621028900146 0.6880967617034912 0.5808680653572083 0.5713684558868408 0.6219612956047058 0.6619751453399658
0.005590278655290604 0.005590278655290604 0.005590278655290604 0.005590278655290604 0.005590278655290604 0.005590279120951891 0.005590400658547878 0.005591954104602337 0.0056595150381326675 0.007180771324783564 0.009215780533850193 -0.008899382315576077 0.08677895367145538 0.21460320055484772 0.23701170086860657 0.24497638642787933 0.2779863178730011 0.263854056596756 0.15714441239833832 0.017470091581344604 -0.1651410609483719 -0.19233444333076477 0.07012701034545898 0.39354443550109863 0.6652153730392456 0.7975224852561951 0.7480238080024719 0.6068283319473267 0.44685202836990356 0.3249152898788452 0.3398837745189667 0.465454638004303 0.6109327673912048 0.7278400659561157 0.8164966106414795 0.8302676677703857 0.8283013105392456 0.7497326731681824 0.6416505575180054 0.6828271746635437 0.7035987377166748 0.7254558205604553
0.005590278655290604 0.005590278655290604 0.005590278655290604 0.005590278655290604 0.005590278655290604 0.005590283311903477 0.005590506363660097 0.005592151079326868 0.005638379603624344 0.006509353872388601 0.009568885900080204 -0.002483826130628586 0.10153749585151672 0.2686675488948822 0.2960449159145355 0.27688997983932495 0.28040894865989685 0.23903582990169525 0.12095750868320465 -0.031671978533267975 -0.18374212086200714 -0.180774986743927 0.03923243656754494 0.33865275979042053 0.6167050004005432 0.7973889708518982 0.8186091780662537 0.7354761958122253 0.6187264323234558 0.5350815057754517 0.5529341697692871 0.6625524163246155 0.7579129338264465 0.7938485741615295 0.8505777716636658 0.828909695148468 0.7834792733192444 0.7353289723396301 0.7187469005584717 0.7406846284866333 0.759743869304657 0.7486364841461182
0.005590278655290604 0.005590278655290604 0.005590278655290604 0.005590279120951891 0.0055902861058712006 0.00559042114764452 0.005593322217464447 0.0056041935458779335 0.005641324445605278 0.005832794588059187 0.006805030629038811 -0.0008118990808725357 0.08967527747154236 0.27777647972106934 0.3352876305580139 0.3037256598472595 0.27146458625793457 0.21122859418392181 0.10227042436599731 -0.06899702548980713 -0.21214371919631958 -0.21835285425186157 -0.040719129145145416 0.23316563665866852 0.5131311416625977 0.7211242914199829 0.8004201650619507 0.7749109268188477 0.706704318523407 0.6801880598068237 0.7137964367866516 0.7968899607658386 0.8248910903930664 0.8435139656066895 0.834871768951416 0.8079826831817627 0.8092845678329468 0.8031853437423706 0.7942948937416077 0.7918400168418884 0.7652132511138916 0.7003459334373474
0.005590278655290604 0.005590278655290604 0.005590279120951891 0.005590289831161499 0.005590539891272783 0.005594050977379084 0.005627135746181011 0.005714626982808113 0.00583222322165966 0.005536523647606373 0.004576365929096937 -0.0023523205891251564 0.06200319156050682 0.23844647407531738 0.3136475086212158 0.30647388100624084 0.2509465217590332 0.16630874574184418 0.05100351572036743 -0.08075715601444244 -0.21101289987564087 -0.2522057592868805 -0.13971029222011566 0.09446991980075836 0.35484540462493896 0.5573869943618774 0.6643027663230896 0.695777416229248 0.7037920355796814 0.7446184158325195 0.7944545149803162 0.838442325592041 0.8659771680831909 0.887688934803009 0.8326106667518616 0.8391534686088562 0.8459457755088806 0.8499895334243774 0.8189993500709534 0.7602945566177368 0.6713029742240906 0.5579360127449036
0.005590278655290604 0.005590278655290604 0.005590285174548626 0.005590677727013826 0.005598935764282942 0.0056561254896223545 0.005930806510150433 0.006380515173077583 0.00680962298065424 0.006132366135716438 0.003940131515264511 -0.002658229321241379 0.031937986612319946 0.1781490594148636 0.2521924674510956 0.265817791223526 0.22059397399425507 0.12335266172885895 0.012997586280107498 -0.09266026318073273 -0.19445884227752686 -0.24996931850910187 -0.19321492314338684 -0.025807499885559082 0.18278779089450836 0.3685239553451538 0.49364781379699707 0.5721641182899475 0.6569346785545349 0.765806257724762 0.8402573466300964 0.8861933350563049 0.9135686159133911 0.916665256023407 0.8690290451049805 0.8781349658966064 0.8757093548774719 0.8553525805473328 0.7773740291595459 0.6826094388961792 0.5759794116020203 0.4581860601902008
0.005590278655290604 0.005590279120951891 0.005590677261352539 0.005611489061266184 0.0058168089017271996 0.006443225312978029 0.007905643433332443 0.009431557729840279 0.010373637080192566 0.009243585169315338 0.005585735663771629 -0.0011539864353835583 0.010092766024172306 0.11582288146018982 0.1775866150856018 0.1915419101715088 0.1653621941804886 0.09226833283901215 -0.012906711548566818 -0.11439578235149384 -0.18438804149627686 -0.20846818387508392 -0.17127570509910583 -0.0689208060503006 0.0844293087720871 0.25467735528945923 0.3739149272441864 0.49402084946632385 0.6097158193588257 0.7597597241401672 0.8415870666503906 0.8785310387611389 0.8810887336730957 0.8706477284431458 0.825356662273407 0.7784680724143982 0.7154030203819275 0.6424481272697449 0.5602672100067139 0.5045073628425598 0.4580709934234619 0.3861018419265747
