2D_landslide/Landslide/figures/6h.txt
ncols   200
nrows   200
xllcorner   0
yllcorner   0
cellsize   12.5
NODATA_value   -9999.00000
[rows 133 to 151 of 200, columns 129 to 171 of 200]
44.144168853759766 42.514617919921875 40.3621940612793 38.04636764526367 36.29603576660156 34.845909118652344 33.77164077758789 32.75697708129883 31.81182861328125 31.177345275878906 30.599111557006836 29.760643005371094 28.430416107177734 27.27530860900879 26.075538635253906 24.951623916625977 23.633039474487305 21.955913543701172 20.23420524597168 18.474992752075195 16.66876220703125 14.817970275878906 13.08218002319336 11.885250091552734 10.987853050231934 10.120088577270508 9.343791961669922 8.814746856689453 8.263103485107422 7.805304527282715 7.493821144104004 7.254830837249756 7.0148186683654785 6.871767520904541 6.727085113525391 6.669033527374268 6.608299255371094 6.572160243988037 6.665252685546875 6.900257110595703 7.382763385772705 8.061684608459473 8.800878524780273
42.388275146484375 40.18055725097656 37.941776275634766 36.0872917175293 34.58116149902344 33.235530853271484 31.885141372680664 30.411609649658203 29.594837188720703 28.993816375732422 28.034549713134766 26.860652923583984 25.83528709411621 24.82982635498047 23.817691802978516 22.392385482788086 20.73127555847168 18.87148666381836 16.857868194580078 14.404505729675293 12.38547134399414 10.594313621520996 9.215584754943848 8.424278259277344 7.6650166511535645 7.118849754333496 6.622142314910889 6.531801700592041 6.193780899047852 5.934391498565674 5.736169815063477 5.578699111938477 5.455900192260742 5.371189117431641 5.317608833312988 5.345132827758789 5.359131813049316 5.32391357421875 5.299647331237793 5.372135639190674 5.435286045074463 5.649116039276123 6.003582954406738
40.21438980102539 38.062191009521484 36.169437408447266 34.36580276489258 32.702850341796875 31.228683471679688 29.78438949584961 28.62555694580078 27.66863250732422 26.703779220581055 25.82185173034668 24.801773071289062 23.892040252685547 22.81555938720703 21.484628677368164 20.091161727905273 18.367088317871094 16.23457145690918 14.023957252502441 11.773319244384766 9.601073265075684 7.990241527557373 6.548518180847168 5.693774700164795 4.815501689910889 4.284869194030762 3.9587643146514893 4.171643257141113 4.099955081939697 3.977844476699829 3.78840708732605 3.8521714210510254 3.8533265590667725 3.9176950454711914 3.9359259605407715 4.188085556030273 4.3310089111328125 4.485747814178467 4.479118347167969 4.461106777191162 4.446253776550293 4.510715961456299 4.6894001960754395
38.012657165527344 36.27960968017578 34.54959487915039 32.719261169433594 31.05104637145996 29.646814346313477 28.338912963867188 26.345191955566406 25.29036521911621 24.420875549316406 23.594205856323242 22.331361770629883 21.364498138427734 20.438657760620117 19.25263023376465 17.518756866455078 15.580211639404297 13.41303539276123 11.125507354736328 8.97393798828125 7.262666702270508 5.697859287261963 4.463265895843506 3.4964468479156494 2.8986434936523438 2.4332306385040283 2.1044371128082275 2.3472588062286377 2.314976930618286 2.2740275859832764 2.296757936477661 2.4603264331817627 2.578562021255493 2.624274730682373 2.763641834259033 3.0138018131256104 3.078186511993408 3.284661054611206 3.514009714126587 3.6595664024353027 3.6358482837677 3.5927915573120117 3.6680474281311035
36.32065200805664 34.689640045166016 33.039146423339844 31.26927947998047 29.57785987854004 27.821083068847656 25.9478816986084 23.721179962158203 22.68560791015625 21.57349967956543 20.79302978515625 19.779132843017578 18.941770553588867 17.831743240356445 16.457658767700195 14.573030471801758 12.5129976272583 10.222290992736816 8.233696937561035 6.545786380767822 5.008887767791748 3.7704737186431885 2.9252841472625732 2.319917917251587 1.7254745960235596 1.2140620946884155 0.8280370831489563 0.8787686824798584 0.9047977924346924 0.8863861560821533 1.0191766023635864 1.286452293395996 1.4218297004699707 1.4749137163162231 1.615034818649292 1.7574936151504517 1.9106485843658447 1.9840552806854248 2.2070529460906982 2.382127523422241 2.5944526195526123 2.742626667022705 2.7565195560455322
34.63595962524414 32.967037200927734 31.225852966308594 28.972055435180664 26.717191696166992 24.266756057739258 22.274808883666992 20.419103622436523 19.644983291625977 18.776561737060547 18.103782653808594 17.002521514892578 15.739163398742676 14.447964668273926 12.653514862060547 10.684028625488281 8.891845703125 7.046090602874756 5.449764728546143 4.21700382232666 3.2912049293518066 2.5340235233306885 1.7003694772720337 1.0434547662734985 0.47984206676483154 0.11605226993560791 0.0 0.0 0.0 0.0 0.027652062475681305 0.24311983585357666 0.38610467314720154 0.4904385805130005 0.6569783091545105 0.7745120525360107 0.8351523280143738 0.8422942161560059 0.9319857358932495 0.9297869205474854 1.0156397819519043 1.1701477766036987 1.2808665037155151
33.142799377441406 31.3275203704834 29.210670471191406 25.92245864868164 23.289161682128906 21.05600929260254 19.76291847229004 18.133230209350586 17.139938354492188 16.420812606811523 15.314202308654785 13.913614273071289 12.594101905822754 11.176595687866211 9.510692596435547 7.865502834320068 6.3630876541137695 4.9374470710754395 3.908717393875122 3.160996198654175 2.412142038345337 1.6518709659576416 0.8850465416908264 0.3889935314655304 0.048895884305238724 0.0 0.0 0.0 0.0 0.0 0.0 0.0 0.0 0.05124460905790329 0.1063382625579834 0.17754152417182922 0.22358299791812897 0.24380013346672058 0.2897244691848755 0.2718537151813507 0.4147663414478302 0.570743978023529 0.711023211479187
31.67731285095215 28.983612060546875 25.88976287841797 22.833887100219727 20.39508628845215 18.50594139099121 17.10443878173828 15.760613441467285 14.630414009094238 13.40479850769043 12.175201416015625 10.869256973266602 9.678821563720703 8.307720184326172 6.898196220397949 5.513441562652588 4.353405952453613 3.601592779159546 2.8067994117736816 2.0820531845092773 1.3680953979492188 0.7959389090538025 0.37276604771614075 0.10798246413469315 0.0 0.0 0.0 0.0 0.0 0.0 0.0 0.0 0.0 0.0 0.0 0.0 0.0 0.0 0.0 0.0 0.0 0.0647333636879921 0.15156911313533783
28.80851936340332 25.64783477783203 23.159698486328125 20.004772186279297 17.76120948791504 16.116268157958984 14.786981582641602 13.030830383300781 11.726090431213379 10.5015287399292 9.390331268310547 8.247438430786133 7.177926063537598 6.031889915466309 4.896256446838379 3.904561758041382 3.1021416187286377 2.351722002029419 1.5557588338851929 1.0022783279418945 0.6410822868347168 0.3031231760978699 0.05684756487607956 0.0 0.0 0.0 0.0 0.0 0.0013584601692855358 0.002135410439223051 0.0014593889936804771 0.0 0.0 0.0 0.0 0.0 0.0 0.0 0.0 0.0 0.0 0.0 0.0
24.857160568237305 22.12256622314453 19.7602481842041 16.75115394592285 15.052985191345215 13.362226486206055 11.679969787597656 10.200809478759766 9.024100303649902 7.983135223388672 7.050595283508301 6.108901023864746 5.165989875793457 4.196796417236328 3.322136402130127 2.5190927982330322 1.6767762899398804 1.1159348487854004 0.8076611757278442 0.49918442964553833 0.2316778153181076 0.06709512323141098 0.0 0.0 0.0 0.0037812632508575916 0.006532711908221245 0.006957860663533211 0.007014065980911255 0.006794702261686325 0.006388302426785231 0.005464182700961828 0.0054419212974607944 0.005654440727084875 0.0052444059401750565 0.004694919567555189 0.00459113996475935 0.003232264891266823 0.0018445337191224098 0.0 0.0 0.0 0.0
22.133197784423828 19.51310920715332 17.314443588256836 14.80781364440918 12.620098114013672 10.761331558227539 9.163311958312988 7.898070335388184 6.911069869995117 6.073125839233398 5.310077667236328 4.512925148010254 3.7065141201019287 2.940185070037842 2.212752103805542 1.4518035650253296 0.9725529551506042 0.7262528538703918 0.4988848865032196 0.23795808851718903 0.09247037023305893 0.01768440753221512 0.0 0.0 0.00029558921232819557 0.005847392603754997 0.00702966284006834 0.0072005814872682095 0.007247202564030886 0.00726217869669199 0.007247469387948513 0.006992485839873552 0.006906879134476185 0.006805695593357086 0.006850739009678364 0.006804573815315962 0.006722224410623312 0.006565498653799295 0.0062448447570204735 0.005482160020619631 0.0032529369927942753 0.0002910252660512924 0.0
20.05288314819336 17.63235855102539 15.314330101013184 12.287434577941895 10.103025436401367 8.456229209899902 7.05866813659668 5.962490558624268 5.14029598236084 4.468626976013184 3.8570754528045654 3.1690921783447266 2.538968563079834 1.9084503650665283 1.252472996711731 0.8278074860572815 0.6881113648414612 0.5257533192634583 0.2979593873023987 0.10591330379247665 0.04114164412021637 0.0 0.0 0.0 0.002549039665609598 0.0063146986067295074 0.007104541175067425 0.007229455281049013 0.007264220621436834 0.007270520552992821 0.007271124515682459 0.0072652860544621944 0.007254479452967644 0.007211716845631599 0.007162934169173241 0.007104014046490192 0.007076467853039503 0.007077512331306934 0.007080764509737492 0.007064955309033394 0.006764747202396393 0.006440044846385717 0.006085769739001989
17.714120864868164 15.344636917114258 12.614462852478027 9.967055320739746 8.065862655639648 6.560153484344482 5.326295375823975 4.4150004386901855 3.739806652069092 3.1828558444976807 2.6638245582580566 2.09936261177063 1.5630148649215698 1.041471004486084 0.7561758160591125 0.611695408821106 0.49627816677093506 0.3215954899787903 0.1375424712896347 0.043938711285591125 0.01002894900739193 0.0 0.0 0.0 0.0036362020764499903 0.006526053883135319 0.007116408087313175 0.007226803805679083 0.007259272504597902 0.0072694746777415276 0.007271022070199251 0.007264795247465372 0.007253516465425491 0.007217790000140667 0.007166655268520117 0.00707959895953536 0.0071001010946929455 0.007149168290197849 0.007215295452624559 0.0072507369332015514 0.007238659076392651 0.007198439445346594 0.00719753373414278
15.189105033874512 12.862041473388672 10.296210289001465 8.06490707397461 6.405825614929199 5.07608699798584 4.0567545890808105 3.279378652572632 2.6743273735046387 2.1520795822143555 1.6697765588760376 1.1448017358779907 0.7884190678596497 0.5994445085525513 0.5230908989906311 0.38228321075439453 0.23233480751514435 0.08052325248718262 0.018113737925887108 0.0019452325068414211 0.0 0.0 0.0 0.0009830044582486153 0.005462548695504665 0.0068141198717057705 0.007152867503464222 0.0072249011136591434 0.007254626601934433 0.007262762635946274 0.007266093511134386 0.007259002886712551 0.007234812248498201 0.00718650221824646 0.007130302023142576 0.0070795705541968346 0.0070905424654483795 0.007171289063990116 0.0072401235811412334 0.007271120324730873 0.0072760083712637424 0.007275780662894249 0.007275942713022232
13.41108226776123 11.083749771118164 8.623429298400879 6.754522323608398 5.282658576965332 4.108818054199219 3.211482524871826 2.4909017086029053 1.8952949047088623 1.3707962036132812 0.9402621388435364 0.6470015645027161 0.5173454880714417 0.45685237646102905 0.36519476771354675 0.22280406951904297 0.0892384722828865 0.00543154077604413 0.0 0.0 0.0 0.0 0.0 0.003211313858628273 0.006137982476502657 0.006930867210030556 0.007156346924602985 0.0072061591781675816 0.007233038078993559 0.007242206484079361 0.007241149432957172 0.007194075733423233 0.007094054948538542 0.006960903760045767 0.0068981540389359 0.006854390259832144 0.007001134566962719 0.007141795475035906 0.007239646278321743 0.007272600661963224 0.00727718323469162 0.007277426775544882 0.007277432829141617
12.088571548461914 9.809718132019043 7.522289752960205 5.881832122802734 4.567661762237549 3.4985406398773193 2.6569058895111084 1.9094761610031128 1.2947275638580322 0.8581275343894958 0.6321614384651184 0.47998303174972534 0.38177353143692017 0.3202325701713562 0.22575262188911438 0.09220155328512192 0.004717397503554821 0.0 0.0 0.0 0.0 0.0 0.0013441825285553932 0.005141051486134529 0.006633189972490072 0.0070427777245640755 0.007169792428612709 0.007199023384600878 0.00720772473141551 0.007198763079941273 0.00717219989746809 0.006935449782758951 0.006451522931456566 0.006057264283299446 0.006025549024343491 0.006366416811943054 0.006788305472582579 0.007096686400473118 0.00723576545715332 0.007273636758327484 0.00727735785767436 0.00727753434330225 0.007277543190866709
11.1033935546875 9.060441970825195 6.986928462982178 5.416663646697998 4.166534423828125 3.1150267124176025 2.2536208629608154 1.4480136632919312 0.9335886836051941 0.6559525728225708 0.5230144262313843 0.37498167157173157 0.27266982197761536 0.2062278389930725 0.11034949123859406 0.011635431088507175 0.0 0.0 0.0 0.0 0.0 0.0005627251230180264 0.004874599166214466 0.006525954231619835 0.007007954642176628 0.0071707298047840595 0.007209116127341986 0.007204885128885508 0.007181755267083645 0.007156020030379295 0.007077270187437534 0.006437378004193306 0.0050733014941215515 0.0040902430191636086 0.004345974884927273 0.00529882125556469 0.006424617487937212 0.007028407417237759 0.007231696974486113 0.007274119649082422 0.0072774034924805164 0.007277545519173145 0.0072775487788021564
10.495560646057129 8.727140426635742 6.949604511260986 5.238596439361572 3.877357244491577 2.7526590824127197 1.7625439167022705 1.0170331001281738 0.6990414261817932 0.5013232231140137 0.3719276487827301 0.22213095426559448 0.1473335176706314 0.0803597941994667 0.0002192724496126175 0.0 0.0 0.0 0.0 0.0 0.0018566395156085491 0.005326320882886648 0.0066820550709962845 0.007113784085959196 0.007209965027868748 0.007238095626235008 0.007236653473228216 0.007217754144221544 0.007189725060015917 0.00715125584974885 0.00706645380705595 0.006480475887656212 0.0049620987847447395 0.0035680653527379036 0.00372429215349257 0.00471634604036808 0.006157338619232178 0.0069821965880692005 0.00723256403580308 0.007274273317307234 0.007277431897819042 0.0072775473818182945 0.007277549244463444
10.217129707336426 8.625764846801758 6.997996807098389 5.143710613250732 3.5352859497070312 2.4131264686584473 1.4407814741134644 0.8741762042045593 0.6400266289710999 0.4825388789176941 0.3237141966819763 0.1939685046672821 0.10809668898582458 0.02069881744682789 0.0 0.0 0.0 0.0 0.0 0.003371116239577532 0.005894744768738747 0.006902425084263086 0.007167370989918709 0.007233017589896917 0.0072471643798053265 0.0072470977902412415 0.007238609250634909 0.00722352834418416 0.007197726983577013 0.007165574003010988 0.00710609694942832 0.0067501310259103775 0.005664665251970291 0.004334312863647938 0.004125830251723528 0.00458582304418087 0.0060464758425951 0.006935989484190941 0.007223010994493961 0.007273413706570864 0.00727739417925477 0.00727754645049572 0.007277549244463444
