2D_landslide/Landslide/figures/6h.txt
ncols   200
nrows   200
xllcorner   0
yllcorner   0
cellsize   12.5
NODATA_value   -9999.00000
[rows 133 to 151 of 200, columns 0 to 42 of 200]
0.006336110178381205 0.006926753558218479 0.0072487653233110905 0.0072772689163684845 0.0072775487788021564 0.007277549244463444 0.007277549244463444 0.007277549244463444 0.007277549244463444 0.007277549244463444 0.007277549244463444 0.007277549244463444 0.007277549244463444 0.007277549244463444 0.007277549244463444 0.007277549244463444 0.007277537137269974 0.007277385797351599 0.007277030497789383 0.007277068682014942 0.007277378812432289 0.0072774928994476795 0.007277524098753929 0.007277544122189283 0.0072775487788021564 0.007277549244463444 0.007277549244463444 0.007277549244463444 0.007277549244463444 0.007277549244463444 0.007277549244463444 0.007277549244463444 0.007277549244463444 0.007277549244463444 0.007277548313140869 0.007277539931237698 0.007277523633092642 0.007277512922883034 0.007277526892721653 0.007277523633092642 0.00727752223610878 0.007277504540979862 0.007277516182512045
0.007243528962135315 0.0072681838646531105 0.007276905234903097 0.0072775292210280895 0.0072775487788021564 0.007277549244463444 0.007277549244463444 0.007277549244463444 0.007277549244463444 0.007277549244463444 0.007277549244463444 0.007277549244463444 0.007277549244463444 0.007277549244463444 0.007277549244463444 0.0072775487788021564 0.007277532946318388 0.0072773820720613 0.007277121767401695 0.007277118973433971 0.007276990916579962 0.007276941556483507 0.007277279160916805 0.007277510594576597 0.0072775473818182945 0.007277549244463444 0.007277549244463444 0.007277549244463444 0.007277549244463444 0.007277549244463444 0.007277549244463444 0.007277549244463444 0.007277549244463444 0.007277549244463444 0.007277549244463444 0.0072775473818182945 0.0072775427252054214 0.0072775413282215595 0.007277525495737791 0.007277417927980423 0.0072774686850607395 0.007277447264641523 0.007277484517544508
0.007266202010214329 0.0072723571211099625 0.0072764744982123375 0.007277481257915497 0.007277548313140869 0.007277549244463444 0.007277549244463444 0.007277549244463444 0.007277549244463444 0.007277549244463444 0.007277549244463444 0.007277549244463444 0.007277549244463444 0.007277549244463444 0.007277549244463444 0.0072775487788021564 0.00727753434330225 0.007277407683432102 0.007276836317032576 0.007274770177900791 0.007271301466971636 0.007271530106663704 0.007275210227817297 0.007277234923094511 0.007277532014995813 0.007277548313140869 0.007277549244463444 0.007277549244463444 0.007277549244463444 0.007277549244463444 0.007277549244463444 0.007277549244463444 0.007277549244463444 0.007277549244463444 0.007277550641447306 0.007277562282979488 0.007277605123817921 0.007277661934494972 0.007277593016624451 0.007277397904545069 0.007277459837496281 0.00727747892960906 0.0072774505242705345
0.007249436341226101 0.00725948391482234 0.007273124996572733 0.007277256343513727 0.007277545519173145 0.007277549244463444 0.007277549244463444 0.007277549244463444 0.007277549244463444 0.007277549244463444 0.007277549244463444 0.007277549244463444 0.007277549244463444 0.007277549244463444 0.007277549244463444 0.007277548313140869 0.007277511991560459 0.007276853546500206 0.007271799724549055 0.0072562601417303085 0.007238701451569796 0.007246048655360937 0.00726639200001955 0.007275853306055069 0.007277397438883781 0.007277537137269974 0.007277547847479582 0.007277549244463444 0.007277549244463444 0.007277549244463444 0.007277549244463444 0.007277549244463444 0.007277549244463444 0.007277553901076317 0.007277628872543573 0.0072780149057507515 0.007278962526470423 0.007279426325112581 0.00727870175614953 0.007277816068381071 0.007277453318238258 0.007277420721948147 0.007277349475771189
0.007205881644040346 0.007217985112220049 0.007259993348270655 0.007276235613971949 0.0072775306180119514 0.007277549244463444 0.007277549244463444 0.007277549244463444 0.007277549244463444 0.007277549244463444 0.007277549244463444 0.007277549244463444 0.007277549244463444 0.007277549244463444 0.007277549244463444 0.0072775413282215595 0.007277236320078373 0.007272900082170963 0.007249153219163418 0.007196671795099974 0.007157252635806799 0.0071905856020748615 0.007246077060699463 0.007271719165146351 0.007276677060872316 0.007277426775544882 0.007277532014995813 0.00727754645049572 0.0072775487788021564 0.007277549244463444 0.007277549244463444 0.007277549244463444 0.0072775548323988914 0.007277844939380884 0.007280272897332907 0.007289872970432043 0.007304343860596418 0.007307691499590874 0.007296877913177013 0.007283377926796675 0.007277505472302437 0.007276782300323248 0.007276482414454222
0.00712194899097085 0.0071141961961984634 0.007219839375466108 0.007272102404385805 0.00727745471522212 0.007277549244463444 0.007277549244463444 0.007277549244463444 0.007277549244463444 0.007277549244463444 0.007277549244463444 0.007277549244463444 0.007277549244463444 0.007277549244463444 0.0072775487788021564 0.007277499418705702 0.007276128511875868 0.007262338884174824 0.0072076572105288506 0.007116049062460661 0.007067075464874506 0.00713134091347456 0.0072213029488921165 0.007264467887580395 0.007274678908288479 0.007277009543031454 0.007277460303157568 0.0072775352746248245 0.007277544587850571 0.007277547847479582 0.0072775487788021564 0.0072775487788021564 0.007277653086930513 0.007280845660716295 0.007309132255613804 0.007391027640551329 0.007606877014040947 0.007592757232487202 0.00752529501914978 0.007377035915851593 0.007288252469152212 0.007262441795319319 0.007235245313495398
0.007005770690739155 0.006931358948349953 0.007127908989787102 0.0072590988129377365 0.007277099881321192 0.007277547847479582 0.007277549244463444 0.007277549244463444 0.007277549244463444 0.007277549244463444 0.007277549244463444 0.007277549244463444 0.007277549244463444 0.007277549244463444 0.00727754645049572 0.007277400698512793 0.0072744181379675865 0.007251488044857979 0.007178022526204586 0.007080008741468191 0.007036745082587004 0.007111019920557737 0.007206691429018974 0.007257123943418264 0.007271939422935247 0.007276351563632488 0.00727732852101326 0.007277510594576597 0.007277538068592548 0.007277545519173145 0.0072775473818182945 0.0072775487788021564 0.0072780209593474865 0.007293056696653366 0.007440964225679636 0.007919983938336372 0.00921664945781231 0.008678385987877846 0.008187767118215561 0.007728084456175566 0.007378090638667345 0.007225644774734974 0.007000885903835297
0.006929204799234867 0.0067435079254209995 0.007004129234701395 0.007233122363686562 0.0072758919559419155 0.007277539931237698 0.007277549244463444 0.007277549244463444 0.007277549244463444 0.007277549244463444 0.007277549244463444 0.007277549244463444 0.007277549244463444 0.007277549244463444 0.007277544122189283 0.007277344819158316 0.007274074479937553 0.007252344395965338 0.007190008647739887 0.0071105631068348885 0.0070756571367383 0.007131156977266073 0.007206644397228956 0.007253905292600393 0.007270404603332281 0.007276009302586317 0.007277242839336395 0.007277490105479956 0.007277531549334526 0.007277544587850571 0.007277546916157007 0.007277547847479582 0.007278467528522015 0.007295937743037939 0.0075268978253006935 0.008595064282417297 0.012933754362165928 0.011684189550578594 0.009532161056995392 0.008257996290922165 0.007512518670409918 0.007171213161200285 0.0063804760575294495
0.006971168797463179 0.006706913933157921 0.006936797872185707 0.00720685999840498 0.007273542229086161 0.007277506869286299 0.007277549244463444 0.007277549244463444 0.007277549244463444 0.007277549244463444 0.007277549244463444 0.007277549244463444 0.007277549244463444 0.007277549244463444 0.007277545053511858 0.00727741327136755 0.007275447715073824 0.007262856233865023 0.007225978188216686 0.007175208069384098 0.00714582996442914 0.007173457182943821 0.007220827043056488 0.007255549542605877 0.007270576432347298 0.007276072166860104 0.007277245633304119 0.007277479395270348 0.00727752735838294 0.007277544122189283 0.0072775473818182945 0.00727754645049572 0.00727770896628499 0.007282149512320757 0.007373366504907608 0.0081059280782938 0.015989601612091064 0.015978515148162842 0.012144267559051514 0.00877296645194292 0.007706185337156057 0.0071268766187131405 0.005486685782670975
0.007103615440428257 0.006872989237308502 0.00701378658413887 0.007213196251541376 0.007272066082805395 0.007277440745383501 0.0072775487788021564 0.007277549244463444 0.007277549244463444 0.007277549244463444 0.007277549244463444 0.007277549244463444 0.007277549244463444 0.007277549244463444 0.007277547847479582 0.007277501747012138 0.007276817690581083 0.00727206002920866 0.007255655247718096 0.007228170987218618 0.0072050681337714195 0.007213111966848373 0.007237717974931002 0.007260704413056374 0.007272023241966963 0.007276388816535473 0.007277322467416525 0.007277492433786392 0.007277525030076504 0.0072775427252054214 0.0072775473818182945 0.007277543190866709 0.007277390919625759 0.007275956217199564 0.007270080503076315 0.0072738369926810265 0.008965710178017616 0.013822929933667183 0.012492542155086994 0.00924941711127758 0.007898446172475815 0.00702860439196229 0.004316662438213825
0.007213932927697897 0.007087157107889652 0.0071497890166938305 0.007246015127748251 0.007273938041180372 0.007277422118932009 0.007277548313140869 0.007277549244463444 0.007277549244463444 0.007277549244463444 0.007277549244463444 0.007277549244463444 0.007277549244463444 0.007277549244463444 0.0072775487788021564 0.007277538534253836 0.007277364376932383 0.007275927346199751 0.007269845809787512 0.007256371900439262 0.007239330559968948 0.007237990852445364 0.007250556722283363 0.0072647081688046455 0.007272994611412287 0.007276447489857674 0.007277310360223055 0.007277488708496094 0.0072775245644152164 0.00727753946557641 0.007277544587850571 0.007277528289705515 0.00727695832028985 0.007271109148859978 0.007244361098855734 0.007180741056799889 0.007146162446588278 0.008045818656682968 0.010579354129731655 0.00900203362107277 0.0077774012461304665 0.006963015999644995 0.003697727806866169
0.007262765429913998 0.007213923614472151 0.0072322566993534565 0.007269106339663267 0.007276580668985844 0.007277493830770254 0.007277548313140869 0.007277549244463444 0.007277549244463444 0.007277549244463444 0.007277549244463444 0.007277549244463444 0.007277549244463444 0.007277549244463444 0.007277549244463444 0.007277546916157007 0.007277507800608873 0.007277102675288916 0.007274872623383999 0.007268067914992571 0.00725633604452014 0.007251533214002848 0.007257265038788319 0.007266820874065161 0.0072732665576040745 0.00727635994553566 0.007277253083884716 0.0072774700820446014 0.007277516648173332 0.007277533411979675 0.007277537602931261 0.007277476601302624 0.007275658193975687 0.007258167956024408 0.0071862367913126945 0.007075591012835503 0.006813122890889645 0.006949224509298801 0.007273184601217508 0.007806447800248861 0.007588303182274103 0.006892790086567402 0.003412296762689948
0.007275233510881662 0.007262795697897673 0.0072648413479328156 0.007275568321347237 0.007277440745383501 0.007277541793882847 0.007277549244463444 0.007277549244463444 0.007277549244463444 0.007277549244463444 0.007277549244463444 0.007277549244463444 0.007277549244463444 0.007277549244463444 0.007277549244463444 0.0072775487788021564 0.007277538068592548 0.007277403026819229 0.007276427932083607 0.007272707298398018 0.007263720501214266 0.0072576976381242275 0.007260050158947706 0.0072673894464969635 0.007273172028362751 0.007276198361068964 0.007277180440723896 0.007277440279722214 0.007277501747012138 0.007277524098753929 0.007277522701770067 0.0072773415595293045 0.007273005787283182 0.007237336132675409 0.0070952801033854485 0.006921160500496626 0.0067074596881866455 0.006908233743160963 0.0071541364304721355 0.007269029505550861 0.007434079889208078 0.006796043366193771 0.0036562690511345863
0.007277315016835928 0.007275405339896679 0.00727511802688241 0.007277121767401695 0.007277536205947399 0.0072775487788021564 0.007277549244463444 0.007277549244463444 0.007277549244463444 0.007277549244463444 0.007277549244463444 0.007277549244463444 0.007277549244463444 0.007277549244463444 0.007277549244463444 0.007277549244463444 0.007277544587850571 0.007277477998286486 0.007276907097548246 0.007274211850017309 0.0072667039930820465 0.007259606383740902 0.007260164711624384 0.007266764063388109 0.007272577844560146 0.007275973446667194 0.0072771105915308 0.007277420721948147 0.007277490105479956 0.007277514785528183 0.007277503143996 0.007277101278305054 0.007269745692610741 0.007216823752969503 0.007073011249303818 0.006944878492504358 0.006859612185508013 0.0070953466929495335 0.0072161550633609295 0.007269078865647316 0.007262407802045345 0.006841460708528757 0.0036514352541416883
0.0072775427252054214 0.007277461234480143 0.007277403026819229 0.007277510594576597 0.0072775473818182945 0.007277549244463444 0.007277549244463444 0.007277549244463444 0.007277549244463444 0.007277549244463444 0.007277549244463444 0.007277549244463444 0.007277549244463444 0.007277549244463444 0.007277549244463444 0.007277549244463444 0.007277545053511858 0.007277482654899359 0.00727692898362875 0.007274113595485687 0.00726561713963747 0.007256487384438515 0.007255494594573975 0.007263548672199249 0.007270743139088154 0.007275392767041922 0.007276962511241436 0.007277390919625759 0.0072774747386574745 0.007277505937963724 0.007277480326592922 0.007276865653693676 0.0072674257680773735 0.0072184172458946705 0.007113219238817692 0.007053490728139877 0.007047469262033701 0.0071733491495251656 0.0072526647709310055 0.007274483796209097 0.007274996023625135 0.0069718798622488976 0.003112330101430416
0.007277549244463444 0.007277548313140869 0.007277545984834433 0.007277545519173145 0.0072775487788021564 0.007277549244463444 0.007277549244463444 0.007277549244463444 0.007277549244463444 0.007277549244463444 0.007277549244463444 0.007277549244463444 0.007277549244463444 0.007277549244463444 0.007277549244463444 0.0072775487788021564 0.007277540862560272 0.0072774323634803295 0.007276548072695732 0.007272342219948769 0.007259715814143419 0.007245662156492472 0.007243183441460133 0.007255103439092636 0.007266405038535595 0.00727406982332468 0.007276648655533791 0.007277326192706823 0.007277450058609247 0.007277491968125105 0.007277470547705889 0.0072769587859511375 0.007270673755556345 0.007245257962495089 0.007202910725027323 0.00718314154073596 0.007193493191152811 0.0072493115440011024 0.007271513808518648 0.007277041207998991 0.007277250289916992 0.007162358611822128 0.0034064052160829306
0.007277549244463444 0.007277549244463444 0.007277549244463444 0.0072775487788021564 0.007277549244463444 0.007277549244463444 0.007277549244463444 0.007277549244463444 0.007277549244463444 0.007277549244463444 0.007277549244463444 0.007277549244463444 0.007277549244463444 0.007277549244463444 0.007277549244463444 0.007277547847479582 0.007277520839124918 0.007277215365320444 0.007275091018527746 0.007266436703503132 0.007242217659950256 0.007215920370072126 0.007210528012365103 0.007232623174786568 0.007255305536091328 0.007270405068993568 0.0072757648304104805 0.0072771175764501095 0.007277388125658035 0.007277476601302624 0.007277479395270348 0.0072772610001266 0.007275373674929142 0.007268842775374651 0.007260686717927456 0.007260777056217194 0.007264991290867329 0.007273167371749878 0.00727684423327446 0.0072774686850607395 0.0072775306180119514 0.007247531786561012 0.0055512478575110435
0.007277549244463444 0.007277549244463444 0.007277549244463444 0.007277549244463444 0.007277549244463444 0.007277549244463444 0.007277549244463444 0.007277549244463444 0.007277549244463444 0.007277549244463444 0.007277549244463444 0.007277549244463444 0.007277549244463444 0.007277549244463444 0.0072775487788021564 0.007277538068592548 0.007277391385287046 0.007276087533682585 0.007269028574228287 0.007244804408401251 0.007190154865384102 0.007134842686355114 0.007125884760171175 0.00717345392331481 0.0072257015854120255 0.0072606694884598255 0.007273243274539709 0.007276578806340694 0.007277281489223242 0.007277457043528557 0.007277493365108967 0.007277472876012325 0.007277211640030146 0.007276641204953194 0.007276012562215328 0.0072762202471494675 0.007276749704033136 0.007277300581336021 0.007277511991560459 0.007277545519173145 0.007277552038431168 0.007277218624949455 0.00718191172927618
0.007277549244463444 0.007277549244463444 0.007277549244463444 0.007277549244463444 0.007277549244463444 0.007277549244463444 0.007277549244463444 0.007277549244463444 0.007277549244463444 0.007277549244463444 0.007277549244463444 0.007277549244463444 0.007277549244463444 0.007277549244463444 0.007277543190866709 0.007277456112205982 0.007276531774550676 0.0072702327743172646 0.00724332919344306 0.007169326301664114 0.007030886597931385 0.006896947044879198 0.006882245186716318 0.006995262112468481 0.007126979064196348 0.007225711364299059 0.00726347416639328 0.007274344563484192 0.007276688236743212 0.007277322001755238 0.007277453318238258 0.007277479395270348 0.007277434691786766 0.007277385797351599 0.007277386263012886 0.007277451455593109 0.0072774942964315414 0.007277534808963537 0.007277546916157007 0.007277549710124731 0.007277550175786018 0.007277497090399265 0.0072447312995791435
