2D_landslide/Landslide/figures/6h.txt
ncols   200
nrows   200
xllcorner   0
yllcorner   0
cellsize   12.5
NODATA_value   -9999.00000
[rows 0 to 18 of 200, columns 43 to 85 of 200]
0.007277549244463444 0.007277548313140869 0.007277543190866709 0.007277516648173332 0.007277435157448053 0.007277284283190966 0.00727684423327446 0.007273425813764334 0.0072512077167630196 0.007160018663853407 0.0069549172185361385 0.0067529091611504555 0.006775726564228535 0.007000320125371218 0.007192108780145645 0.007263221312314272 0.007276240736246109 0.0072774821892380714 0.007277546916157007 0.007277549244463444 0.007277549244463444 0.007277549244463444 0.007277549244463444 0.007277549244463444 0.007277549244463444 0.007277549244463444 0.007277549244463444 0.007277549244463444 0.007277549244463444 0.007277549244463444 0.007277549244463444 0.007277549244463444 0.007277549244463444 0.007277548313140869 0.0072775366716086864 0.007277428172528744 0.007276766933500767 0.00727424118667841 0.007268006447702646 0.0072578429244458675 0.007245135959237814 0.007230469491332769 0.007211713586002588
0.0072775487788021564 0.007277545519173145 0.007277527824044228 0.007277454249560833 0.007277235388755798 0.007276483811438084 0.007272097282111645 0.007246410474181175 0.00713674770668149 0.0068378206342458725 0.006377244833856821 0.006082789972424507 0.006257949396967888 0.006736438721418381 0.00710840430110693 0.007247971836477518 0.007274758070707321 0.007277407217770815 0.007277545053511858 0.007277549244463444 0.007277549244463444 0.007277549244463444 0.007277549244463444 0.007277549244463444 0.007277549244463444 0.007277549244463444 0.007277549244463444 0.007277549244463444 0.007277549244463444 0.007277549244463444 0.007277549244463444 0.007277549244463444 0.007277548313140869 0.00727753946557641 0.007277458906173706 0.007276902440935373 0.007274162489920855 0.007264832966029644 0.007242462132126093 0.0072030480951070786 0.007149185054004192 0.007085610646754503 0.0070098526775836945
0.00727754645049572 0.00727753434330225 0.007277473341673613 0.0072772265411913395 0.007276266813278198 0.007271530572324991 0.0072463443502783775 0.007136502303183079 0.006794692017138004 0.006101311184465885 0.0052737100049853325 0.004880130290985107 0.00527964998036623 0.006169628351926804 0.006899623200297356 0.007205122150480747 0.007270356174558401 0.00727718835696578 0.007277538999915123 0.007277549244463444 0.007277549244463444 0.007277549244463444 0.007277549244463444 0.007277549244463444 0.007277549244463444 0.007277549244463444 0.007277549244463444 0.007277549244463444 0.007277549244463444 0.007277549244463444 0.0072775487788021564 0.0072775473818182945 0.007277537137269974 0.0072774686850607395 0.007277065888047218 0.00727505749091506 0.007267055567353964 0.007242751307785511 0.00718535203486681 0.007080403622239828 0.006930878851562738 0.00674725417047739 0.006524273194372654
0.007277534808963537 0.007277480326592922 0.007277233991771936 0.00727621465921402 0.007271790411323309 0.0072509427554905415 0.007160518784075975 0.006850347388535738 0.006083174608647823 0.004803762771189213 0.0034789012279361486 0.002887418493628502 0.0034763114526867867 0.004941069521009922 0.006360683124512434 0.007077301852405071 0.007256144192069769 0.007276482880115509 0.007277521770447493 0.0072775487788021564 0.007277549244463444 0.007277549244463444 0.007277549244463444 0.007277549244463444 0.007277549244463444 0.007277549244463444 0.007277549244463444 0.007277549244463444 0.0072775487788021564 0.0072775473818182945 0.007277542259544134 0.007277521304786205 0.007277435157448053 0.0072770859114825726 0.007275709416717291 0.0072706607170403 0.007254439871758223 0.007210343610495329 0.00710940919816494 0.0069203609600663185 0.0066276234574615955 0.006213237531483173 0.005646967329084873
0.007277463562786579 0.007277194876223803 0.0072761401534080505 0.0072721452452242374 0.0072564128786325455 0.007193532306700945 0.006968653295189142 0.006325753405690193 0.004965253174304962 0.0029526702128350735 0.0009992187842726707 3.0774157494306564e-05 0.0005937344394624233 0.002617985475808382 0.005124339368194342 0.0067283655516803265 0.007212626747786999 0.007274245843291283 0.007277469150722027 0.007277547847479582 0.007277549244463444 0.007277549244463444 0.007277549244463444 0.007277549244463444 0.007277549244463444 0.007277549244463444 0.0072775487788021564 0.00727754645049572 0.007277538534253836 0.007277514785528183 0.007277448661625385 0.007277275901287794 0.007276823744177818 0.007275617681443691 0.0072722951881587505 0.007263166829943657 0.007239277474582195 0.007181066088378429 0.007051396649330854 0.006794806569814682 0.0063332547433674335 0.005556231364607811 0.004342740401625633
0.007277034688740969 0.007275791838765144 0.007271847687661648 0.007259512320160866 0.007218943443149328 0.007082806434482336 0.006665750872343779 0.005614270456135273 0.0035950951278209686 0.0008166385814547539 0.0 0.0 0.0 0.0 0.0029402454383671284 0.005972669459879398 0.007102464325726032 0.007268136832863092 0.0072773294523358345 0.00727754645049572 0.007277549244463444 0.007277549244463444 0.007277549244463444 0.007277549244463444 0.0072775487788021564 0.007277545984834433 0.007277534808963537 0.007277496624737978 0.007277392316609621 0.007277149707078934 0.007276666816323996 0.007275787182152271 0.007274195551872253 0.007271213456988335 0.007265186402946711 0.0072524454444646835 0.007224519271403551 0.007162792608141899 0.007025665137916803 0.00672776997089386 0.006100281607359648 0.004854200407862663 0.0026513347402215004
0.007275015115737915 0.007270417641848326 0.007259185425937176 0.007231590338051319 0.0071565378457307816 0.006937994156032801 0.0063344454392790794 0.004917883314192295 0.002328160684555769 0.0 0.0 0.0 0.0 0.0 0.00023543275892734528 0.004793239291757345 0.0068947868421673775 0.0072552780620753765 0.007277040276676416 0.007277543656527996 0.007277549244463444 0.007277549244463444 0.007277548313140869 0.00727754645049572 0.007277538068592548 0.007277504075318575 0.007277387659996748 0.007277053315192461 0.007276276126503944 0.007274812087416649 0.007272512186318636 0.007269349880516529 0.007265202701091766 0.007259497884660959 0.007250741124153137 0.007235581520944834 0.007206680718809366 0.007146467920392752 0.007010507397353649 0.006686689332127571 0.005902617238461971 0.004113693721592426 0.000659008976072073
0.007268271408975124 0.007255360018461943 0.007232367526739836 0.007190172094851732 0.007092808838933706 0.006830612197518349 0.006137221120297909 0.0045392317697405815 0.0016241176053881645 0.0 0.0 0.0 0.0 0.0 0.0 0.003531740279868245 0.006622289307415485 0.00723603181540966 0.007276606746017933 0.007277539931237698 0.007277548313140869 0.007277546916157007 0.007277541793882847 0.0072775231674313545 0.007277457043528557 0.007277227472513914 0.00727652246132493 0.00727472361177206 0.007271007169038057 0.007264823652803898 0.0072564370930194855 0.007246968802064657 0.007237535901367664 0.007228212431073189 0.007217341102659702 0.007201080676168203 0.007171486504375935 0.0071099502965807915 0.0069670891389250755 0.006603976245969534 0.005641898140311241 0.0032525728456676006 0.0
0.007250795606523752 0.007221205625683069 0.007188719697296619 0.0071517592296004295 0.0070716990157961845 0.006842732895165682 0.006218952592462301 0.004729871172457933 0.0018667718395590782 0.0 0.0 0.0 0.0 0.0 0.0 0.002675328403711319 0.006389644928276539 0.007216761354357004 0.00727615924552083 0.0072775352746248245 0.007277544122189283 0.007277532946318388 0.007277497556060553 0.007277394644916058 0.007277069613337517 0.007276024203747511 0.007273055613040924 0.007266045548021793 0.0072525301948189735 0.007231357041746378 0.0072044916450977325 0.007177061401307583 0.007154667750000954 0.007139040157198906 0.007127419579774141 0.0071122352965176105 0.007081047166138887 0.0070090522058308125 0.006834724918007851 0.0063822316005826 0.0051644425839185715 0.0021269014105200768 0.0
0.007207364309579134 0.007149201352149248 0.007127195131033659 0.0071351733058691025 0.007114049047231674 0.0069794803857803345 0.0065610893070697784 0.005473386496305466 0.0031314101070165634 0.0 0.0 0.0 0.0 0.0 0.0 0.0024928227066993713 0.006291814614087343 0.0072053116746246815 0.0072758495807647705 0.007277524098753929 0.00727752223610878 0.007277466356754303 0.007277306169271469 0.0072768814861774445 0.007275599054992199 0.007271704263985157 0.0072613428346812725 0.007238240912556648 0.007195605430752039 0.007130628451704979 0.007049621548503637 0.006968660280108452 0.00690687308087945 0.006870928220450878 0.0068583074025809765 0.006849563214927912 0.006817912217229605 0.006721351761370897 0.006470410153269768 0.005834528245031834 0.004230361431837082 0.000562524888664484 0.0
0.007112833671271801 0.007026073057204485 0.007060319650918245 0.007147845812141895 0.007187947165220976 0.007143406197428703 0.006950321141630411 0.006380485370755196 0.0049243103712797165 0.00204281834885478 0.0 0.0 0.0 0.0 0.0 0.0029329443350434303 0.006341089494526386 0.007204003166407347 0.007275683339685202 0.007277471479028463 0.0072774216532707214 0.00727720744907856 0.007276609074324369 0.0072749764658510685 0.007270174100995064 0.007256507407873869 0.007222685031592846 0.00715141324326396 0.007025395054370165 0.006838655099272728 0.00660792225971818 0.00637437030673027 0.0061878785490989685 0.00607680156826973 0.006041963119059801 0.006041835527867079 0.0060147251933813095 0.0058722239919006824 0.005481543950736523 0.004536146763712168 0.002434610389173031 0.0 0.0
0.006982435006648302 0.006904593203216791 0.007034569513052702 0.007185514084994793 0.007244606502354145 0.0072407848201692104 0.007184361107647419 0.006988578476011753 0.0063608926720917225 0.004718765616416931 0.0017431564629077911 0.0 0.0 0.0 0.0 0.0037275913637131453 0.006477158050984144 0.007208904251456261 0.007275410927832127 0.007277191616594791 0.00727693410590291 0.007276104763150215 0.007273768540471792 0.007267246954143047 0.007249060552567244 0.007201528176665306 0.007093062158674002 0.006881829351186752 0.0065322332084178925 0.00603690417483449 0.005447039380669594 0.004849676042795181 0.004347854293882847 0.004013196565210819 0.003854362526908517 0.003812784096226096 0.003774932585656643 0.0035810836125165224 0.0030107437632977962 0.0017360774800181389 0.0 0.0 0.0
0.0069139935076236725 0.006893325597047806 0.007086513098329306 0.0072308192029595375 0.007269525434821844 0.007271638605743647 0.007261406164616346 0.007217534352093935 0.007027449086308479 0.0063379076309502125 0.004612633492797613 0.001991391647607088 0.0 0.0 0.0015242146328091621 0.004547702614217997 0.0066211894154548645 0.007213377393782139 0.00727406470105052 0.007275643292814493 0.007274341769516468 0.0072706313803792 0.007260662037879229 0.007233996409922838 0.007165717426687479 0.007005135994404554 0.006675297860056162 0.006094684824347496 0.005226461682468653 0.004106536507606506 0.0028530056588351727 0.0016534035094082355 0.0006236056797206402 0.0 0.0 0.0 0.0 0.0 0.0 0.0 0.0 0.0 0.0
0.006982079707086086 0.007014052476733923 0.007178499363362789 0.007262062281370163 0.007276276592165232 0.007276951335370541 0.0072755878791213036 0.007266622968018055 0.007207813672721386 0.006938055623322725 0.0060972003266215324 0.0044122058898210526 0.002561267465353012 0.001901734620332718 0.0030248756520450115 0.005136040039360523 0.0067094783298671246 0.007208054885268211 0.0072673833929002285 0.007267485838383436 0.007260918151587248 0.007244013249874115 0.007202010601758957 0.007100447081029415 0.006869907956570387 0.006387058179825544 0.005516780074685812 0.004167222883552313 0.002407732419669628 0.00041388627141714096 0.0 0.0 0.0 0.0 0.0 0.0 0.0 0.0 0.0 0.0 0.0 0.0 0.0
0.007122610229998827 0.007160657085478306 0.007245050743222237 0.007274411153048277 0.007277423515915871 0.00727749802172184 0.007277175318449736 0.007272528484463692 0.007236603181809187 0.007091199047863483 0.0066611371003091335 0.005573343485593796 0.004098380915820599 0.003247900865972042 0.0038378131575882435 0.005408003460615873 0.006703494116663933 0.007174323778599501 0.007238680496811867 0.0072301593609154224 0.007201021071523428 0.0071335043758153915 0.00698432931676507 0.00666331360116601 0.0060195839032530785 0.004847773350775242 0.0030231461860239506 0.000609260518103838 0.0 0.0 0.0 0.0 0.0 0.0 0.0 0.0 0.0 0.0 0.0 0.0 0.0 0.0 0.0
0.0072258710861206055 0.007244695909321308 0.007270958740264177 0.00727717112749815 0.0072775413282215595 0.007277537602931261 0.007277237717062235 0.007272548042237759 0.007241409737616777 0.007132251746952534 0.006867070682346821 0.006151518318802118 0.004856407642364502 0.0038377565797418356 0.004062836989760399 0.005333698354661465 0.006570403464138508 0.007077574729919434 0.007143817842006683 0.007101317867636681 0.007001922465860844 0.0068006133660674095 0.006404975429177284 0.005663009360432625 0.0043473998084664345 0.0022455621510744095 0.0 0.0 0.0 0.0 0.0 0.0 0.0 0.0 0.0 0.0 1.9441358745098114e-05 0.002798353787511587 0.005825769156217575 0.009599018841981888 0.013762589544057846 0.017416207119822502 0.012228628620505333
0.007266518194228411 0.007271705195307732 0.007276718970388174 0.007277521304786205 0.0072775487788021564 0.007277537602931261 0.007277179509401321 0.007272682618349791 0.007247822359204292 0.007178082596510649 0.007008425425738096 0.006450891029089689 0.005167002324014902 0.0038790341932326555 0.0037725060246884823 0.004936151206493378 0.006268818862736225 0.006873170845210552 0.0069245826452970505 0.006797966547310352 0.006562330760061741 0.0061392514035105705 0.00540853850543499 0.0041580768302083015 0.0021663205698132515 0.0 0.0 0.0 0.0 0.0 0.0 0.0 0.0 0.0007632691413164139 0.004945096559822559 0.00992707908153534 0.01570822484791279 0.023373134434223175 0.0325583890080452 0.04260161146521568 0.052516091614961624 0.058075472712516785 0.04879159852862358
0.00727597251534462 0.0072768633253872395 0.007277479860931635 0.007277547847479582 0.0072775487788021564 0.0072775352746248245 0.007277229800820351 0.007274198811501265 0.0072600021958351135 0.007223574444651604 0.007122492883354425 0.006649637594819069 0.005257145501673222 0.003553267801180482 0.00309515418484807 0.004226843826472759 0.0057938178069889545 0.006578384432941675 0.006605332717299461 0.0063674431294202805 0.005981184542179108 0.0053664338774979115 0.0043563260696828365 0.0027409414760768414 0.0003435146063566208 0.0 0.0 0.0 0.0 0.0 0.0 0.0 0.0022014910355210304 0.007138984277844429 0.013200310990214348 0.02131269872188568 0.03190940245985985 0.04683452472090721 0.06546495109796524 0.08631325513124466 0.1050223782658577 0.11436869204044342 0.10922766476869583
0.007277342956513166 0.007277472876012325 0.007277543190866709 0.007277549244463444 0.0072775487788021564 0.007277538534253836 0.007277355529367924 0.0072758616879582405 0.007269933354109526 0.007255011238157749 0.0071955048479139805 0.006760271731764078 0.005155568011105061 0.0029177283868193626 0.0020881020464003086 0.0032349461689591408 0.005191149190068245 0.0062983171083033085 0.006370991468429565 0.006066193804144859 0.005614195019006729 0.0049080499447882175 0.003725433023646474 0.0019044079817831516 0.0 0.0 0.0 0.0 0.0 0.0 0.0 0.0 0.003894154215231538 0.009390318766236305 0.016786731779575348 0.02786991000175476 0.04471275210380554 0.06986719369888306 0.10065320879220963 0.13367776572704315 0.1611388772726059 0.17648759484291077 0.18102054297924042
