2D_landslide/Landslide/figures/6h.txt
ncols   200
nrows   200
xllcorner   0
yllcorner   0
cellsize   12.5
NODATA_value   -9999.00000
[rows 19 to 37 of 200, columns 0 to 42 of 200]
0.007277549244463444 0.007277549244463444 0.007277549244463444 0.007277549244463444 0.007277549244463444 0.007277549244463444 0.007277549244463444 0.007277549244463444 0.0072775487788021564 0.007277521304786205 0.007276563439518213 0.007266994100064039 0.007234616205096245 0.0071862563490867615 0.007139930501580238 0.007095322944223881 0.007044189143925905 0.0069896383211016655 0.006951479706913233 0.0069496058858931065 0.0069845388643443584 0.007042714394629002 0.007108557038009167 0.007161588873714209 0.007195130921900272 0.007229717448353767 0.007260492071509361 0.007273930124938488 0.007277012336999178 0.007277476601302624 0.007277537602931261 0.00727754645049572 0.007277548313140869 0.0072775487788021564 0.007277549244463444 0.007277549244463444 0.007277549244463444 0.007277549244463444 0.007277549244463444 0.007277549244463444 0.0072775487788021564 0.007277544122189283 0.007277530152350664
0.007277549244463444 0.007277549244463444 0.007277549244463444 0.007277549244463444 0.007277549244463444 0.007277549244463444 0.007277549244463444 0.007277549244463444 0.0072775473818182945 0.007277440745383501 0.007275184150785208 0.007259710691869259 0.007219474297016859 0.007168429438024759 0.0071221222169697285 0.007074007764458656 0.007009927183389664 0.0069270203821361065 0.006847047246992588 0.006808463484048843 0.006834021769464016 0.006915723439306021 0.007026467472314835 0.007129071280360222 0.007201759610325098 0.007248227950185537 0.007270399946719408 0.00727645680308342 0.0072774216532707214 0.007277533877640963 0.007277546916157007 0.0072775487788021564 0.007277549244463444 0.007277549244463444 0.007277549244463444 0.007277549244463444 0.007277549244463444 0.007277549244463444 0.007277549244463444 0.007277549244463444 0.007277549244463444 0.007277548313140869 0.00727754645049572
0.007277549244463444 0.007277549244463444 0.007277549244463444 0.007277549244463444 0.007277549244463444 0.007277549244463444 0.007277549244463444 0.007277549244463444 0.0072775413282215595 0.007277217693626881 0.00727259973064065 0.0072495159693062305 0.007202386390417814 0.007153406273573637 0.007116798311471939 0.007083027623593807 0.007036289200186729 0.006968819536268711 0.0068935826420784 0.006848296150565147 0.006868646014481783 0.0069545260630548 0.0070708212442696095 0.007171387784183025 0.007233921438455582 0.007264652755111456 0.007275163661688566 0.007277262397110462 0.007277520373463631 0.007277545984834433 0.0072775487788021564 0.007277549244463444 0.007277549244463444 0.007277549244463444 0.007277549244463444 0.007277549244463444 0.007277549244463444 0.007277549244463444 0.007277549244463444 0.007277549244463444 0.007277549244463444 0.007277549244463444 0.0072775487788021564
0.007277549244463444 0.007277549244463444 0.007277549244463444 0.007277549244463444 0.007277549244463444 0.007277549244463444 0.007277549244463444 0.0072775487788021564 0.007277525495737791 0.007276796270161867 0.007269049063324928 0.00723895151168108 0.0071897245943546295 0.00715067982673645 0.007134024519473314 0.007128061726689339 0.007117946166545153 0.007095768116414547 0.007065557409077883 0.007047789171338081 0.007067267782986164 0.007124705705791712 0.007191815879195929 0.007239304017275572 0.007263236213475466 0.007273607421666384 0.00727688055485487 0.007277475204318762 0.007277541793882847 0.007277548313140869 0.007277549244463444 0.007277549244463444 0.007277549244463444 0.007277549244463444 0.007277549244463444 0.007277549244463444 0.007277549244463444 0.007277549244463444 0.007277549244463444 0.007277549244463444 0.007277549244463444 0.007277549244463444 0.007277549244463444
0.007277549244463444 0.007277549244463444 0.007277549244463444 0.007277549244463444 0.007277549244463444 0.007277549244463444 0.007277549244463444 0.007277548313140869 0.0072775003500282764 0.007276283111423254 0.007265808526426554 0.00723248440772295 0.00718860374763608 0.007166392635554075 0.007172371726483107 0.00719005661085248 0.007204919587820768 0.007211938500404358 0.00721304165199399 0.0072151185013353825 0.007226021960377693 0.007245042826980352 0.007261900696903467 0.007270286791026592 0.007274110335856676 0.007276472169905901 0.007277361582964659 0.007277527824044228 0.00727754645049572 0.0072775487788021564 0.007277549244463444 0.007277549244463444 0.007277549244463444 0.007277549244463444 0.007277549244463444 0.007277549244463444 0.007277549244463444 0.007277549244463444 0.007277549244463444 0.007277549244463444 0.007277549244463444 0.007277549244463444 0.007277549244463444
0.007277549244463444 0.007277549244463444 0.007277549244463444 0.007277549244463444 0.007277549244463444 0.007277549244463444 0.007277549244463444 0.007277547847479582 0.0072774761356413364 0.00727588078007102 0.007264170330017805 0.007232725154608488 0.007200310472398996 0.007195844314992428 0.007216034922748804 0.0072398376651108265 0.007255862932652235 0.0072641270235180855 0.007268014829605818 0.007270326837897301 0.007272668182849884 0.00727497274056077 0.007276036310940981 0.007276084739714861 0.007276581600308418 0.007277172524482012 0.007277480326592922 0.007277540396898985 0.007277548313140869 0.007277549244463444 0.007277549244463444 0.007277549244463444 0.007277549244463444 0.007277549244463444 0.007277549244463444 0.007277549244463444 0.007277549710124731 0.007277549710124731 0.007277549244463444 0.007277549244463444 0.007277549244463444 0.007277549244463444 0.007277549244463444
0.007277549244463444 0.007277549244463444 0.007277549244463444 0.007277549244463444 0.007277549244463444 0.007277549244463444 0.007277549244463444 0.007277547847479582 0.0072774565778672695 0.0072756423614919186 0.007264080457389355 0.007237883750349283 0.007218602113425732 0.007226538844406605 0.007248677778989077 0.007265571970492601 0.00727334339171648 0.0072760507464408875 0.0072769224643707275 0.007277242373675108 0.007277396507561207 0.007277426775544882 0.007277179509401321 0.00727700674906373 0.007277209777384996 0.00727744260802865 0.007277528755366802 0.007277545984834433 0.0072775487788021564 0.007277549244463444 0.007277549244463444 0.007277549244463444 0.007277549244463444 0.007277549244463444 0.007277549710124731 0.007277552038431168 0.0072775534354150295 0.00727755157276988 0.007277549710124731 0.007277549244463444 0.007277549244463444 0.007277549244463444 0.007277549244463444
0.007277549244463444 0.007277549244463444 0.007277549244463444 0.007277549244463444 0.007277549244463444 0.007277549244463444 0.007277549244463444 0.007277546916157007 0.00727743050083518 0.007275393232703209 0.007264317478984594 0.007243880070745945 0.007235636003315449 0.007249149959534407 0.0072661773301661015 0.0072746179066598415 0.00727699464187026 0.007277455180883408 0.0072775366716086864 0.007277546916157007 0.007277543190866709 0.007277503609657288 0.0072774155996739864 0.007277392782270908 0.007277463097125292 0.00727752223610878 0.007277543656527996 0.007277548313140869 0.0072775487788021564 0.007277549244463444 0.007277549244463444 0.007277549244463444 0.007277549244463444 0.007277550641447306 0.007277557160705328 0.007277566473931074 0.00727756367996335 0.007277553901076317 0.007277549710124731 0.007277549244463444 0.007277549244463444 0.007277549244463444 0.007277549244463444
0.007277549244463444 0.007277549244463444 0.007277549244463444 0.007277549244463444 0.007277549244463444 0.007277549244463444 0.007277549244463444 0.007277545519173145 0.007277368567883968 0.007274797186255455 0.00726342061534524 0.007247552741318941 0.007247472181916237 0.007262324448674917 0.0072734784334897995 0.007276181131601334 0.007277439348399639 0.007277543190866709 0.0072775487788021564 0.0072775487788021564 0.007277545053511858 0.007277528755366802 0.007277508731931448 0.0072775124572217464 0.007277531549334526 0.007277543656527996 0.007277547847479582 0.0072775487788021564 0.007277549244463444 0.007277549244463444 0.007277549244463444 0.007277549244463444 0.007277550641447306 0.007277563214302063 0.007277593016624451 0.007277599070221186 0.007277572061866522 0.0072775534354150295 0.007277549710124731 0.007277549244463444 0.007277549244463444 0.007277549244463444 0.007277549244463444
0.007277549244463444 0.007277549244463444 0.007277549244463444 0.007277549244463444 0.007277549244463444 0.007277549244463444 0.007277549244463444 0.007277539931237698 0.007277183700352907 0.007273176219314337 0.0072596813552081585 0.007247176021337509 0.007221306674182415 0.007255229167640209 0.007273410446941853 0.007277192082256079 0.00727753434330225 0.0072775487788021564 0.007277549244463444 0.0072775487788021564 0.00727754645049572 0.0072775413282215595 0.007277538999915123 0.007277542259544134 0.00727754645049572 0.007277548313140869 0.0072775487788021564 0.007277549244463444 0.007277549244463444 0.007277549244463444 0.0072775487788021564 0.007277549710124731 0.007277562282979488 0.007277616299688816 0.007277666125446558 0.007277622353285551 0.007277567405253649 0.007277551107108593 0.007277549244463444 0.007277549244463444 0.007277549244463444 0.007277549244463444 0.007277549244463444
0.007277549244463444 0.007277549244463444 0.007277549244463444 0.007277549244463444 0.007277549244463444 0.007277549244463444 0.0072775487788021564 0.007277514319866896 0.0072765345685184 0.007268617395311594 0.0072124251164495945 0.007191868964582682 0.0072234985418617725 0.007261874154210091 0.007275613956153393 0.007277448195964098 0.007277546916157007 0.007277549244463444 0.007277549244463444 0.0072775487788021564 0.007277547847479582 0.00727754645049572 0.007277546916157007 0.007277548313140869 0.0072775487788021564 0.007277549244463444 0.007277549244463444 0.007277549244463444 0.007277549244463444 0.007277549244463444 0.0072775487788021564 0.007277553901076317 0.007277602329850197 0.007277711294591427 0.007277712691575289 0.007277606520801783 0.007277557160705328 0.007277549710124731 0.007277549244463444 0.007277549244463444 0.007277549244463444 0.007277549244463444 0.007277549244463444
0.007277549244463444 0.007277549244463444 0.007277549244463444 0.007277549244463444 0.007277549244463444 0.007277549244463444 0.007277505937963724 0.007276236079633236 0.007262848783284426 0.007214871700853109 0.007151066791266203 0.007147056981921196 0.007212871685624123 0.007264146115630865 0.007276439573615789 0.007277513854205608 0.0072775487788021564 0.007277549244463444 0.007277549244463444 0.007277549244463444 0.0072775487788021564 0.007277548313140869 0.0072775487788021564 0.007277549244463444 0.007277549244463444 0.007277549244463444 0.007277549244463444 0.007277549244463444 0.007277549244463444 0.007277549244463444 0.007277549710124731 0.007277565076947212 0.0072776563465595245 0.007277755066752434 0.007277673110365868 0.007277572527527809 0.007277550175786018 0.007277549244463444 0.007277549244463444 0.007277549244463444 0.007277549244463444 0.007277549244463444 0.007277549244463444
0.007277549244463444 0.007277549244463444 0.007277549244463444 0.007277549244463444 0.007277549244463444 0.007277541793882847 0.007277235388755798 0.007270715665072203 0.007224094122648239 0.007108013611286879 0.007010300178080797 0.007060564588755369 0.007194900885224342 0.007264599669724703 0.0072768013924360275 0.007277530152350664 0.0072775487788021564 0.007277549710124731 0.007277549710124731 0.007277549244463444 0.007277549244463444 0.007277549244463444 0.007277549244463444 0.007277549244463444 0.007277549244463444 0.007277549244463444 0.007277549244463444 0.007277549244463444 0.007277549244463444 0.007277549244463444 0.007277550175786018 0.0072775715962052345 0.0072776502929627895 0.007277670316398144 0.007277579978108406 0.007277544587850571 0.0072775473818182945 0.007277549244463444 0.007277549244463444 0.007277549244463444 0.007277549244463444 0.007277549244463444 0.007277549244463444
0.007277549244463444 0.007277549244463444 0.007277549244463444 0.007277549244463444 0.0072775473818182945 0.007277478463947773 0.007275231648236513 0.007243598345667124 0.007093573920428753 0.006835628766566515 0.006722291465848684 0.006910218391567469 0.007167380768805742 0.007264394313097 0.007276953663676977 0.007277535740286112 0.007277549244463444 0.007277550175786018 0.007277550641447306 0.007277549710124731 0.007277549244463444 0.007277549244463444 0.007277549244463444 0.007277549244463444 0.007277549244463444 0.007277549244463444 0.007277549244463444 0.007277549244463444 0.007277549244463444 0.007277549244463444 0.007277550175786018 0.007277561351656914 0.00727758277207613 0.0072775473818182945 0.00727751012891531 0.007277531083673239 0.00727754645049572 0.007277549244463444 0.007277549244463444 0.007277549244463444 0.007277549244463444 0.007277549244463444 0.007277549244463444
0.007277549244463444 0.007277549244463444 0.007277549244463444 0.007277548313140869 0.007277526892721653 0.007276828400790691 0.007261987309902906 0.0071333833038806915 0.00673400703817606 0.0062637184746563435 0.006234441883862019 0.006714985705912113 0.007139238528907299 0.00726470910012722 0.007277118507772684 0.0072775427252054214 0.007277549710124731 0.007277550641447306 0.007277551107108593 0.007277550175786018 0.007277549244463444 0.007277549244463444 0.007277549244463444 0.007277549244463444 0.007277549244463444 0.007277549244463444 0.007277549244463444 0.007277549244463444 0.007277549244463444 0.007277549244463444 0.007277549244463444 0.007277549710124731 0.007277535740286112 0.007277494762092829 0.007277493830770254 0.007277530152350664 0.00727754645049572 0.007277549244463444 0.007277549244463444 0.007277549244463444 0.007277549244463444 0.007277549244463444 0.007277549244463444
0.007277549244463444 0.007277549244463444 0.007277547847479582 0.00727753434330225 0.007277252152562141 0.007271338254213333 0.007198036648333073 0.00681980699300766 0.00603729160502553 0.0054196929559111595 0.005648297723382711 0.006535817869007587 0.007130123674869537 0.007266832049936056 0.007277288008481264 0.007277546916157007 0.007277549710124731 0.007277550641447306 0.007277551107108593 0.007277549710124731 0.007277549244463444 0.007277549244463444 0.007277549244463444 0.007277549244463444 0.007277549244463444 0.007277549244463444 0.007277549244463444 0.007277549244463444 0.007277549244463444 0.007277549244463444 0.007277549244463444 0.00727754645049572 0.007277532480657101 0.007277508731931448 0.007277513388544321 0.007277537137269974 0.0072775473818182945 0.007277549244463444 0.007277549244463444 0.007277549244463444 0.007277549244463444 0.007277549244463444 0.007277549244463444
0.0072775473818182945 0.007277543190866709 0.007277517579495907 0.007277271710336208 0.00727406470105052 0.0072368476539850235 0.006993891205638647 0.006242022383958101 0.005149032920598984 0.0046499925665557384 0.005342403426766396 0.006535950116813183 0.0071571809239685535 0.00727058993652463 0.007277416530996561 0.007277548313140869 0.007277549710124731 0.007277550175786018 0.007277550175786018 0.007277549710124731 0.007277549244463444 0.007277549244463444 0.007277549244463444 0.007277549244463444 0.007277549244463444 0.007277549244463444 0.007277549244463444 0.007277549244463444 0.007277549244463444 0.007277549244463444 0.007277549244463444 0.007277547847479582 0.0072775427252054214 0.0072775352746248245 0.0072775366716086864 0.007277544587850571 0.007277548313140869 0.007277549244463444 0.007277549244463444 0.007277549244463444 0.007277549244463444 0.007277549244463444 0.007277549244463444
0.0072774384170770645 0.007277283351868391 0.007276638876646757 0.007272822316735983 0.007245928980410099 0.007088308688253164 0.006537686102092266 0.005509938113391399 0.004525504074990749 0.004465335980057716 0.005546774249523878 0.006735691800713539 0.007207142189145088 0.007274280767887831 0.00727749802172184 0.0072775487788021564 0.007277549244463444 0.007277549710124731 0.007277549710124731 0.007277549710124731 0.007277549244463444 0.007277549244463444 0.007277549244463444 0.007277549244463444 0.007277549244463444 0.007277549244463444 0.007277549244463444 0.007277549244463444 0.007277549244463444 0.007277549244463444 0.007277549244463444 0.0072775487788021564 0.007277547847479582 0.00727754645049572 0.007277546916157007 0.007277547847479582 0.0072775487788021564 0.007277549244463444 0.007277549244463444 0.007277549244463444 0.007277549244463444 0.007277549244463444 0.007277549244463444
0.0072717550210654736 0.007267290726304054 0.007255142088979483 0.007213807199150324 0.007064011879265308 0.006633029785007238 0.005840844474732876 0.004942801780998707 0.004482042510062456 0.004987764172255993 0.006161361001431942 0.0070069520734250546 0.007250265218317509 0.007276534102857113 0.007277535740286112 0.007277549244463444 0.007277549244463444 0.007277549244463444 0.007277549710124731 0.007277549244463444 0.007277549244463444 0.007277549244463444 0.007277549244463444 0.007277549244463444 0.007277549244463444 0.007277549244463444 0.007277549244463444 0.007277549244463444 0.007277549244463444 0.007277549244463444 0.007277549244463444 0.007277549244463444 0.007277549244463444 0.0072775487788021564 0.0072775487788021564 0.007277549244463444 0.007277549244463444 0.007277549244463444 0.007277549244463444 0.007277549244463444 0.007277549244463444 0.007277549244463444 0.007277549244463444
