2D_landslide/Landslide/figures/6u.txt
ncols   200
nrows   200
xllcorner   0
yllcorner   0
cellsize   12.5
NODATA_value   -9999.00000
[rows 133 to 151 of 200, columns 84 to 125 of 200]
0.7680611610412598 1.2059632539749146 1.6395941972732544 1.7807315587997437 2.252310276031494 3.1787819862365723 3.4541995525360107 3.3549578189849854 3.129870653152466 2.482933282852173 1.8191497325897217 1.3984702825546265 1.1931164264678955 1.1910980939865112 1.3710641860961914 1.5287431478500366 1.6054702997207642 1.6107956171035767 1.4189603328704834 1.1290405988693237 0.887732207775116 0.7068330645561218 0.5843837857246399 0.4976557195186615 0.45338940620422363 0.4319877028465271 0.3899012506008148 0.3087122142314911 0.1970205157995224 0.03849797695875168 -0.07114337384700775 -0.10037416219711304 -0.046240728348493576 0.07559403777122498 0.2123335301876068 0.33294689655303955 0.42548868060112 0.5171084403991699 0.631039559841156 0.7536713480949402 0.8603000640869141 0.9375873804092407
1.1800971031188965 1.6488829851150513 1.732056975364685 2.212357759475708 3.4900617599487305 3.808474540710449 3.883864402770996 4.036186695098877 3.844524621963501 3.072248697280884 2.068692445755005 1.4215540885925293 1.0368854999542236 1.0178099870681763 1.2042784690856934 1.3495148420333862 1.4279391765594482 1.4438226222991943 1.3062665462493896 1.0925261974334717 0.9319446086883545 0.8235287666320801 0.7395904064178467 0.6544882655143738 0.5869725346565247 0.541378915309906 0.48946696519851685 0.4086998999118805 0.2714292109012604 0.12362273037433624 0.014979383908212185 -0.003906398080289364 0.051473792642354965 0.16907243430614471 0.28484171628952026 0.38666069507598877 0.4865960478782654 0.6070924997329712 0.743833601474762 0.8700266480445862 0.9517902731895447 1.2259876728057861
1.5540469884872437 1.674159288406372 1.9460171461105347 2.8243231773376465 3.69270920753479 3.81731915473938 4.251178741455078 4.46759033203125 4.147251605987549 3.1312901973724365 2.007282257080078 1.3817119598388672 0.9310883283615112 0.8129450082778931 0.9781205654144287 1.1288292407989502 1.2144079208374023 1.2640105485916138 1.2438786029815674 1.1622552871704102 1.0791689157485962 1.0131350755691528 0.9379599094390869 0.8392033576965332 0.7398853302001953 0.6574200987815857 0.5788368582725525 0.4886721968650818 0.34442442655563354 0.22637894749641418 0.13797494769096375 0.1255805641412735 0.17381465435028076 0.25743111968040466 0.35397177934646606 0.4755484461784363 0.6181570887565613 0.7699501514434814 0.9119665026664734 0.9965384602546692 1.1816023588180542 1.5697240829467773
1.6933790445327759 1.7058509588241577 2.185657024383545 3.0405218601226807 3.663296937942505 3.8381154537200928 4.291863441467285 4.349819183349609 3.7815823554992676 2.6226046085357666 1.714866042137146 1.2105238437652588 0.7193538546562195 0.5453240871429443 0.7010082006454468 0.8682237863540649 0.9999825358390808 1.1380054950714111 1.2739205360412598 1.3469502925872803 1.3214741945266724 1.2618999481201172 1.1759824752807617 1.0606156587600708 0.9310643672943115 0.806991696357727 0.6906689405441284 0.5655043721199036 0.42791032791137695 0.31653013825416565 0.2536563575267792 0.2445380985736847 0.2777898609638214 0.3585071563720703 0.49139487743377686 0.6553613543510437 0.8163643479347229 0.9551812410354614 1.0555675029754639 1.1327433586120605 1.478461503982544 1.873504877090454
1.7074471712112427 1.744712471961975 2.277146577835083 3.012233018875122 3.413405418395996 3.4352078437805176 3.6194581985473633 3.465139627456665 2.770294189453125 1.8462857007980347 1.332478404045105 0.8793449997901917 0.4078734815120697 0.2920345366001129 0.4956439733505249 0.7261553406715393 0.9505612254142761 1.184213638305664 1.4133976697921753 1.586700201034546 1.6186180114746094 1.5584089756011963 1.4584542512893677 1.3369789123535156 1.1931970119476318 1.0461775064468384 0.8793955445289612 0.7240285277366638 0.5856385827064514 0.48998111486434937 0.43860772252082825 0.41937050223350525 0.4446452260017395 0.5506801009178162 0.7067825794219971 0.8611145615577698 0.9702117443084717 1.0635777711868286 1.1272900104522705 1.309797763824463 1.750694990158081 2.04984450340271
1.6552187204360962 1.8337174654006958 2.327630043029785 2.731165647506714 2.7719154357910156 2.5982725620269775 2.4128596782684326 2.1371803283691406 1.5904396772384644 1.1252820491790771 0.8722086548805237 0.47558751702308655 0.17112912237644196 0.23951785266399384 0.5390559434890747 0.8371708393096924 1.1148885488510132 1.3724250793457031 1.6027356386184692 1.7913810014724731 1.8795645236968994 1.8695544004440308 1.7841062545776367 1.6832058429718018 1.5765811204910278 1.4221514463424683 1.2411556243896484 1.0619317293167114 0.919001579284668 0.8075481057167053 0.7312875986099243 0.6859415769577026 0.7055591940879822 0.7947970628738403 0.9039262533187866 0.987968921661377 1.0316880941390991 1.1077412366867065 1.1782335042953491 1.528607964515686 1.9110627174377441 2.04611873626709
1.6146888732910156 1.7927987575531006 2.0912158489227295 2.142545700073242 1.9779671430587769 1.71095609664917 1.28170645236969 0.8905860185623169 0.5856500267982483 0.49255111813545227 0.3803601562976837 0.1590368151664734 0.12654641270637512 0.3807060122489929 0.7321219444274902 1.045675277709961 1.3242582082748413 1.5681381225585938 1.774351954460144 1.9394913911819458 2.036545991897583 2.092916965484619 2.085479497909546 2.0207772254943848 1.9152518510818481 1.7645078897476196 1.5933163166046143 1.422955870628357 1.270133137702942 1.1595932245254517 1.0705050230026245 1.0087249279022217 0.9766499400138855 1.0032998323440552 1.0489610433578491 1.0889068841934204 1.090591549873352 1.1707713603973389 1.2999300956726074 1.7542465925216675 1.9256929159164429 2.0424656867980957
1.538669228553772 1.6426366567611694 1.712836503982544 1.577419638633728 1.2979352474212646 1.0133891105651855 0.5923764109611511 0.15023262798786163 -0.037504177540540695 0.015536230988800526 0.022949911653995514 0.029311569407582283 0.21723973751068115 0.5562853217124939 0.9038898944854736 1.2078369855880737 1.4752651453018188 1.7013450860977173 1.883997917175293 2.0245397090911865 2.1056113243103027 2.1596791744232178 2.2041168212890625 2.2053751945495605 2.1436574459075928 2.0219690799713135 1.8748823404312134 1.7288602590560913 1.5819274187088013 1.464444637298584 1.3660449981689453 1.2395119667053223 1.1254390478134155 1.0871410369873047 1.088651418685913 1.118452548980713 1.1451144218444824 1.2423367500305176 1.4636939764022827 1.778792142868042 1.852271318435669 1.9715315103530884
1.4568532705307007 1.4568877220153809 1.4186348915100098 1.2028933763504028 0.8987647891044617 0.6130587458610535 0.2955296039581299 -0.0226463433355093 -0.16907520592212677 -0.13275736570358276 -0.06461946666240692 0.07643033564090729 0.3526807427406311 0.6951361894607544 1.02130925655365 1.3153536319732666 1.5738283395767212 1.7815762758255005 1.9327994585037231 2.041843891143799 2.087221145629883 2.112875461578369 2.1360175609588623 2.1484854221343994 2.113788604736328 2.075425624847412 2.004633903503418 1.8873291015625 1.7308307886123657 1.6370455026626587 1.4820635318756104 1.349767804145813 1.1744157075881958 1.0969969034194946 1.0858067274093628 1.1330755949020386 1.125748634338379 1.2552422285079956 1.5341228246688843 1.6626007556915283 1.7493398189544678 1.72805917263031
1.3868831396102905 1.3771265745162964 1.306761622428894 1.0779567956924438 0.782025933265686 0.5127832889556885 0.26147109270095825 0.04689275845885277 -0.05610821396112442 -0.041580840945243835 0.034137655049562454 0.20312634110450745 0.47762975096702576 0.7945690155029297 1.1108129024505615 1.4245961904525757 1.706860065460205 1.9091005325317383 2.0150742530822754 2.069018840789795 2.0157158374786377 2.0091071128845215 2.016995668411255 1.9917118549346924 1.924923300743103 1.9133381843566895 1.90282142162323 1.827564001083374 1.6709219217300415 1.5370209217071533 1.3640522956848145 1.2311056852340698 1.0379719734191895 0.9702048897743225 0.9919476509094238 1.054176926612854 1.0225143432617188 1.1943325996398926 1.3680607080459595 1.5087834596633911 1.4608464241027832 1.1773724555969238
1.388669729232788 1.3970203399658203 1.3206679821014404 1.0973846912384033 0.8092671632766724 0.5507097840309143 0.33371293544769287 0.1665220409631729 0.08857621252536774 0.10185909271240234 0.17379489541053772 0.3296481668949127 0.5805134773254395 0.8830704689025879 1.2217823266983032 1.585121750831604 1.8981698751449585 2.0639686584472656 2.0915355682373047 2.049484968185425 1.9703024625778198 1.9297577142715454 1.8616883754730225 1.8515914678573608 1.7648859024047852 1.7491474151611328 1.7507935762405396 1.6928969621658325 1.5505807399749756 1.439913034439087 1.3010845184326172 1.2111010551452637 1.0620614290237427 1.007992148399353 0.968883752822876 0.9756959080696106 0.9962204694747925 1.1401631832122803 1.2569348812103271 1.3862522840499878 1.0439194440841675 0.741711437702179
1.442829966545105 1.4528876543045044 1.3685232400894165 1.1513590812683105 0.8685091733932495 0.6127172112464905 0.41314494609832764 0.2726733386516571 0.20944876968860626 0.2253292202949524 0.29489150643348694 0.4452446699142456 0.6833636164665222 1.0150835514068604 1.3900816440582275 1.7822176218032837 2.061793804168701 2.106334686279297 2.036450147628784 1.9564530849456787 1.857704997062683 1.79071044921875 1.7370631694793701 1.6637932062149048 1.6162068843841553 1.5925911664962769 1.586769461631775 1.5394542217254639 1.4278416633605957 1.3553147315979004 1.330880880355835 1.2290462255477905 1.0996993780136108 0.9660738110542297 0.8984806537628174 0.8952394127845764 0.9093029499053955 1.0073485374450684 1.1287111043930054 0.9791949987411499 0.5709040760993958 0.35710781812667847
1.5098050832748413 1.5082379579544067 1.4136710166931152 1.2027616500854492 0.929088294506073 0.6773397922515869 0.4868439733982086 0.36151862144470215 0.3035659193992615 0.32010775804519653 0.40792107582092285 0.574778139591217 0.8586463332176208 1.206835389137268 1.619362235069275 1.9895942211151123 2.1476564407348633 2.0987274646759033 2.010854721069336 1.902355670928955 1.7262883186340332 1.6179115772247314 1.5307157039642334 1.4333425760269165 1.3755837678909302 1.4023971557617188 1.3504546880722046 1.3678239583969116 1.2861474752426147 1.3012454509735107 1.253158688545227 1.2234749794006348 1.0097860097885132 0.8216515183448792 0.7835360765457153 0.8278043270111084 0.7980865240097046 0.8779256343841553 0.7740798592567444 0.4329001307487488 0.19805550575256348 0.1801295280456543
1.5745662450790405 1.5595225095748901 1.4571888446807861 1.254408359527588 0.9970101118087769 0.758929431438446 0.5798268914222717 0.4662122428417206 0.4131101369857788 0.44826728105545044 0.58216792345047 0.8014755249023438 1.168873906135559 1.5593245029449463 1.9329500198364258 2.1444199085235596 2.1143925189971924 2.027204990386963 1.8645367622375488 1.6566121578216553 1.4023841619491577 1.179616928100586 1.0529601573944092 0.9893226027488708 1.046148419380188 1.033625841140747 1.1017255783081055 1.137009620666504 1.1312761306762695 1.1500911712646484 1.1061935424804688 0.9972343444824219 0.769166886806488 0.6963443756103516 0.661975085735321 0.7017097473144531 0.7131767868995667 0.6017808318138123 0.31684398651123047 0.19040057063102722 0.16385065019130707 0.2673985958099365
1.6369131803512573 1.611547589302063 1.5058801174163818 1.3151875734329224 1.0828216075897217 0.872299313545227 0.7183718085289001 0.6288537383079529 0.6328662633895874 0.7226514220237732 0.9125784039497375 1.194451928138733 1.575580358505249 1.8900691270828247 2.1311299800872803 2.188727855682373 2.0704829692840576 1.912612795829773 1.7486827373504639 1.5024784803390503 1.0978450775146484 0.8719620704650879 0.7263721227645874 0.6775707006454468 0.7708171010017395 0.8375025987625122 0.915270984172821 0.9571667313575745 0.9661384224891663 0.9835940599441528 0.9309195876121521 0.8666452765464783 0.7139372229576111 0.6710853576660156 0.6918545365333557 0.7386736869812012 0.5597386956214905 0.34397298097610474 0.22319623827934265 0.1619613766670227 0.2137778401374817 0.3195240795612335
1.699522852897644 1.6687253713607788 1.5655901432037354 1.3941150903701782 1.1983771324157715 1.0316520929336548 0.9224019050598145 0.8800957798957825 0.9855111241340637 1.1376570463180542 1.3587082624435425 1.628231406211853 1.9167848825454712 2.0785086154937744 2.147609233856201 2.141468048095703 1.9916008710861206 1.8311413526535034 1.6027889251708984 1.2094424962997437 0.7063769698143005 0.45241034030914307 0.3246978223323822 0.3193562626838684 0.46567603945732117 0.5810878276824951 0.6921113729476929 0.7794796228408813 0.8068990707397461 0.8328819870948792 0.8253099918365479 0.7680928111076355 0.7158923149108887 0.7425438165664673 0.7972984313964844 0.6447675228118896 0.3791804909706116 0.23557069897651672 0.1521274745464325 0.11195635795593262 0.1863616704940796 0.30353879928588867
1.7611836194992065 1.7306714057922363 1.6373302936553955 1.4944310188293457 1.3478305339813232 1.2410556077957153 1.1943726539611816 1.2523096799850464 1.44709312915802 1.6024755239486694 1.7672646045684814 1.9016916751861572 1.9810506105422974 2.055023670196533 2.124464511871338 2.107773780822754 1.9324063062667847 1.7463486194610596 1.3854442834854126 0.9375483393669128 0.4100322723388672 0.1796913892030716 0.022995321080088615 0.050004519522190094 0.2087188959121704 0.3524635434150696 0.5012415051460266 0.6292266249656677 0.7021167278289795 0.7429796457290649 0.7566666603088379 0.750520646572113 0.7563537359237671 0.7737141847610474 0.6832330226898193 0.44864025712013245 0.2784349024295807 0.14852140843868256 0.06674196571111679 0.04619225114583969 0.15821444988250732 0.1750902533531189
1.818120002746582 1.7937465906143188 1.7173619270324707 1.6111655235290527 1.5223584175109863 1.5599128007888794 1.6457123756408691 1.7193905115127563 1.7520595788955688 1.7552485466003418 1.77534818649292 1.8349167108535767 1.915690541267395 1.9890586137771606 2.029231309890747 2.0426290035247803 1.8243038654327393 1.5740233659744263 1.0899642705917358 0.6264606714248657 0.19297346472740173 -0.017817599698901176 -0.11395242810249329 -0.08336463570594788 0.019490916281938553 0.17820025980472565 0.3854225277900696 0.5330018401145935 0.6135844588279724 0.6844289898872375 0.7188283205032349 0.7553572654724121 0.719314455986023 0.5737640857696533 0.3664637804031372 0.2889046370983124 0.19450801610946655 0.09167848527431488 0.008854501880705357 0.026362357661128044 0.1503022462129593 -0.02843066304922104
1.8690212965011597 1.8553800582885742 1.8018532991409302 1.7376000881195068 1.7427687644958496 1.853568196296692 1.8982651233673096 1.8314446210861206 1.7417775392532349 1.7255879640579224 1.7913657426834106 1.8749312162399292 1.9702016115188599 2.0414607524871826 2.0604848861694336 1.993436336517334 1.7170701026916504 1.3455836772918701 0.9397911429405212 0.4883393347263336 0.18913158774375916 0.06694186478853226 -0.02771441638469696 -0.0473942905664444 0.04993944615125656 0.19891966879367828 0.3912290930747986 0.5230826735496521 0.6153704524040222 0.6647040843963623 0.7161540985107422 0.7291882038116455 0.5739234685897827 0.38076552748680115 0.2071007788181305 0.2159263640642166 0.1574527770280838 0.07810302078723907 0.020686762407422066 0.036689892411231995 0.13214406371116638 -0.16843007504940033
