2D_landslide/Landslide/figures/6u.txt
ncols   200
nrows   200
xllcorner   0
yllcorner   0
cellsize   12.5
NODATA_value   -9999.00000
[rows 19 to 37 of 200, columns 126 to 167 of 200]
0.5784792900085449 0.35334348678588867 0.12535859644412994 0.0005216416902840137 -0.007073733955621719 0.00586041621863842 0.0052405428141355515 0.0037473468109965324 0.004407218657433987 0.0050879125483334064 0.005436409264802933 0.005561360623687506 0.00558739947155118 0.005590128246694803 0.005590273067355156 0.0055902437306940556 0.00558806024491787 0.0055256187915802 0.0049683209508657455 0.0035338413435965776 0.0026137609966099262 0.0033502059523016214 0.0046689193695783615 0.005379809997975826 0.005561389494687319 0.0055829742923378944 0.0055594006553292274 0.005453960504382849 0.005192279350012541 0.0046416521072387695 0.003205683548003435 0.0004255142994225025 -0.001581036951392889 -0.00025331322103738785 0.0028619724325835705 0.004714759532362223 0.005231182090938091 0.005398567765951157 0.005488832946866751 0.005540682468563318 0.005568882916122675 0.005584719590842724
0.6332592964172363 0.3832375705242157 0.1426716148853302 0.005891765002161264 -0.009160044603049755 0.0031127827242016792 0.003226276719942689 0.002250226214528084 0.0035479129292070866 0.004746865015476942 0.005356866866350174 0.005555485840886831 0.005587879102677107 0.005590203683823347 0.005590276326984167 0.005590192042291164 0.0055848341435194016 0.005447781644761562 0.004421763587743044 0.002250824822112918 0.0012827683240175247 0.00268120551481843 0.004553431645035744 0.005395535845309496 0.0055686780251562595 0.005584027152508497 0.005562604404985905 0.005488376133143902 0.00534110376611352 0.005042324308305979 0.004238240420818329 0.002946439664810896 0.0024639118928462267 0.003475448116660118 0.004701561294496059 0.005229690577834845 0.005367102101445198 0.005432191304862499 0.005484372843056917 0.0055266572162508965 0.005558171775192022 0.005581127945333719
0.684497594833374 0.44170960783958435 0.1618681252002716 0.014391136355698109 -0.011065196245908737 -0.002558567561209202 -0.0015926449559628963 -0.0009808330796658993 0.0017123720608651638 0.003978278487920761 0.005175851285457611 0.005538017023354769 0.005587602034211159 0.005590222310274839 0.00559027586132288 0.005590092856436968 0.005579350516200066 0.005349412560462952 0.003920571878552437 0.0014628395438194275 0.0009302622638642788 0.002850867807865143 0.004796390421688557 0.00547862658277154 0.005580677185207605 0.0055861403234303 0.0055708931758999825 0.005528875160962343 0.005457164254039526 0.005279419478029013 0.004790024366229773 0.004211463965475559 0.004281903617084026 0.004898075945675373 0.005325791891664267 0.005443877074867487 0.0054698786698281765 0.0054877945221960545 0.005509237293154001 0.00553420465439558 0.005558324977755547 0.005580367520451546
0.7281825542449951 0.47285279631614685 0.19024817645549774 0.023587321862578392 -0.012114336714148521 -0.009639891795814037 -0.008559794165194035 -0.0059886351227760315 -0.001409407239407301 0.0026114836800843477 0.0048470329493284225 0.005506524816155434 0.005586698651313782 0.0055902195163071156 0.0055902753956615925 0.005590005312114954 0.00557530065998435 0.005297657568007708 0.0038087584543973207 0.001699118409305811 0.0017520799301564693 0.0037303639110177755 0.005186884198337793 0.005549340508878231 0.005587611813098192 0.005587815307080746 0.005578906275331974 0.005557958036661148 0.005518986843526363 0.005387044511735439 0.005040124990046024 0.004778002388775349 0.00499408645555377 0.005347717087715864 0.005495080724358559 0.005522345658391714 0.005527665838599205 0.005532580893486738 0.005540742538869381 0.0055528623051941395 0.005566906649619341 0.005578107200562954
0.7727043032646179 0.5156643986701965 0.2571212649345398 0.07261638343334198 -0.012696295976638794 -0.016687029972672462 -0.016306696459650993 -0.012192592024803162 -0.005658506415784359 0.0005780300125479698 0.00433562695980072 0.005453296005725861 0.005584847182035446 0.005590195767581463 0.005590274464339018 0.0055899652652442455 0.005575170740485191 0.00533261289820075 0.004211598075926304 0.0029322479385882616 0.003376818960532546 0.004766860511153936 0.005466229747980833 0.005582146812230349 0.005589804146438837 0.005589055363088846 0.0055848900228738785 0.005575171671807766 0.005550989881157875 0.005442264024168253 0.005182276479899883 0.005070513114333153 0.005289043765515089 0.005483753979206085 0.005536287557333708 0.005549828987568617 0.005555698182433844 0.0055592674762010574 0.005563532467931509 0.0055695497430861 0.005576319061219692 0.0055818394757807255
0.814043402671814 0.5518673658370972 0.31425905227661133 0.034147314727306366 -0.01390245370566845 -0.022342100739479065 -0.02245299331843853 -0.017503703013062477 -0.009718367829918861 -0.0015509650111198425 0.003750828094780445 0.00538588035851717 0.005581876263022423 0.005590137559920549 0.0055902739986777306 0.005590017419308424 0.005579562857747078 0.005431817844510078 0.004835342988371849 0.004309419542551041 0.00471726106479764 0.005355284549295902 0.005566839594393969 0.00558928307145834 0.005590174812823534 0.0055897533893585205 0.005588010884821415 0.005583181977272034 0.005565046798437834 0.005467960145324469 0.005252588074654341 0.005204537883400917 0.005399520508944988 0.005514828953891993 0.005534824449568987 0.005552088841795921 0.0055657862685620785 0.005571863614022732 0.005575856193900108 0.005579358898103237 0.005582652986049652 0.005585136823356152
0.8310681581497192 0.5761471390724182 0.3452226519584656 0.03110145777463913 -0.016461770981550217 -0.026324991136789322 -0.02592618018388748 -0.020421501249074936 -0.012094106525182724 -0.002894839271903038 0.003329041413962841 0.005326707381755114 0.005578109994530678 0.005590023938566446 0.005590272601693869 0.005590120330452919 0.005585037171840668 0.005523639731109142 0.005303061101585627 0.005167069844901562 0.005360271781682968 0.0055457549169659615 0.005587284918874502 0.005590188317000866 0.005590244196355343 0.005590080749243498 0.0055893841199576855 0.0055867750197649 0.00557122053578496 0.0054798549972474575 0.0052829282358288765 0.0052545503713190556 0.005426995921880007 0.0055014509707689285 0.005503484047949314 0.0055303373374044895 0.005563023500144482 0.005576703697443008 0.005581538192927837 0.0055842166766524315 0.005585991311818361 0.005587202496826649
0.7581852674484253 0.44401222467422485 0.17129112780094147 0.024083131924271584 -0.01993148773908615 -0.02871045097708702 -0.02677411213517189 -0.020623357966542244 -0.012122437357902527 -0.0028970474377274513 0.0032921629026532173 0.005303964018821716 0.005574693903326988 0.0055898381397128105 0.0055902679450809956 0.005590218119323254 0.005588595289736986 0.005571311339735985 0.005516423378139734 0.005494456738233566 0.0055478280410170555 0.005584034137427807 0.005589964799582958 0.0055902693420648575 0.005590266082435846 0.005590209737420082 0.005589923821389675 0.005588237661868334 0.005573466885834932 0.005482663866132498 0.005282824859023094 0.005238229408860207 0.005386871285736561 0.0054394034668803215 0.005421120673418045 0.0054588220082223415 0.00553587730973959 0.005574123002588749 0.005583607126027346 0.005586279556155205 0.005587469786405563 0.00558814499527216
0.7245455384254456 0.41284245252609253 0.1508311927318573 0.016709428280591965 -0.023005878552794456 -0.029833443462848663 -0.02603844180703163 -0.01904519461095333 -0.010471398010849953 -0.0018747160211205482 0.003571954555809498 0.005319672171026468 0.005572539288550615 0.005589583422988653 0.005590254440903664 0.005590260028839111 0.005589874926954508 0.005586317740380764 0.005576360039412975 0.005574246868491173 0.005584225989878178 0.005589535925537348 0.005590246059000492 0.005590276792645454 0.005590274464339018 0.0055902572348713875 0.005590138025581837 0.005588953848928213 0.005575737915933132 0.005489281378686428 0.0052853478118777275 0.005193420685827732 0.005279730539768934 0.005302016623318195 0.005257109645754099 0.0052987392991781235 0.0054509276524186134 0.0055558751337230206 0.005583066027611494 0.005587248131632805 0.005588222295045853 0.005588602274656296
0.6751121878623962 0.37623342871665955 0.13365614414215088 0.012320579960942268 -0.025141218677163124 -0.03050713986158371 -0.02501465380191803 -0.01701604388654232 -0.008278228342533112 -0.0004909881390631199 0.003986457362771034 0.005363876931369305 0.0055727045983076096 0.005589348264038563 0.005590230226516724 0.005590271204710007 0.005590206477791071 0.005589659325778484 0.005588261876255274 0.005588099360466003 0.0055895051918923855 0.005590186920017004 0.005590274464339018 0.005590278189629316 0.005590277258306742 0.005590270739048719 0.005590206012129784 0.005589299835264683 0.005578258540481329 0.005504315253347158 0.0053087156265974045 0.005143698770552874 0.00511150574311614 0.005078332033008337 0.004977068398147821 0.0049829804338514805 0.005233939737081528 0.0054861800745129585 0.005574597045779228 0.005587353371083736 0.0055886125192046165 0.005588820669800043
0.6217057108879089 0.3453909158706665 0.12635502219200134 0.013728062622249126 -0.02624964714050293 -0.032005563378334045 -0.02536117658019066 -0.01615709438920021 -0.006797371432185173 0.0005780775099992752 0.0043373373337090015 0.005410805344581604 0.005574607290327549 0.005589233245700598 0.005590198561549187 0.005590253975242376 0.005590234883129597 0.0055901543237268925 0.005589989945292473 0.005589980632066727 0.0055901664309203625 0.005590260960161686 0.00559027586132288 0.005590277258306742 0.005590276792645454 0.005590270739048719 0.0055902134627103806 0.005589521490037441 0.005581853911280632 0.005531549919396639 0.005378550849854946 0.005177531857043505 0.0050140563398599625 0.0048853568732738495 0.004643554799258709 0.004472748376429081 0.00477794511243701 0.0052865045145154 0.0055385772138834 0.0055853938683867455 0.005588875152170658 0.0055890134535729885
0.5827481746673584 0.3343447744846344 0.1387542486190796 0.02530219405889511 -0.02452217787504196 -0.034644100815057755 -0.0284726619720459 -0.01784234307706356 -0.00688868947327137 0.0009931265376508236 0.004538739565759897 0.005446361843496561 0.005577328149229288 0.005589285399764776 0.005590103100985289 0.005589989013969898 0.005589637905359268 0.005589245352894068 0.005589162930846214 0.0055895657278597355 0.005589993204921484 0.005590197630226612 0.0055902558378875256 0.0055902693420648575 0.005590271204710007 0.0055902632884681225 0.005590205546468496 0.00558972405269742 0.005585624370723963 0.005561050493270159 0.0054810200817883015 0.005334290210157633 0.005145008210092783 0.004903710447251797 0.00437100138515234 0.0037955024745315313 0.003982115536928177 0.004819685593247414 0.005415054503828287 0.005574583075940609 0.005588853731751442 0.0055892448872327805
0.5625079870223999 0.3459910750389099 0.17325758934020996 0.05383189767599106 -0.0127030611038208 -0.034584276378154755 -0.033934563398361206 -0.023121602833271027 -0.009345991536974907 0.0005177273415029049 0.0045537520200014114 0.005463319830596447 0.005579630844295025 0.005589357577264309 0.0055896625854074955 0.005588484462350607 0.00558583764359355 0.00558263948187232 0.005581884644925594 0.005584890954196453 0.005588175728917122 0.005589728243649006 0.005590151529759169 0.005590242799371481 0.005590260494500399 0.0055902572348713875 0.005590217188000679 0.005589984357357025 0.005588499829173088 0.005580924917012453 0.005556758027523756 0.00550442561507225 0.005397667642682791 0.005109230522066355 0.004272095393389463 0.003216557204723358 0.0031127813272178173 0.004135712515562773 0.005176951643079519 0.005543722305446863 0.005588106345385313 0.005589612293988466
0.5725131630897522 0.38883405923843384 0.23704224824905396 0.11112421751022339 0.02539938874542713 -0.01812536083161831 -0.03534454107284546 -0.03145349770784378 -0.015127304941415787 -0.0012026382610201836 0.004355705808848143 0.005462134722620249 0.005581211298704147 0.0055893659591674805 0.005588873289525509 0.005585630889981985 0.005578079726547003 0.005568099673837423 0.005564737133681774 0.005573132541030645 0.005583673249930143 0.005588655825704336 0.005589960142970085 0.005590211134403944 0.0055902558378875256 0.0055902618914842606 0.005590246990323067 0.005590174812823534 0.005589826963841915 0.005588263273239136 0.005583787336945534 0.005574524402618408 0.00553126959130168 0.00524545693770051 0.004246863070875406 0.002852451289072633 0.0024342634715139866 0.0034653267357498407 0.004858582746237516 0.005486177746206522 0.005585317499935627 0.005589908920228481
0.6132505536079407 0.4603360891342163 0.32791513204574585 0.20430953800678253 0.10768342018127441 0.038516685366630554 -0.013889603316783905 -0.036070771515369415 -0.024592410773038864 -0.004898944869637489 0.003835272043943405 0.0054392884485423565 0.005581897217780352 0.005589434877038002 0.005588521249592304 0.005584151949733496 0.005573295056819916 0.005557696335017681 0.0055512054823338985 0.0055639236234128475 0.0055803400464355946 0.005588033236563206 0.005589906591922045 0.005590218584984541 0.005590264685451984 0.005590271670371294 0.0055902693420648575 0.005590255372226238 0.005590200424194336 0.00558996107429266 0.005589264445006847 0.005587303079664707 0.005559375509619713 0.005296456161886454 0.004281958099454641 0.0028026949148625135 0.002185677643865347 0.003088755067437887 0.004580279812216759 0.005412351340055466 0.005579433403909206 0.005589952692389488
0.6827489137649536 0.5546360015869141 0.4376840591430664 0.3251267075538635 0.23388800024986267 0.14862127602100372 0.0546736940741539 -0.01915799267590046 -0.034294493496418 -0.011405419558286667 0.002766932360827923 0.005384077318012714 0.005581501871347427 0.005589624866843224 0.005588946398347616 0.005585414823144674 0.005576006136834621 0.005561301950365305 0.005555340554565191 0.005567224696278572 0.005582228768616915 0.005588706117123365 0.005590071436017752 0.005590253509581089 0.005590274464339018 0.005590277258306742 0.005590276792645454 0.005590274930000305 0.005590268410742283 0.005590235348790884 0.0055901044979691505 0.005588961765170097 0.005564920604228973 0.005329340696334839 0.004376242868602276 0.0029018367640674114 0.002161559881642461 0.002847301075235009 0.004293661564588547 0.005299477372318506 0.005564157851040363 0.005589439533650875
0.7580919861793518 0.6452034711837769 0.539483368396759 0.44354507327079773 0.3661438226699829 0.28048568964004517 0.16335292160511017 0.03330834209918976 -0.034392207860946655 -0.020241787657141685 0.0008834907785058022 0.005272337701171637 0.0055791642516851425 0.005589758977293968 0.005589452106505632 0.005587023217231035 0.005580061115324497 0.005569263827055693 0.005565755534917116 0.005575464107096195 0.005585936829447746 0.005589620675891638 0.00559021532535553 0.005590273067355156 0.005590278189629316 0.005590278655290604 0.005590278655290604 0.005590278189629316 0.005590277258306742 0.005590272136032581 0.005590237211436033 0.005589541047811508 0.005573650356382132 0.005408355500549078 0.004682731814682484 0.0034284708090126514 0.0027064341120421886 0.003181343898177147 0.0043403878808021545 0.00526672787964344 0.00555344158783555 0.005588678177446127
0.831063449382782 0.7237257361412048 0.6250986456871033 0.5460216403007507 0.48023247718811035 0.3987053334712982 0.275173544883728 0.1104373037815094 -0.01773572899401188 -0.028950124979019165 -0.002045618835836649 0.005055574234575033 0.005572642665356398 0.0055896989069879055 0.005589745007455349 0.005587976425886154 0.005582625046372414 0.0055747078731656075 0.005573982372879982 0.0055822208523750305 0.005588516127318144 0.005590093322098255 0.005590267013758421 0.005590278189629316 0.005590278655290604 0.005590278655290604 0.005590278655290604 0.005590278655290604 0.005590278655290604 0.005590277258306742 0.00559026375412941 0.0055899289436638355 0.005581796634942293 0.005489382427185774 0.005027729086577892 0.004130483139306307 0.0034890766255557537 0.0038256726693361998 0.004640083760023117 0.005325731355696917 0.0055551473051309586 0.005588330794125795
0.8847739696502686 0.7779444456100464 0.6888657808303833 0.6215887069702148 0.5615437626838684 0.4817573130130768 0.3579378128051758 0.18010596930980682 0.00997994840145111 -0.034500230103731155 -0.005977786146104336 0.004636982921510935 0.005554700270295143 0.005589163862168789 0.005589788779616356 0.0055880299769341946 0.005582600831985474 0.005576033145189285 0.00557778961956501 0.005585735198110342 0.005589612759649754 0.005590236280113459 0.005590276792645454 0.005590278655290604 0.005590278655290604 0.005590278655290604 0.005590278655290604 0.005590278655290604 0.005590278655290604 0.005590278189629316 0.005590270739048719 0.005590144079178572 0.00558704137802124 0.005547650158405304 0.005322050303220749 0.004816289059817791 0.004388219676911831 0.004529526922851801 0.005029217340052128 0.005433582700788975 0.005568098742514849 0.005588849075138569
