2D_landslide/Landslide/figures/6u.txt
ncols   200
nrows   200
xllcorner   0
yllcorner   0
cellsize   12.5
NODATA_value   -9999.00000
[rows 57 to 75 of 200, columns 126 to 167 of 200]
1.8378359079360962 1.804357886314392 1.7343934774398804 1.6248621940612793 1.4687000513076782 1.2951301336288452 1.119078516960144 0.9576770067214966 0.8155761361122131 0.7074560523033142 0.6345431208610535 0.5858868956565857 0.5567123889923096 0.5377894639968872 0.5188446044921875 0.4702669084072113 0.3378986418247223 0.2507582902908325 0.42264315485954285 0.7387341260910034 1.0007944107055664 1.165619969367981 1.2288414239883423 1.1688523292541504 0.9952696561813354 0.7382553815841675 0.409013569355011 0.04937389865517616 -0.18161700665950775 -0.20298868417739868 -0.10831360518932343 -0.03088412433862686 -0.0015593040734529495 0.004643202759325504 0.005491163581609726 0.0055804005824029446 0.005589174572378397 0.005590124987065792 0.005590250715613365 0.005590271670371294 0.005590276792645454 0.005590278189629316
2.0709500312805176 2.078890085220337 2.022876024246216 1.9092086553573608 1.7319546937942505 1.5221900939941406 1.3104684352874756 1.1146444082260132 0.9415170550346375 0.8097938895225525 0.7136213779449463 0.655010998249054 0.6205987334251404 0.5989552140235901 0.5802252292633057 0.530379593372345 0.4039137065410614 0.29121506214141846 0.3938475549221039 0.6947668790817261 1.038072109222412 1.3053390979766846 1.4965318441390991 1.56064772605896 1.4960533380508423 1.2784147262573242 0.8864343166351318 0.38869571685791016 -0.05734524503350258 -0.218312606215477 -0.1347866654396057 -0.03531618416309357 -0.0011544078588485718 0.004890114068984985 0.005534624680876732 0.005586167797446251 0.00558992987498641 0.0055902316235005856 0.005590266548097134 0.005590274930000305 0.005590277723968029 0.005590278655290604
2.266918182373047 2.3057210445404053 2.270841598510742 2.1632041931152344 1.9825729131698608 1.749176263809204 1.5063117742538452 1.2722104787826538 1.0667399168014526 0.9070134162902832 0.7887781858444214 0.7145587205886841 0.6703773140907288 0.6436809301376343 0.6235564351081848 0.5802671909332275 0.47387346625328064 0.3432372212409973 0.3656749427318573 0.6195967197418213 0.9666692614555359 1.3126212358474731 1.5890206098556519 1.7512164115905762 1.7594389915466309 1.5748428106307983 1.1638367176055908 0.5763606429100037 0.017012592405080795 -0.2182418555021286 -0.13476446270942688 -0.02998284623026848 0.0009454861283302307 0.005183367989957333 0.005559936165809631 0.00558729562908411 0.0055897473357617855 0.0055901408195495605 0.005590244196355343 0.005590272601693869 0.005590278189629316 0.005590278655290604
2.426858901977539 2.4652950763702393 2.449568748474121 2.373150110244751 2.210240125656128 1.9748681783676147 1.7014062404632568 1.4368629455566406 1.1995854377746582 1.0098661184310913 0.8693463802337646 0.7713110446929932 0.7133579850196838 0.6792793273925781 0.660821259021759 0.625999927520752 0.5454858541488647 0.41865405440330505 0.3742426037788391 0.5341353416442871 0.8571246266365051 1.2396519184112549 1.5770981311798096 1.78018057346344 1.8230568170547485 1.6347198486328125 1.2093183994293213 0.5837989449501038 -0.007121216505765915 -0.21903596818447113 -0.11692243814468384 -0.021825259551405907 0.002114978851750493 0.005206746514886618 0.005535213742405176 0.005578979849815369 0.005587442312389612 0.005589614622294903 0.005590176209807396 0.005590272601693869 0.005590279586613178 0.005590279120951891
2.5073914527893066 2.5484182834625244 2.5545454025268555 2.4591448307037354 2.3334579467773438 2.15201997756958 1.8858332633972168 1.5983537435531616 1.3327510356903076 1.1099727153778076 0.9427568316459656 0.825916588306427 0.7518169283866882 0.7089508175849915 0.6898107528686523 0.6671255230903625 0.6114753484725952 0.5061679482460022 0.4193747043609619 0.4772476553916931 0.7237086296081543 1.0817400217056274 1.4269988536834717 1.6421846151351929 1.684955358505249 1.4840214252471924 1.0408945083618164 0.4239391088485718 -0.09031756222248077 -0.21133166551589966 -0.09262770414352417 -0.015556823462247849 0.0022062205243855715 0.0049460469745099545 0.005428273696452379 0.005544081795960665 0.005577719304710627 0.005587832070887089 0.0055901240557432175 0.005590327084064484 0.005590294022113085 0.00559028098359704
2.6270954608917236 3.0543670654296875 3.4082086086273193 3.1815152168273926 2.5675601959228516 2.212562084197998 2.0298216342926025 1.7632851600646973 1.4834033250808716 1.232664942741394 1.0385990142822266 0.8979658484458923 0.8016318678855896 0.7486630082130432 0.7253521680831909 0.7076836228370667 0.6730840802192688 0.5938519835472107 0.49810129404067993 0.48987677693367004 0.6430281400680542 0.9046973586082458 1.2056690454483032 1.3899226188659668 1.3948891162872314 1.1773877143859863 0.7450746297836304 0.202952578663826 -0.16739076375961304 -0.19304488599300385 -0.07482706010341644 -0.013246310874819756 0.0012731724418699741 0.004297697450965643 0.0051206848584115505 0.005421103909611702 0.005541130900382996 0.005582686048001051 0.005590952932834625 0.005590837448835373 0.0055903964675962925 0.005590294953435659
2.822295665740967 3.633577346801758 4.199589729309082 4.043128490447998 3.1975152492523193 2.35897159576416 2.051262140274048 1.8509279489517212 1.5751322507858276 1.3096152544021606 1.0966641902923584 0.9327215552330017 0.8266956210136414 0.7619318962097168 0.7393749952316284 0.7313941121101379 0.7185943126678467 0.6701728701591492 0.5832417011260986 0.5225074887275696 0.5635107755661011 0.7071875929832458 0.8899938464164734 0.9918000102043152 0.9529185891151428 0.7403061389923096 0.3829461336135864 -0.00023064110428094864 -0.20853768289089203 -0.17375215888023376 -0.06652933359146118 -0.01390879601240158 -0.0002391464076936245 0.003201992018148303 0.004505930934101343 0.005138436798006296 0.0054528065957129 0.0055723111145198345 0.0055945320054888725 0.005592453293502331 0.005590718239545822 0.005590332206338644
2.9023079872131348 3.8154234886169434 4.465573310852051 4.4007086753845215 3.5973763465881348 2.629014015197754 2.0593767166137695 1.8691049814224243 1.6249011754989624 1.3577792644500732 1.1344484090805054 0.9579552412033081 0.8414914608001709 0.7710795998573303 0.749771773815155 0.749915599822998 0.7534184455871582 0.7298823595046997 0.6624345183372498 0.5836271047592163 0.543147623538971 0.55864417552948 0.6089386940002441 0.6052467226982117 0.5196114182472229 0.3383176624774933 0.0971498191356659 -0.12210671603679657 -0.21849089860916138 -0.17017026245594025 -0.07622899115085602 -0.02070307731628418 -0.0036738011986017227 0.0010994677431881428 0.0032433413434773684 0.004530292935669422 0.005252041853964329 0.005542421713471413 0.00559926638379693 0.005595440976321697 0.005591276567429304 0.005590397864580154
2.7920045852661133 3.5795094966888428 4.247372627258301 4.273151397705078 3.5899577140808105 2.6923162937164307 2.0557761192321777 1.8493428230285645 1.6338238716125488 1.3819714784622192 1.1570334434509277 0.9744020104408264 0.8517004251480103 0.7777426242828369 0.7577999234199524 0.7640414834022522 0.7786992788314819 0.7722535729408264 0.7236295342445374 0.6448215842247009 0.5689938068389893 0.5042429566383362 0.44038069248199463 0.35319066047668457 0.22884483635425568 0.08006253838539124 -0.06467652320861816 -0.17293959856033325 -0.21903277933597565 -0.18920740485191345 -0.11212892830371857 -0.04304395616054535 -0.012427303940057755 -0.003276476636528969 0.0008334619924426079 0.003438618266955018 0.004904246423393488 0.00547812832519412 0.005597314797341824 0.005597434472292662 0.005591769702732563 0.005590461660176516
2.6409082412719727 3.180394411087036 3.8048319816589355 3.949338912963867 3.554464817047119 2.6815733909606934 2.0396077632904053 1.7978037595748901 1.6300430297851562 1.3976963758468628 1.1791512966156006 1.0012707710266113 0.8693180084228516 0.7970805168151855 0.7771867513656616 0.7854540944099426 0.804183840751648 0.8051117062568665 0.7634698748588562 0.6918264031410217 0.6078154444694519 0.5108676552772522 0.3976758122444153 0.2592168152332306 0.11086684465408325 -0.025421254336833954 -0.11749395728111267 -0.17230653762817383 -0.20597602427005768 -0.21875250339508057 -0.19163073599338531 -0.1105414479970932 -0.04177386313676834 -0.013338884338736534 -0.0038982685655355453 0.0015844078734517097 0.004373290576040745 0.005361896473914385 0.005579839926213026 0.0055959164164960384 0.0055917915888130665 0.005590470507740974
2.4980239868164062 2.5871331691741943 2.917860269546509 3.081346273422241 2.8753092288970947 2.388370990753174 1.9380079507827759 1.731154203414917 1.5892552137374878 1.3852133750915527 1.1799745559692383 1.0004903078079224 0.8747394680976868 0.801081657409668 0.7805627584457397 0.7896676063537598 0.8110642433166504 0.8147487640380859 0.7816978096961975 0.7169800400733948 0.6334100365638733 0.5280188322067261 0.3984694480895996 0.24542804062366486 0.08413244783878326 -0.052060410380363464 -0.12404662370681763 -0.13958171010017395 -0.13661311566829681 -0.1601528525352478 -0.2049049437046051 -0.20647285878658295 -0.11583790183067322 -0.03640495985746384 -0.01111195981502533 -0.0009433198720216751 0.003840290941298008 0.005285057704895735 0.005561588332056999 0.005590139888226986 0.0055902861058712006 0.005590054672211409
2.4431846141815186 2.349088430404663 2.3301174640655518 2.368988275527954 2.2927825450897217 2.0635323524475098 1.808768630027771 1.6530097723007202 1.533367395401001 1.3639715909957886 1.1701704263687134 1.003812313079834 0.878460705280304 0.8021315932273865 0.7788134217262268 0.7861518263816833 0.8071861863136292 0.8109449744224548 0.7796965837478638 0.7206197381019592 0.6424900889396667 0.539475679397583 0.4094061255455017 0.2548859715461731 0.09058400988578796 -0.04469194635748863 -0.0976412445306778 -0.05082811787724495 0.05970677360892296 0.12848950922489166 0.07518041133880615 -0.1358148455619812 -0.21287797391414642 -0.09440001845359802 -0.02397630363702774 -0.004107749089598656 0.0033850132022053003 0.005256399046629667 0.005553108174353838 0.005585056263953447 0.005588134750723839 0.005588860716670752
2.3525657653808594 2.259950637817383 2.131422281265259 2.0452709197998047 2.0148932933807373 1.9003316164016724 1.721333384513855 1.5683159828186035 1.4681202173233032 1.341858983039856 1.172935128211975 1.012942910194397 0.8856968879699707 0.8037894368171692 0.7692691087722778 0.7780179977416992 0.795115053653717 0.7933387160301208 0.7589716911315918 0.7055323719978333 0.635784924030304 0.5381243228912354 0.4126136600971222 0.2631066143512726 0.10546150803565979 -0.01558229885995388 -0.01744045317173004 0.15399502217769623 0.4658108949661255 0.7000904679298401 0.7633641362190247 0.43791085481643677 -0.0632498562335968 -0.19196461141109467 -0.05192980542778969 -0.008807467296719551 0.0028965186793357134 0.00525382487103343 0.005553712602704763 0.0055838595144450665 0.00558694452047348 0.005586774088442326
2.240171194076538 2.149790048599243 2.015364646911621 1.91506028175354 1.9799449443817139 2.0624804496765137 1.8995720148086548 1.6146730184555054 1.395090937614441 1.2971937656402588 1.1881908178329468 1.045473575592041 0.9089699983596802 0.8186752200126648 0.7817738056182861 0.7753466367721558 0.7813679575920105 0.759943962097168 0.7231127023696899 0.6897238492965698 0.6412394046783447 0.5489276647567749 0.4339360296726227 0.2903866171836853 0.15455248951911926 0.10403172671794891 0.2603193521499634 0.6655300855636597 1.235074520111084 1.782299280166626 2.0305230617523193 1.6856127977371216 0.8855927586555481 -0.07661877572536469 -0.15794943273067474 -0.02263605408370495 0.0012676827609539032 0.005127596203237772 0.005551137495785952 0.005584630649536848 0.005587051156908274 0.0055848886258900166
2.117201089859009 2.0305726528167725 1.913872480392456 1.7846494913101196 1.848271369934082 2.121169328689575 2.087395191192627 1.7962439060211182 1.4340248107910156 1.2406235933303833 1.1573567390441895 1.0377434492111206 0.9021443128585815 0.8037359714508057 0.7582778334617615 0.7438914179801941 0.7382352948188782 0.707874059677124 0.691140353679657 0.7150101065635681 0.7034015655517578 0.6403839588165283 0.5267624258995056 0.3818818926811218 0.2941594123840332 0.2988157868385315 0.5882403254508972 1.133080005645752 1.885864019393921 2.4609971046447754 2.8028268814086914 2.6275851726531982 1.8116424083709717 0.5364274382591248 -0.21395862102508545 -0.050886038690805435 -0.0008619190193712711 0.005026808474212885 0.00555819645524025 0.00558914989233017 0.005589482840150595 0.005585577338933945
2.018794536590576 1.924797534942627 1.8179826736450195 1.7012417316436768 1.8904262781143188 2.2902116775512695 2.476353883743286 2.279313087463379 1.6550222635269165 1.2414679527282715 1.1062942743301392 1.010169506072998 0.8871398568153381 0.7772854566574097 0.7231793403625488 0.7000002861022949 0.680508017539978 0.6483609676361084 0.6995446681976318 0.8190313577651978 0.9269530773162842 0.9202256798744202 0.8173362016677856 0.6931378841400146 0.5828397274017334 0.6272584199905396 0.9948890805244446 1.6520551443099976 2.355470895767212 3.032759189605713 3.3712236881256104 3.2779414653778076 2.5689589977264404 1.3099673986434937 -0.049581706523895264 -0.11112105846405029 -0.005251334980130196 0.0047012935392558575 0.005556394811719656 0.005596517585217953 0.005593226756900549 0.005587725900113583
1.937105655670166 1.8524250984191895 1.728877067565918 1.674375295639038 2.126192569732666 2.72511887550354 3.0932958126068115 2.785341262817383 2.0044806003570557 1.332969307899475 1.0577685832977295 0.9646640419960022 0.8518608808517456 0.7409725785255432 0.6792566776275635 0.6460738182067871 0.6121924519538879 0.6018458008766174 0.8143472075462341 1.1166763305664062 1.3836170434951782 1.45522940158844 1.3617405891418457 1.2077751159667969 1.0431857109069824 1.0586029291152954 1.413762092590332 2.030421495437622 2.6967713832855225 3.3784308433532715 3.761044979095459 3.7408294677734375 3.140979528427124 1.9575793743133545 0.38518691062927246 -0.2045077681541443 -0.018814992159605026 0.0036704307422041893 0.005522811319679022 0.00560254231095314 0.005597315263003111 0.005589903332293034
1.9070546627044678 1.7951191663742065 1.6647765636444092 1.931397557258606 2.761014461517334 3.5576114654541016 3.851814031600952 3.5370774269104004 2.6533050537109375 1.6489838361740112 1.027839183807373 0.8729400634765625 0.7999429106712341 0.708071768283844 0.6369375586509705 0.580743134021759 0.5512685179710388 0.7136096954345703 1.3637584447860718 2.0166633129119873 2.3087964057922363 2.42378830909729 2.416161060333252 2.100097179412842 1.9259376525878906 1.8434048891067505 2.1159491539001465 2.6383862495422363 3.229015350341797 3.8170900344848633 4.28258752822876 4.258080959320068 3.8497047424316406 2.8611984252929688 1.2491782903671265 -0.15815675258636475 -0.10388720035552979 -0.0031864671036601067 0.005191016010940075 0.005597686395049095 0.005598862189799547 0.00559042626991868
1.8532613515853882 1.7135899066925049 1.7142912149429321 2.3167500495910645 3.2557504177093506 3.9001314640045166 4.017167091369629 3.6022074222564697 2.772643804550171 1.7010865211486816 0.9438625574111938 0.774692177772522 0.7243167161941528 0.646735668182373 0.5714611411094666 0.5096665620803833 0.533767819404602 0.9683203101158142 1.91348397731781 2.6413040161132812 2.936058282852173 3.0420985221862793 3.008847236633301 2.746619701385498 2.4147205352783203 2.3464367389678955 2.4480156898498535 2.8112967014312744 3.34842848777771 3.9897000789642334 4.403811931610107 4.535056114196777 4.219797134399414 3.412628173828125 2.068990707397461 0.31862133741378784 -0.22892802953720093 -0.025514846667647362 0.003837919794023037 0.005487761460244656 0.005584951024502516 0.005587441846728325
