2D_landslide/Landslide/figures/6u.txt
ncols   200
nrows   200
xllcorner   0
yllcorner   0
cellsize   12.5
NODATA_value   -9999.00000
[rows 38 to 56 of 200, columns 84 to 125 of 200]
1.012617588043213 1.1320016384124756 1.2765017747879028 1.4403291940689087 1.6353625059127808 1.8612315654754639 2.0905232429504395 2.3559048175811768 2.653047800064087 2.8739049434661865 3.1586904525756836 3.9123330116271973 5.044886589050293 5.65208625793457 5.955438137054443 6.003729343414307 5.614370822906494 4.943655490875244 4.22860050201416 3.3148863315582275 2.6809909343719482 2.3915958404541016 2.314013719558716 2.2966179847717285 2.296424388885498 2.283693552017212 2.2673869132995605 2.288877487182617 2.5346243381500244 3.209320306777954 4.061211585998535 4.7009477615356445 5.0484185218811035 4.7706756591796875 3.954500198364258 2.6772096157073975 2.2046635150909424 1.9861677885055542 1.6800591945648193 1.4344899654388428 1.2081364393234253 1.0466965436935425
1.1223143339157104 1.2217514514923096 1.3519134521484375 1.5037786960601807 1.694798469543457 1.9228811264038086 2.1635546684265137 2.4466116428375244 2.706821918487549 2.877237319946289 3.4534802436828613 4.338451385498047 5.455126762390137 5.903172969818115 6.184454917907715 6.217400550842285 5.535342216491699 4.771587371826172 3.9492619037628174 3.0548768043518066 2.4507720470428467 2.242936611175537 2.2209811210632324 2.2018380165100098 2.177281618118286 2.1497151851654053 2.1472060680389404 2.1710009574890137 2.3775033950805664 3.0557384490966797 4.015392303466797 4.721877098083496 5.168811321258545 4.883296012878418 3.989030599594116 2.6376798152923584 2.234119415283203 1.9886070489883423 1.67451810836792 1.4243824481964111 1.2034627199172974 1.0404772758483887
1.223004698753357 1.3080638647079468 1.4320746660232544 1.5803812742233276 1.7744280099868774 2.0054287910461426 2.2512998580932617 2.5115182399749756 2.6848013401031494 3.1238229274749756 4.2236647605896 5.076156139373779 6.046327590942383 6.2560319900512695 6.5009541511535645 6.4251627922058105 5.625067234039307 4.71359920501709 3.8229126930236816 2.9094696044921875 2.3326778411865234 2.1714560985565186 2.149277448654175 2.1187844276428223 2.0655922889709473 2.0398449897766113 2.053802728652954 2.094538450241089 2.351377487182617 3.1564197540283203 4.133712291717529 4.952976703643799 5.286236763000488 4.9815754890441895 4.085560321807861 2.621584892272949 2.2477142810821533 1.9773266315460205 1.6705658435821533 1.3773794174194336 1.1777242422103882 1.0118354558944702
1.3121639490127563 1.395260214805603 1.5148431062698364 1.668954849243164 1.8651381731033325 2.089390516281128 2.3117380142211914 2.520094633102417 2.9055986404418945 3.74190616607666 4.845427989959717 5.6270751953125 6.338694095611572 6.4023213386535645 6.420817852020264 6.2922139167785645 5.453868865966797 4.517205238342285 3.6759984493255615 2.864194631576538 2.3417599201202393 2.1386725902557373 2.097641944885254 2.0418097972869873 1.9883569478988647 1.972825288772583 1.9911425113677979 2.084282875061035 2.4826254844665527 3.3737995624542236 4.343040466308594 5.076064586639404 5.247591972351074 4.904453754425049 3.86650013923645 2.490061044692993 2.2340829372406006 1.9365825653076172 1.6322098970413208 1.3344249725341797 1.13033926486969 0.9670223593711853
1.3954046964645386 1.4875410795211792 1.6183363199234009 1.7825419902801514 1.9808191061019897 2.1622931957244873 2.3783082962036133 2.8097357749938965 3.6665072441101074 4.525415420532227 5.37910795211792 5.803688049316406 6.210382461547852 6.146228313446045 5.971861839294434 5.769533157348633 5.047603130340576 4.340935707092285 3.633587121963501 3.0126888751983643 2.4828996658325195 2.2095587253570557 2.066601514816284 1.9796042442321777 1.9336761236190796 1.9382009506225586 2.02034854888916 2.2952675819396973 2.939718723297119 3.8786981105804443 4.616490840911865 5.152745246887207 5.093995571136475 4.60479736328125 3.2555015087127686 2.3738794326782227 2.195544958114624 1.8982789516448975 1.532163143157959 1.2851914167404175 1.0790387392044067 0.9210643768310547
1.4693421125411987 1.583073616027832 1.7264055013656616 1.9006340503692627 2.0590784549713135 2.272061824798584 2.94577956199646 3.8545169830322266 4.8826904296875 5.53673791885376 5.853663444519043 5.987519264221191 6.045864105224609 5.776617527008057 5.614694118499756 5.373544692993164 4.738258361816406 4.265008449554443 3.72284197807312 3.254049062728882 2.8524248600006104 2.52720308303833 2.2643280029296875 2.1351099014282227 2.1181676387786865 2.1965248584747314 2.443892478942871 2.912485122680664 3.6080150604248047 4.312684535980225 4.804738521575928 5.059118747711182 4.817025184631348 4.1489715576171875 2.769569158554077 2.349700689315796 2.1442461013793945 1.8338840007781982 1.4670665264129639 1.2211241722106934 1.0203243494033813 0.8665599226951599
1.5381801128387451 1.6771262884140015 1.8396480083465576 1.9908939599990845 2.2283999919891357 2.990872621536255 4.175521373748779 5.024791240692139 5.822234153747559 6.23289155960083 6.294351100921631 6.255756378173828 5.941511154174805 5.495962142944336 5.249203205108643 4.922475337982178 4.415221214294434 4.163933753967285 3.9081852436065674 3.7140233516693115 3.5289835929870605 3.3586385250091553 3.243896961212158 3.047711133956909 3.139775276184082 3.2500247955322266 3.505390167236328 3.8828659057617188 4.465412616729736 4.748197078704834 5.016296863555908 4.887803077697754 4.439748287200928 3.652444839477539 2.540644884109497 2.3336217403411865 2.100440502166748 1.7861335277557373 1.4004024267196655 1.1662166118621826 0.9691013097763062 0.8173845410346985
1.6007975339889526 1.7586770057678223 1.916748046875 2.0975582599639893 2.7665538787841797 3.8385732173919678 4.801593780517578 5.442165851593018 5.8906450271606445 6.167896270751953 6.372556209564209 6.2734575271606445 5.769742965698242 5.132544040679932 4.748772144317627 4.478914737701416 4.147729396820068 4.083676815032959 4.096719264984131 4.167868137359619 4.318029403686523 4.4205851554870605 4.464757919311523 4.445517063140869 4.534094333648682 4.536758899688721 4.66247034072876 4.851285934448242 5.14450216293335 5.042789459228516 4.939484119415283 4.562686920166016 3.880542039871216 3.143385887145996 2.420154094696045 2.2977304458618164 2.0353493690490723 1.7298095226287842 1.4168829917907715 1.124320149421692 0.9347962141036987 0.786523163318634
1.6513727903366089 1.8082505464553833 1.972334623336792 2.3512513637542725 3.327714204788208 4.243846416473389 5.011716365814209 5.438075542449951 5.747463226318359 6.047397136688232 6.2711181640625 6.147624969482422 5.58032751083374 4.816740036010742 4.311343193054199 4.1053314208984375 3.9052608013153076 4.0180840492248535 4.2249531745910645 4.551519393920898 5.059040546417236 5.3983306884765625 5.596886157989502 5.764062881469727 5.85439920425415 5.830906867980957 5.835900783538818 5.771207809448242 5.609041213989258 5.221073627471924 4.705605506896973 4.160248756408691 3.356673240661621 2.7111241817474365 2.3730733394622803 2.2540571689605713 1.9693529605865479 1.6919482946395874 1.3986082077026367 1.1205967664718628 0.9378307461738586 0.7884074449539185
1.673368215560913 1.8168678283691406 2.043045997619629 2.582259178161621 3.5016026496887207 4.23898983001709 4.921629905700684 5.249061584472656 5.581802845001221 5.998751640319824 6.157558917999268 5.9244489669799805 5.314723491668701 4.498600006103516 3.987192153930664 3.7644381523132324 3.7019646167755127 3.974487066268921 4.379465103149414 4.965200424194336 5.681951522827148 6.233521461486816 6.5457072257995605 6.728815078735352 6.868922233581543 6.843852519989014 6.705566883087158 6.55172061920166 5.866504192352295 5.266180992126465 4.573940277099609 3.795114040374756 2.946282386779785 2.5007221698760986 2.3467845916748047 2.200866222381592 1.9284353256225586 1.6722303628921509 1.402219295501709 1.1353143453598022 0.9592849016189575 0.8077518343925476
1.6515212059020996 1.7963953018188477 2.127586841583252 2.660325288772583 3.4328665733337402 4.024939060211182 4.587129592895508 4.839441299438477 5.426426410675049 5.929351806640625 5.967564582824707 5.655391216278076 5.073616027832031 4.245883464813232 3.76881742477417 3.562725782394409 3.5955209732055664 3.9718210697174072 4.58077335357666 5.36433219909668 6.231569290161133 6.798458099365234 7.2120184898376465 7.3759355545043945 7.4773945808410645 7.45826530456543 7.493396282196045 7.2578558921813965 6.209045886993408 5.4473748207092285 4.484562397003174 3.5848195552825928 2.8297667503356934 2.4654300212860107 2.3288004398345947 2.1810364723205566 1.9449068307876587 1.7022931575775146 1.4389551877975464 1.1784310340881348 1.0034343004226685 0.8500674962997437
1.5905829668045044 1.7573531866073608 2.108330011367798 2.434903860092163 2.969341993331909 3.4414594173431396 3.8619980812072754 4.085811614990234 4.748415470123291 5.379575729370117 5.328334808349609 5.135423183441162 4.5516486167907715 3.9609169960021973 3.587024211883545 3.449671983718872 3.538594961166382 3.9878897666931152 4.686203479766846 5.571680545806885 6.409696102142334 7.038972854614258 7.369876861572266 7.563963413238525 7.588578701019287 7.551288604736328 7.510372638702393 7.2078142166137695 6.406411647796631 5.532951831817627 4.4867963790893555 3.458134412765503 2.7574758529663086 2.464430332183838 2.312556028366089 2.1869516372680664 1.9611387252807617 1.741309642791748 1.4962795972824097 1.2452800273895264 1.0715785026550293 0.9096726775169373
1.5146249532699585 1.699477195739746 1.9617278575897217 2.0288631916046143 2.2791357040405273 2.6437489986419678 3.024043083190918 3.302666664123535 3.9901273250579834 4.542304515838623 4.752504348754883 4.422252178192139 4.136079788208008 3.7192251682281494 3.5593714714050293 3.5018391609191895 3.669006109237671 4.03665828704834 4.770750045776367 5.6638875007629395 6.530223846435547 7.069104194641113 7.357783317565918 7.514929294586182 7.554442405700684 7.393024444580078 7.235668659210205 6.794029235839844 6.0643391609191895 5.467663764953613 4.556206226348877 3.6562910079956055 2.9155380725860596 2.514716386795044 2.3189146518707275 2.205010175704956 2.00433349609375 1.8112989664077759 1.5758455991744995 1.3419855833053589 1.1609981060028076 0.9952787756919861
1.4268724918365479 1.6082024574279785 1.7424464225769043 1.5507333278656006 1.5091298818588257 1.7350488901138306 2.117886781692505 2.4042677879333496 3.0641448497772217 3.673372745513916 3.892357110977173 3.8817622661590576 3.7602930068969727 3.5966620445251465 3.5490124225616455 3.566317558288574 3.7024986743927 4.107304573059082 4.799158573150635 5.6172685623168945 6.422034740447998 6.9270734786987305 7.217614650726318 7.325879096984863 7.256143093109131 7.05657434463501 6.857177257537842 6.458885192871094 5.497228145599365 4.974771022796631 4.411189079284668 3.6816585063934326 3.0406336784362793 2.6471853256225586 2.3763158321380615 2.2556936740875244 2.0746161937713623 1.8862204551696777 1.606245756149292 1.4286128282546997 1.2464741468429565 1.0795718431472778
1.3342868089675903 1.4971203804016113 1.526102900505066 1.1563695669174194 0.9171226024627686 1.0099923610687256 1.3281679153442383 1.7017433643341064 2.3070549964904785 2.9043524265289307 3.360198974609375 3.410937547683716 3.4779694080352783 3.466684579849243 3.5667529106140137 3.645864486694336 3.8001010417938232 4.136964797973633 4.7585296630859375 5.529452800750732 6.253690719604492 6.713899612426758 6.955811500549316 7.0470099449157715 7.042259216308594 6.8896050453186035 6.9636969566345215 6.407377243041992 5.305071830749512 4.7039794921875 4.154306411743164 3.62300705909729 3.137289524078369 2.7733101844787598 2.4412550926208496 2.3074874877929688 2.149794816970825 1.97409188747406 1.688331961631775 1.5143879652023315 1.3383684158325195 1.1730475425720215
1.2278474569320679 1.3681232929229736 1.3545103073120117 0.8675635457038879 0.5174835920333862 0.5013014674186707 0.8041427731513977 1.1695001125335693 1.7637304067611694 2.3660895824432373 2.8307406902313232 3.0778841972351074 3.2142810821533203 3.383671760559082 3.5377068519592285 3.6398956775665283 3.836848735809326 4.153426170349121 4.714656352996826 5.400447368621826 6.002196788787842 6.412371635437012 6.646996974945068 6.768057823181152 6.784936428070068 6.697219371795654 6.744979381561279 6.421635627746582 5.418856620788574 4.8239312171936035 4.241523742675781 3.7103402614593506 3.2549126148223877 2.8843657970428467 2.502511978149414 2.3433992862701416 2.206150531768799 2.047779083251953 1.765480399131775 1.5971965789794922 1.4267566204071045 1.2782316207885742
1.1298801898956299 1.2570016384124756 1.243348240852356 0.7105479836463928 0.3246772885322571 0.29548853635787964 0.5633285641670227 0.9482167959213257 1.5087227821350098 2.073488235473633 2.577434778213501 2.918287992477417 3.1869966983795166 3.424267053604126 3.669933557510376 3.8934247493743896 4.0985822677612305 4.471622467041016 4.9734320640563965 5.516532897949219 6.001918792724609 6.320937156677246 6.5019731521606445 6.582883358001709 6.593175888061523 6.533485412597656 6.785107612609863 6.4432501792907715 5.706218242645264 5.204279899597168 4.650455951690674 4.1070098876953125 3.572505474090576 3.1464505195617676 2.6568124294281006 2.4137349128723145 2.2248077392578125 2.0857574939727783 1.8568023443222046 1.6911613941192627 1.537377953529358 1.4105346202850342
1.0414683818817139 1.1723718643188477 1.1900835037231445 0.6757005453109741 0.35447415709495544 0.39810624718666077 0.7007786631584167 1.088340401649475 1.6300384998321533 2.0812675952911377 2.5373780727386475 2.8932135105133057 3.221510887145996 3.508300542831421 3.8665294647216797 4.188546657562256 4.504130840301514 4.902529239654541 5.340149879455566 5.755112171173096 6.065178394317627 6.270458221435547 6.412666320800781 6.462704181671143 6.511234760284424 6.62687349319458 6.8666205406188965 6.72408390045166 6.083724021911621 5.628601551055908 5.0767292976379395 4.5701165199279785 3.9404983520507812 3.4430174827575684 2.8561763763427734 2.509068727493286 2.263216733932495 2.109484910964966 1.9082982540130615 1.765453815460205 1.6393537521362305 1.5449548959732056
0.9775062799453735 1.118701696395874 1.2048771381378174 0.8364468216896057 0.7565182447433472 1.0339100360870361 1.3564726114273071 1.6667214632034302 2.0361709594726562 2.3615667819976807 2.6675703525543213 2.9969875812530518 3.3970699310302734 3.783632516860962 4.280665397644043 4.810727596282959 5.21564245223999 5.67849063873291 5.984679222106934 6.343071460723877 6.4862284660339355 6.487945556640625 6.527046203613281 6.52698278427124 6.614503860473633 6.854617118835449 7.419815540313721 7.467861175537109 7.026064395904541 6.350493907928467 5.6605000495910645 4.980903625488281 4.389219284057617 3.791034460067749 3.056335210800171 2.609377861022949 2.2897748947143555 2.1352198123931885 1.9477787017822266 1.828805685043335 1.740357756614685 1.6874122619628906
