2D_landslide/Landslide/figures/7h.txt
ncols   200
nrows   200
xllcorner   0
yllcorner   0
cellsize   12.5
NODATA_value   -9999.00000
[rows 19 to 37 of 200, columns 43 to 85 of 200]
0.007277549244463444 0.007277549244463444 0.007277549244463444 0.007277549244463444 0.007277549244463444 0.007277549244463444 0.007277545053511858 0.0072774700820446014 0.007276865188032389 0.007274462841451168 0.00726853683590889 0.007256792858242989 0.007232838310301304 0.0071784015744924545 0.007051404099911451 0.0067440904676914215 0.006078430917114019 0.004815977066755295 0.0029840110801160336 0.0007731989026069641 0.0 0.0 0.0 0.0 0.0 0.0 0.0 0.0 0.0 0.0 0.0 0.0 0.0 0.0 0.0 0.0 0.0038918929640203714 0.03758050128817558 0.0908856987953186 0.14919279515743256 0.2006809562444687 0.2406100034713745 0.2687835991382599
0.007277549244463444 0.007277549244463444 0.007277549244463444 0.007277549244463444 0.007277549244463444 0.007277549244463444 0.007277544587850571 0.007277471479028463 0.007276915479451418 0.007274655159562826 0.007268459536135197 0.0072548603639006615 0.007225142791867256 0.007154814433306456 0.006996110547333956 0.006662237923592329 0.006024879403412342 0.005005803890526295 0.0037192131858319044 0.002360211219638586 0.000990400556474924 0.0 0.0 0.0 0.0 0.0 0.0 0.0 0.0 0.0 0.0 0.0 0.0 0.0 0.0 0.0 0.0015969546511769295 0.043903499841690063 0.11627897620201111 0.1932864636182785 0.2585168480873108 0.31071335077285767 0.3464100956916809
0.007277549244463444 0.007277549244463444 0.007277549244463444 0.007277549244463444 0.007277549244463444 0.007277549244463444 0.007277545984834433 0.007277499418705702 0.007277149707078934 0.007275608368217945 0.007270639296621084 0.007257052231580019 0.007221295963972807 0.007131699472665787 0.006944086402654648 0.006609106436371803 0.006081652827560902 0.005379572510719299 0.004717839881777763 0.004164679907262325 0.003652437124401331 0.003039838746190071 0.002417871728539467 0.0016790595836937428 0.0008806628175079823 0.00011153751984238625 0.0 0.0 0.00018815230578184128 0.0010045082308351994 0.0018601114861667156 0.002281511202454567 0.0019286838360130787 0.0001650964841246605 0.0 0.0 0.0 0.05100737884640694 0.1417130082845688 0.23275981843471527 0.3091563582420349 0.3699913024902344 0.4099452793598175
0.007277549244463444 0.007277549244463444 0.007277549244463444 0.007277549244463444 0.007277549244463444 0.007277549244463444 0.0072775473818182945 0.00727752735838294 0.007277375087141991 0.007276579737663269 0.007273050956428051 0.0072593302465975285 0.007215541321784258 0.007103164214640856 0.006887102499604225 0.006538840942084789 0.00608581630513072 0.005614342633634806 0.005337283946573734 0.005239028483629227 0.005202429834753275 0.005088337697088718 0.004901262931525707 0.004578161984682083 0.0040891701355576515 0.003544611856341362 0.0032331557013094425 0.003295712638646364 0.0037750776391476393 0.004417004995048046 0.004940223414450884 0.005194545723497868 0.004885426256805658 0.0034927590750157833 0.0 0.0 0.0 0.05975965037941933 0.16584749519824982 0.2658315598964691 0.34971940517425537 0.41319799423217773 0.4517555832862854
0.007277549244463444 0.007277549244463444 0.007277549244463444 0.007277549244463444 0.007277549244463444 0.007277549244463444 0.0072775487788021564 0.007277543656527996 0.0072774989530444145 0.007277169730514288 0.007274849805980921 0.007262986619025469 0.007221786770969629 0.007112825755029917 0.006906912196427584 0.0065956381149590015 0.006214844062924385 0.005862830206751823 0.005677059292793274 0.005674788728356361 0.005768069066107273 0.005862296558916569 0.005958402529358864 0.005932722240686417 0.005780783016234636 0.005532342474907637 0.005416010040789843 0.005543543957173824 0.005886909551918507 0.006274341605603695 0.006546907126903534 0.0066437674686312675 0.006466244347393513 0.005621067248284817 0.002491127233952284 0.0 0.0 0.06566950678825378 0.18244987726211548 0.28730788826942444 0.3723398745059967 0.4320637881755829 0.46292364597320557
0.007277549244463444 0.007277549244463444 0.007277549244463444 0.007277549244463444 0.007277549244463444 0.007277549244463444 0.007277549244463444 0.007277548313140869 0.007277537137269974 0.007277394644916058 0.007276071701198816 0.00726870633661747 0.007241358980536461 0.007164252921938896 0.007013657130300999 0.0067756809294223785 0.006463748402893543 0.006136822514235973 0.0059136152267456055 0.005819478537887335 0.005861914716660976 0.005996090825647116 0.006220429204404354 0.0063907308503985405 0.006444915197789669 0.006407703272998333 0.006413375027477741 0.006547357887029648 0.006767854560166597 0.006967188790440559 0.007077800575643778 0.00710514560341835 0.007023777812719345 0.006580577231943607 0.004332195036113262 0.0 0.0 0.06956221908330917 0.1916336864233017 0.2959310710430145 0.3754589259624481 0.4251268208026886 0.44415339827537537
0.007277549244463444 0.007277549244463444 0.007277549244463444 0.007277549244463444 0.007277549244463444 0.007277549244463444 0.007277549244463444 0.0072775487788021564 0.007277545053511858 0.007277484517544508 0.007276930846273899 0.007273824419826269 0.007260838523507118 0.007219209335744381 0.007126874290406704 0.006969665177166462 0.006731996312737465 0.006426328793168068 0.006115556228905916 0.005899427924305201 0.005834908224642277 0.0059580374509096146 0.00623792689293623 0.006527772638946772 0.006711555644869804 0.0067660873755812645 0.0068202391266822815 0.006934182718396187 0.007073969580233097 0.007170877885073423 0.007216491270810366 0.007226058281958103 0.007189833093434572 0.006951655261218548 0.00533548928797245 0.0 0.0 0.06922996789216995 0.19059951603412628 0.28933048248291016 0.35762307047843933 0.39356058835983276 0.3995932340621948
0.007277549244463444 0.007277549244463444 0.007277549244463444 0.007277549244463444 0.007277549244463444 0.007277549244463444 0.007277549244463444 0.007277549244463444 0.0072775473818182945 0.00727752735838294 0.007277364376932383 0.007276352494955063 0.007271113805472851 0.007249590940773487 0.007190748583525419 0.007077178917825222 0.006897371262311935 0.0066183097660541534 0.006261651404201984 0.005910580977797508 0.005749155301600695 0.005852231755852699 0.0061993906274437904 0.00658003706485033 0.0068176812492311 0.006903242785483599 0.006967626046389341 0.007066568359732628 0.007167057599872351 0.007227085996419191 0.007250958122313023 0.007254617754369974 0.007234247867017984 0.007079615257680416 0.005795781034976244 0.0 0.0 0.06326210498809814 0.17770402133464813 0.2663981318473816 0.3209906816482544 0.3428579568862915 0.3373968303203583
0.007277549244463444 0.007277549244463444 0.007277549244463444 0.007277549244463444 0.007277549244463444 0.007277549244463444 0.007277549244463444 0.007277549244463444 0.0072775487788021564 0.007277544122189283 0.0072775110602378845 0.007277255412191153 0.0072751836851239204 0.007261800114065409 0.007214775774627924 0.007115134969353676 0.006961822975426912 0.006711233872920275 0.006323582027107477 0.0058822790160775185 0.005627361126244068 0.005748450756072998 0.006186690181493759 0.006640270352363586 0.006881150417029858 0.006953665986657143 0.007015074137598276 0.007108773570507765 0.007194016128778458 0.007241610903292894 0.007259200792759657 0.007261779624968767 0.0072455196641385555 0.007118970155715942 0.005998046137392521 0.0 0.0 0.048764973878860474 0.14969980716705322 0.22683802247047424 0.2687244117259979 0.27940160036087036 0.266263872385025
0.0072775487788021564 0.007277549244463444 0.007277549244463444 0.007277549244463444 0.007277549244463444 0.007277549244463444 0.007277549244463444 0.007277549244463444 0.007277549244463444 0.007277548313140869 0.007277542259544134 0.007277465891093016 0.007276300340890884 0.007264700718224049 0.007209239527583122 0.007075801491737366 0.006880501285195351 0.006615926511585712 0.006194729823619127 0.005669458769261837 0.0053760637529194355 0.005585170350968838 0.006162579171359539 0.006651509553194046 0.006859599146991968 0.006910353433340788 0.006982078310102224 0.007091128267347813 0.007186152506619692 0.007236687932163477 0.0072562480345368385 0.00725860008969903 0.007240330800414085 0.007105658296495676 0.006020049564540386 0.0 0.0 0.028885003179311752 0.10960624366998672 0.17437249422073364 0.20661787688732147 0.21071279048919678 0.194597065448761
0.007277547847479582 0.0072775487788021564 0.007277549244463444 0.007277549244463444 0.007277549244463444 0.007277549244463444 0.007277549244463444 0.007277549244463444 0.007277549244463444 0.007277549244463444 0.007277547847479582 0.007277510594576597 0.007276564836502075 0.0072630587965250015 0.007177652325481176 0.006929080933332443 0.006555687636137009 0.00615394813939929 0.005648782476782799 0.005071002058684826 0.004846567288041115 0.0052601308561861515 0.006012095604091883 0.00653410330414772 0.006711564492434263 0.006767192389816046 0.006874236278235912 0.007017675321549177 0.007140167523175478 0.007209896109998226 0.0072381505742669106 0.007241943851113319 0.007212401833385229 0.0070314835757017136 0.005877572577446699 0.0002534794621169567 0.0 0.009544341824948788 0.06388192623853683 0.11441342532634735 0.14063601195812225 0.14394313097000122 0.13122697174549103
0.007277545519173145 0.007277548313140869 0.007277549244463444 0.007277549244463444 0.007277549244463444 0.007277549244463444 0.007277549244463444 0.007277549244463444 0.007277549244463444 0.007277549244463444 0.007277548313140869 0.00727751525118947 0.007276405114680529 0.0072566913440823555 0.007105830125510693 0.006593682803213596 0.005751629360020161 0.004918662831187248 0.0041878726333379745 0.00361005961894989 0.003635858418419957 0.004472937434911728 0.005533350165933371 0.006150707136839628 0.006367948371917009 0.006484747864305973 0.006657428108155727 0.006853310391306877 0.007021875586360693 0.007128370460122824 0.007178434170782566 0.007184341549873352 0.007126784883439541 0.006847394164651632 0.005549759138375521 0.0006764540448784828 0.0 0.0 0.025148745626211166 0.059163160622119904 0.08175477385520935 0.09022224694490433 0.08824522793292999
0.007277542259544134 0.0072775473818182945 0.0072775487788021564 0.007277549244463444 0.007277549244463444 0.007277549244463444 0.007277549244463444 0.007277549244463444 0.007277549244463444 0.007277549244463444 0.007277548313140869 0.007277503143996 0.007275884039700031 0.007244470529258251 0.006976785603910685 0.0059981923550367355 0.00432018656283617 0.0026627867482602596 0.0014949166215956211 0.0009382953867316246 0.0015080980956554413 0.003077065572142601 0.004650883376598358 0.005512510892003775 0.005889390595257282 0.006112806499004364 0.006357154343277216 0.0065909442491829395 0.006793073378503323 0.006934805773198605 0.007009956054389477 0.007013167720288038 0.006902389228343964 0.006472939625382423 0.00502293836325407 0.0008804239332675934 0.0 0.0 0.002768258098512888 0.022605057805776596 0.04241456463932991 0.05809472128748894 0.06956634670495987
0.007277540862560272 0.00727754645049572 0.007277548313140869 0.007277549244463444 0.007277549244463444 0.007277549244463444 0.007277549244463444 0.007277549244463444 0.007277549244463444 0.007277549244463444 0.00727754645049572 0.007277455180883408 0.0072745406068861485 0.007221228443086147 0.006779863499104977 0.005181538872420788 0.002466580830514431 0.0 0.0 0.0 0.0 0.0012165233492851257 0.003462590044364333 0.004701969213783741 0.005329675041139126 0.005689138080924749 0.0059834374114871025 0.006213827058672905 0.006391657050698996 0.0065301856957376 0.0065957531332969666 0.00656360387802124 0.006344445049762726 0.0057141282595694065 0.004092269577085972 0.0005027339793741703 0.0 0.0 0.0 0.0060512833297252655 0.024472519755363464 0.0477173812687397 0.07413098961114883
0.007277540396898985 0.007277545053511858 0.007277547847479582 0.0072775487788021564 0.007277549244463444 0.007277549244463444 0.007277549244463444 0.007277549244463444 0.007277549244463444 0.0072775487788021564 0.007277538999915123 0.007277288939803839 0.007271365262567997 0.00718254828825593 0.006539151072502136 0.004391070455312729 0.000946772750467062 0.0 0.0 0.0 0.0 0.0 0.0023848596028983593 0.003997728694230318 0.0048525044694542885 0.005295424722135067 0.005588621366769075 0.0057403272949159145 0.005811284761875868 0.005820232443511486 0.005757414735853672 0.005592346657067537 0.005186246242374182 0.00428719911724329 0.002456189598888159 0.0 0.0 0.0 0.0 0.0020025507546961308 0.022574376314878464 0.05572139844298363 0.1019008532166481
0.007277538999915123 0.0072775427252054214 0.007277545519173145 0.0072775473818182945 0.007277548313140869 0.0072775487788021564 0.0072775487788021564 0.0072775487788021564 0.007277548313140869 0.007277544587850571 0.0072774942964315414 0.007276658434420824 0.0072637153789401054 0.007126030512154102 0.006325545720756054 0.0039877635426819324 0.0004301597364246845 0.0 0.0 0.0 0.0 0.0 0.0017995359376072884 0.0035393505822867155 0.004482601769268513 0.004937941674143076 0.0051578376442193985 0.005182662047445774 0.0050562722608447075 0.004761291667819023 0.004359876736998558 0.0038229404017329216 0.0030017797835171223 0.0016806325875222683 0.0 0.0 0.0 0.0 0.0 0.006808511447161436 0.035117801278829575 0.08155449479818344 0.14047783613204956
0.007277534808963537 0.007277535740286112 0.007277538999915123 0.007277542259544134 0.007277545053511858 0.00727754645049572 0.00727754645049572 0.007277545519173145 0.007277539931237698 0.007277507334947586 0.007277230732142925 0.007274465169757605 0.007248202338814735 0.0070625836960971355 0.006253676488995552 0.0042120967991650105 0.0012332997284829617 0.0 0.0 0.0 0.0 0.0 0.0018840404227375984 0.0034374003298580647 0.00428903941065073 0.004667975474148989 0.00478384830057621 0.004650010261684656 0.004255854524672031 0.0035668802447617054 0.002619766164571047 0.0013822666369378567 0.0 0.0 0.0 0.0 0.0 0.0 0.002320971805602312 0.023951157927513123 0.06367213279008865 0.12069322913885117 0.18532870709896088
0.007277520373463631 0.0072775124572217464 0.0072775124572217464 0.007277517579495907 0.007277523633092642 0.007277526427060366 0.007277525495737791 0.0072775124572217464 0.007277460768818855 0.007277222350239754 0.0072758933529257774 0.007267695851624012 0.00722078513354063 0.0070080868899822235 0.006337710656225681 0.004924386739730835 0.0029547028243541718 0.0010729734785854816 0.0 0.0 0.0 0.0008057146333158016 0.0024259649217128754 0.003524571657180786 0.0041100038215518 0.004338289611041546 0.004316382110118866 0.0040143211372196674 0.0033563640899956226 0.0022232425399124622 0.0005946415476500988 0.0 0.0 0.0 0.0 0.0 0.0 0.006684431806206703 0.026481501758098602 0.05888424068689346 0.10622506588697433 0.16480103135108948 0.2282092124223709
0.007277463562786579 0.007277416996657848 0.007277394644916058 0.007277399301528931 0.007277410011738539 0.007277410011738539 0.007277379278093576 0.007277274038642645 0.007276920601725578 0.007275661453604698 0.00727069890126586 0.007251155097037554 0.0071815806441009045 0.0069801644422113895 0.006532939150929451 0.005775106139481068 0.004802000243216753 0.0038252200465649366 0.002995898015797138 0.00231071375310421 0.00203848909586668 0.0024449657648801804 0.0031436081044375896 0.003629466984421015 0.0038264330942183733 0.003795383032411337 0.0035822370555251837 0.0030911718495190144 0.0021609319373965263 0.000561712309718132 0.0 0.0 0.0 0.0 0.0 0.0028172004967927933 0.018914349377155304 0.042030759155750275 0.07151138037443161 0.10811747610569 0.15345966815948486 0.20561166107654572 0.2627459466457367
