2D_landslide/Landslide/figures/7h.txt
ncols   200
nrows   200
xllcorner   0
yllcorner   0
cellsize   12.5
NODATA_value   -9999.00000
[rows 57 to 75 of 200, columns 129 to 171 of 200]
0.40660560131073 0.3704751133918762 0.3235592544078827 0.2705066204071045 0.21866825222969055 0.17012086510658264 0.13187852501869202 0.106573686003685 0.09033696353435516 0.08028093725442886 0.07104787975549698 0.058393653482198715 0.04117002710700035 0.022352688014507294 0.006823908071964979 8.321134373545647e-05 1.6975216567516327e-05 0.0027024559676647186 0.004202411510050297 0.004930576775223017 0.011380674317479134 0.027573123574256897 0.04835294932126999 0.06337744742631912 0.06272795796394348 0.04188898205757141 0.011207928881049156 0.0 0.004379430320113897 0.007195246405899525 0.007316402159631252 0.007284281775355339 0.007278400473296642 0.007277561817318201 0.007277281489223242 0.007276751566678286 0.007275314535945654 0.0072722784243524075 0.00726797990500927 0.007265422027558088 0.0072673652321100235 0.007271872367709875 0.0072753047570586205
0.5202843546867371 0.47706303000450134 0.4167771637439728 0.3496739864349365 0.28438639640808105 0.22376149892807007 0.17536990344524384 0.13893932104110718 0.11749549955129623 0.10451135039329529 0.09331516921520233 0.07973556965589523 0.05872815474867821 0.034831419587135315 0.014007937163114548 0.0038165205623954535 0.0024887947365641594 0.006174380891025066 0.009599456563591957 0.013145741075277328 0.02356911450624466 0.044125016778707504 0.06762801855802536 0.08449938893318176 0.08735259622335434 0.06858596950769424 0.02876295894384384 0.0 0.001740952953696251 0.006597322411835194 0.007255813106894493 0.00727813970297575 0.00727755855768919 0.007277334574609995 0.007277103140950203 0.007276610005646944 0.007275687530636787 0.007274231873452663 0.007273098453879356 0.007273276802152395 0.007274726405739784 0.007276233751326799 0.007277072407305241
0.6241851449012756 0.5778035521507263 0.5074547529220581 0.42727410793304443 0.34617558121681213 0.2729007303714752 0.2142007052898407 0.16902455687522888 0.1409268081188202 0.12346480786800385 0.10941183567047119 0.093864805996418 0.07063692063093185 0.04395567253232002 0.020847730338573456 0.008617274463176727 0.006205121986567974 0.010515309870243073 0.01819545216858387 0.0264967679977417 0.03945770487189293 0.059264175593853 0.08004209399223328 0.09459975361824036 0.09747248142957687 0.0816337838768959 0.040792278945446014 0.0018457965925335884 0.0 0.005873549729585648 0.007173808757215738 0.007271769922226667 0.0072769601829349995 0.007277177646756172 0.0072769951075315475 0.007276627700775862 0.007276155520230532 0.007275701966136694 0.007275729440152645 0.007276263553649187 0.007276884745806456 0.007277301512658596 0.007277470547705889
0.7268858551979065 0.6728163361549377 0.595653772354126 0.5019511580467224 0.40774616599082947 0.32157278060913086 0.2520497739315033 0.19960033893585205 0.16176356375217438 0.13843268156051636 0.12062369287014008 0.10497631132602692 0.08068200200796127 0.054514043033123016 0.029685597866773605 0.015716388821601868 0.011348400264978409 0.016730662435293198 0.029688093811273575 0.04408982768654823 0.057685039937496185 0.07296917587518692 0.08755090832710266 0.09728138148784637 0.09775526821613312 0.08285630494356155 0.04405739903450012 0.0025381287559866905 0.0 0.00518172699958086 0.007062665652483702 0.007259756792336702 0.007275537587702274 0.007276830729097128 0.0072767785750329494 0.007276563439518213 0.0072763580828905106 0.007276416290551424 0.007276711519807577 0.0072771222330629826 0.007277392782270908 0.007277504075318575 0.0072775366716086864
0.8222513794898987 0.7625916004180908 0.6733037233352661 0.5716072916984558 0.46624648571014404 0.36824485659599304 0.28585085272789 0.22403070330619812 0.1798030585050583 0.1496824324131012 0.12747499346733093 0.11038510501384735 0.08819855004549026 0.06166338175535202 0.037728987634181976 0.023961488157510757 0.018257133662700653 0.0244235061109066 0.04184073954820633 0.06233462318778038 0.07626593858003616 0.08537805825471878 0.0920146256685257 0.0950605571269989 0.09130974113941193 0.0757296159863472 0.03995685651898384 0.0016658781096339226 0.0 0.004452827386558056 0.006868167780339718 0.007226015906780958 0.007269712630659342 0.007275471463799477 0.0072762263007462025 0.007276299875229597 0.007276434917002916 0.007276733405888081 0.0072771115228533745 0.00727738905698061 0.0072775064036250114 0.007277539931237698 0.0072775473818182945
0.89103764295578 0.8465405106544495 0.7550809383392334 0.641904354095459 0.5273357033729553 0.4224635362625122 0.3300098776817322 0.2593606412410736 0.2069856971502304 0.16703680157661438 0.13984562456607819 0.11925472319126129 0.09593112766742706 0.07175519317388535 0.04988669604063034 0.036051273345947266 0.03034113720059395 0.0364810936152935 0.05447373539209366 0.07894478738307953 0.09365987032651901 0.09706703573465347 0.09527932107448578 0.09047047048807144 0.0811353474855423 0.06386344134807587 0.032665278762578964 0.0007032020948827267 0.0 0.0033616754226386547 0.006437574978917837 0.007111830171197653 0.007240842562168837 0.007267497014254332 0.007273680996149778 0.007275336422026157 0.007276077289134264 0.0072767650708556175 0.007277233991771936 0.007277458440512419 0.0072775306180119514 0.007277545984834433 0.0072775487788021564
0.9093941450119019 0.8789326548576355 0.8013776540756226 0.6839399933815002 0.5660679936408997 0.4523477256298065 0.3526899218559265 0.2744917869567871 0.211792454123497 0.16785545647144318 0.13362009823322296 0.11229653656482697 0.09139177203178406 0.07187139987945557 0.054995741695165634 0.04497576132416725 0.04102446138858795 0.047093722969293594 0.06456926465034485 0.08900602906942368 0.10489009320735931 0.10565108060836792 0.09683464467525482 0.08427273482084274 0.0692552998661995 0.050753697752952576 0.025603633373975754 0.0006357096135616302 0.0 0.0016142302192747593 0.0054853796027600765 0.006760082207620144 0.007121680304408073 0.007228881120681763 0.007262618746608496 0.007272772490978241 0.0072757648304104805 0.007276858203113079 0.007277346681803465 0.0072775064036250114 0.007277542259544134 0.007277548313140869 0.007277549244463444
0.917194128036499 0.889275074005127 0.8217355012893677 0.7063916325569153 0.5835760831832886 0.46758660674095154 0.36397358775138855 0.280452698469162 0.2115188091993332 0.16170178353786469 0.12349916249513626 0.10185712575912476 0.08388299494981766 0.06968265026807785 0.05874139070510864 0.05368581786751747 0.053784798830747604 0.05822288617491722 0.0722966343164444 0.09351857006549835 0.10847635567188263 0.10915709286928177 0.09655793756246567 0.07793125510215759 0.05818383768200874 0.03954682871699333 0.020941540598869324 0.002314054872840643 0.0 0.0 0.0034395738039165735 0.005741661414504051 0.006690713576972485 0.007067263592034578 0.0072130197659134865 0.007262497674673796 0.007274450268596411 0.007276901975274086 0.007277415134012699 0.007277526892721653 0.007277545984834433 0.0072775487788021564 0.007277549244463444
0.9176992177963257 0.8857609033584595 0.8167082667350769 0.7051129341125488 0.5826013684272766 0.46862825751304626 0.36762017011642456 0.28144723176956177 0.20804938673973083 0.15337984263896942 0.11180013418197632 0.09013093262910843 0.07520344853401184 0.06642153859138489 0.061804432421922684 0.0643007829785347 0.06606702506542206 0.07162284106016159 0.08130572736263275 0.09494538605213165 0.10611280053853989 0.10642322152853012 0.09332499653100967 0.07185298949480057 0.04952540248632431 0.031605932861566544 0.01867290399968624 0.006032696459442377 0.0 0.0 0.0 0.003408438293263316 0.005546414293348789 0.006603769026696682 0.007063092198222876 0.007225880865007639 0.007269001100212336 0.007276481948792934 0.007277426775544882 0.007277535740286112 0.007277547847479582 0.007277549244463444 0.007277549710124731
0.9066780209541321 0.8693320155143738 0.799882709980011 0.6956049799919128 0.5825826525688171 0.4736121594905853 0.37233132123947144 0.286258339881897 0.2137881964445114 0.15212120115756989 0.11057281494140625 0.08847979456186295 0.07551703602075577 0.07107999175786972 0.07436568289995193 0.0801895409822464 0.08511078357696533 0.09023961424827576 0.09523601830005646 0.10189724713563919 0.1045641154050827 0.10201738029718399 0.08874980360269547 0.06709931045770645 0.04376889020204544 0.026235762983560562 0.01716168224811554 0.011506730690598488 0.001556876115500927 0.0 0.0 0.0 0.0032167844474315643 0.005618720781058073 0.006723921280354261 0.007137109525501728 0.007249785121530294 0.007273170631378889 0.007276956923305988 0.007277483120560646 0.0072775487788021564 0.007277561351656914 0.007277567870914936
0.8835609555244446 0.8347394466400146 0.7618439793586731 0.666623055934906 0.5647567510604858 0.46437644958496094 0.3686230778694153 0.2846589982509613 0.2077609896659851 0.14679327607154846 0.10285156220197678 0.08061666041612625 0.07013817876577377 0.07063618302345276 0.07821793854236603 0.09313783049583435 0.10270148515701294 0.10883264243602753 0.11058472096920013 0.11076711118221283 0.10657867789268494 0.09890348464250565 0.08459804952144623 0.06389046460390091 0.04040931910276413 0.022181997075676918 0.013993220403790474 0.013799723237752914 0.011350980028510094 2.169795334339142e-05 0.0 0.0 0.00016803760081529617 0.004361982457339764 0.006364881992340088 0.007047946564853191 0.007225870620459318 0.007266054395586252 0.007274807430803776 0.007276936434209347 0.007277545984834433 0.0072778197936713696 0.007277846802026033
0.8323407769203186 0.7794080376625061 0.710423469543457 0.6285222172737122 0.5405307412147522 0.4544811248779297 0.36576029658317566 0.28172144293785095 0.2083067148923874 0.14531995356082916 0.09922556579113007 0.07676268368959427 0.06862527877092361 0.07400771230459213 0.08833085000514984 0.11036417633295059 0.12504282593727112 0.13449743390083313 0.13375547528266907 0.12818849086761475 0.11622730642557144 0.10063578933477402 0.08316249400377274 0.06233637407422066 0.03805876150727272 0.017648857086896896 0.007669126149266958 0.009305039420723915 0.016922831535339355 0.013195538893342018 0.0 0.0 0.0 0.003223694395273924 0.00612255372107029 0.007007414009422064 0.007210433483123779 0.007257286459207535 0.007269807625561953 0.0072741201147437096 0.007276950869709253 0.007279413286596537 0.007279922254383564
0.7709885239601135 0.7291440963745117 0.6709372401237488 0.6030344367027283 0.527638852596283 0.44783031940460205 0.36973193287849426 0.28907763957977295 0.21632222831249237 0.15196600556373596 0.1038539782166481 0.07772582024335861 0.0750451385974884 0.08539894223213196 0.1065426915884018 0.13323895633220673 0.15501073002815247 0.16648223996162415 0.16412732005119324 0.1536773294210434 0.1340978890657425 0.11009198427200317 0.08638285100460052 0.062216952443122864 0.034730441868305206 0.010325061157345772 0.0 0.0 0.009880122728645802 0.02075238525867462 0.009217447601258755 0.0 0.0 0.002359036821871996 0.006040679290890694 0.00702314730733633 0.007217107806354761 0.007255344185978174 0.007263734936714172 0.007267710752785206 0.007271462120115757 0.007280014920979738 0.007286770269274712
0.7446268796920776 0.7101576924324036 0.6685266494750977 0.6143738031387329 0.5506889224052429 0.476272314786911 0.3956960439682007 0.315256804227829 0.24251137673854828 0.173781618475914 0.12391354143619537 0.10002011060714722 0.09592742472887039 0.11361885815858841 0.14298602938652039 0.17476536333560944 0.1982056200504303 0.21125027537345886 0.2073012739419937 0.192832812666893 0.16377043724060059 0.1295952945947647 0.09670962393283844 0.0628371462225914 0.027157098054885864 0.0 0.0 0.0 0.0 0.009386448189616203 0.019195539876818657 0.0012834854423999786 0.0 0.0010758554562926292 0.005857888609170914 0.007034957874566317 0.007226333487778902 0.007257559336721897 0.007261025253683329 0.007257222663611174 0.007250715512782335 0.007262986619025469 0.007288514636456966
0.7028822302818298 0.6767250299453735 0.6472582221031189 0.6021812558174133 0.5511665344238281 0.48944714665412903 0.4136582314968109 0.3315907418727875 0.2566874921321869 0.1868547946214676 0.13678166270256042 0.11406895518302917 0.11382696777582169 0.13741426169872284 0.1711614578962326 0.21100962162017822 0.2400849312543869 0.25203827023506165 0.24791860580444336 0.22654104232788086 0.18977677822113037 0.14702770113945007 0.10148855298757553 0.05820062384009361 0.01581513322889805 0.0 0.0 0.0 0.0 0.0 0.009994649328291416 0.0075867255218327045 0.0 0.00036945194005966187 0.0058854566887021065 0.007082449737936258 0.007241891231387854 0.007264294195920229 0.0072645945474505424 0.007254936266690493 0.007226209156215191 0.007193403784185648 0.007197021972388029
0.683959424495697 0.6622172594070435 0.629487156867981 0.5876870155334473 0.5426849722862244 0.49421536922454834 0.4309547543525696 0.35108986496925354 0.27332377433776855 0.20549991726875305 0.15306949615478516 0.13295875489711761 0.1374066025018692 0.16694867610931396 0.20641377568244934 0.24988308548927307 0.2776944935321808 0.2895450294017792 0.2814668118953705 0.2544270157814026 0.21173688769340515 0.15760913491249084 0.10090561211109161 0.04763304442167282 0.0 0.0 0.0 0.0 0.0 0.0 0.0 0.005670366808772087 0.0 0.0 0.0057794153690338135 0.007089780177921057 0.007247441448271275 0.007268392015248537 0.007268456742167473 0.007258424069732428 0.007217650301754475 0.007123447488993406 0.007034466601908207
0.6755699515342712 0.653430700302124 0.6142033338546753 0.5693404078483582 0.5258775353431702 0.48555415868759155 0.43599361181259155 0.3665556013584137 0.2900065779685974 0.22232982516288757 0.1722264587879181 0.15618254244327545 0.16592998802661896 0.19835668802261353 0.24340271949768066 0.28504979610443115 0.3084773123264313 0.31450408697128296 0.3011458218097687 0.2688601315021515 0.21984538435935974 0.15809418261051178 0.0919104665517807 0.030209284275770187 0.0 0.0 0.0 0.0 0.0 0.0 0.0 0.0 0.0 0.0 0.0054020690731704235 0.007064070552587509 0.007246374152600765 0.007269193418323994 0.007270664907991886 0.007263038773089647 0.0072258030995726585 0.007109585218131542 0.006917200516909361
0.6795380711555481 0.6388846039772034 0.5955337882041931 0.5542779564857483 0.5127813220024109 0.47105082869529724 0.42855316400527954 0.37735530734062195 0.31361326575279236 0.24880610406398773 0.2062380164861679 0.19547520577907562 0.20944572985172272 0.24215176701545715 0.27842044830322266 0.30589014291763306 0.3183094263076782 0.31739845871925354 0.2990230619907379 0.2616203725337982 0.21013706922531128 0.143246591091156 0.07034704089164734 0.0012059751898050308 0.0 0.0 0.0 0.0 0.0 0.0 0.0 0.0 0.0 0.0 0.003701228415593505 0.006838529370725155 0.0072228023782372475 0.007265482563525438 0.00726976478472352 0.0072641437873244286 0.007231278344988823 0.007113849278539419 0.006879474967718124
0.6579133868217468 0.618652880191803 0.583649218082428 0.5490832924842834 0.5114548206329346 0.47124364972114563 0.42875605821609497 0.37802284955978394 0.31756389141082764 0.25958505272865295 0.2247322052717209 0.22042688727378845 0.2363271713256836 0.2631739377975464 0.28736379742622375 0.3010670244693756 0.30694782733917236 0.3027728796005249 0.281186044216156 0.24046875536441803 0.18531861901283264 0.1176295131444931 0.041172973811626434 0.0 0.0 0.0 0.0 0.0 0.0 0.0 0.0 0.0 0.0 0.0 0.002439829520881176 0.006423532031476498 0.007166280411183834 0.007255165372043848 0.0072656613774597645 0.007263012696057558 0.0072404444217681885 0.007160050328820944 0.006980475503951311
