2D_landslide/Landslide/figures/7h.txt
ncols   200
nrows   200
xllcorner   0
yllcorner   0
cellsize   12.5
NODATA_value   -9999.00000
[rows 38 to 56 of 200, columns 86 to 128 of 200]
0.3468177318572998 0.41333794593811035 0.48975324630737305 0.5738102793693542 0.6555980443954468 0.7443333864212036 0.8713721036911011 1.041987419128418 1.2124558687210083 1.3672269582748413 1.8399358987808228 2.543276309967041 3.1175591945648193 3.492680311203003 3.668522596359253 3.7136435508728027 3.718127965927124 3.514038562774658 3.1687967777252197 2.591431140899658 1.9502158164978027 1.458143711090088 1.1495881080627441 0.9884218573570251 0.9194633960723877 0.9058723449707031 0.9267195463180542 0.9723502993583679 1.0200390815734863 1.0577645301818848 1.0868159532546997 1.084368109703064 1.0465599298477173 0.9531462788581848 0.811089813709259 0.6781838536262512 0.5508103370666504 0.44254401326179504 0.34844619035720825 0.27518874406814575 0.22210358083248138 0.19091057777404785 0.17880450189113617
0.3584076464176178 0.4230419993400574 0.5017940402030945 0.5911937952041626 0.6799553036689758 0.7824687957763672 0.9307173490524292 1.108163595199585 1.2606046199798584 1.489722490310669 2.192603826522827 2.9208664894104004 3.5001256465911865 3.9125120639801025 3.9729490280151367 3.9183692932128906 3.781390428543091 3.4849350452423096 3.035135269165039 2.417665719985962 1.8365139961242676 1.4055699110031128 1.093178153038025 0.9404999613761902 0.883639931678772 0.8760119080543518 0.9046450257301331 0.9586589932441711 1.0165060758590698 1.0566534996032715 1.0882723331451416 1.08759343624115 1.0544447898864746 0.9591710567474365 0.8144084811210632 0.6799169778823853 0.5524091720581055 0.44097986817359924 0.34342536330223083 0.2693713903427124 0.21876193583011627 0.19108258187770844 0.18283626437187195
0.3679434359073639 0.4332316219806671 0.5163061618804932 0.6134129166603088 0.7132660150527954 0.8251073956489563 0.9730530381202698 1.1222238540649414 1.2688026428222656 1.6478897333145142 2.486870527267456 3.181248426437378 3.8267340660095215 4.241987228393555 4.174413204193115 3.991100549697876 3.7188992500305176 3.287313222885132 2.7317187786102295 2.1591596603393555 1.7094405889511108 1.288819670677185 1.0084954500198364 0.8992515802383423 0.8583013415336609 0.8667032122612 0.9117879271507263 0.976481020450592 1.035075068473816 1.0818055868148804 1.094633936882019 1.092849850654602 1.0622071027755737 0.9633678197860718 0.8096494674682617 0.6747633218765259 0.5450268983840942 0.4264063239097595 0.3288251757621765 0.2535353899002075 0.20281274616718292 0.17534606158733368 0.1685907542705536
0.37976595759391785 0.4490213990211487 0.537885844707489 0.64359050989151 0.7563007473945618 0.8746551871299744 0.9931402802467346 1.090030550956726 1.2396881580352783 1.6959447860717773 2.4864675998687744 3.186357021331787 3.7825024127960205 4.189663887023926 4.030287742614746 3.7413315773010254 3.364659070968628 2.8617255687713623 2.367866277694702 1.9520156383514404 1.5226492881774902 1.1344552040100098 0.938310980796814 0.8740057349205017 0.8557340502738953 0.8770713806152344 0.9298292398452759 0.9991569519042969 1.0607848167419434 1.09524667263031 1.0951589345932007 1.095210075378418 1.05947744846344 0.9512289762496948 0.7922359704971313 0.6563982963562012 0.5252825617790222 0.4039028584957123 0.3043838143348694 0.2275099754333496 0.1746872365474701 0.14552593231201172 0.13770616054534912
0.40194758772850037 0.4777834415435791 0.5759308338165283 0.6907550692558289 0.816213846206665 0.9216135740280151 0.9926882982254028 1.0450031757354736 1.184707760810852 1.6039868593215942 2.2162604331970215 2.8020756244659424 3.3055613040924072 3.6518733501434326 3.5108389854431152 3.2302675247192383 2.8298988342285156 2.440725803375244 2.0958030223846436 1.7277785539627075 1.3071520328521729 1.0160506963729858 0.9136884212493896 0.8821201920509338 0.8799810409545898 0.9134779572486877 0.9763435125350952 1.049251675605774 1.0932625532150269 1.104901909828186 1.0912890434265137 1.089381456375122 1.0399833917617798 0.9198359251022339 0.7657391428947449 0.631953775882721 0.49507221579551697 0.37537717819213867 0.27393314242362976 0.1945745050907135 0.13746653497219086 0.10595469176769257 0.0957890972495079
0.43344417214393616 0.5202327966690063 0.6267228126525879 0.7507943511009216 0.8749730587005615 0.9456990957260132 0.9934647679328918 1.0285670757293701 1.1008522510528564 1.4170767068862915 1.8603525161743164 2.2561590671539307 2.652517557144165 2.9203929901123047 2.7862441539764404 2.597785234451294 2.322453498840332 2.0809402465820312 1.7743141651153564 1.4193090200424194 1.1001273393630981 0.9586345553398132 0.920632541179657 0.9082123637199402 0.9186428189277649 0.9605538845062256 1.025065302848816 1.0825637578964233 1.1055376529693604 1.1010264158248901 1.0917752981185913 1.0855319499969482 1.01195228099823 0.8922629356384277 0.7386355996131897 0.6000824570655823 0.46198222041130066 0.3414229154586792 0.23847602307796478 0.15482833981513977 0.09426740556955338 0.06133679300546646 0.04992516338825226
0.4781207740306854 0.5748015642166138 0.6873964071273804 0.8176233172416687 0.915347695350647 0.9552404284477234 1.0019476413726807 1.0411067008972168 1.064516305923462 1.2365059852600098 1.5707792043685913 1.8715771436691284 2.111342668533325 2.237488031387329 2.1941115856170654 2.108299493789673 1.9403809309005737 1.7242004871368408 1.464808702468872 1.2027392387390137 1.038703441619873 0.9858101606369019 0.9736786484718323 0.9648048281669617 0.9784160852432251 1.016103982925415 1.0708343982696533 1.1020328998565674 1.111472249031067 1.0986613035202026 1.095900297164917 1.0775223970413208 0.9881187081336975 0.867857038974762 0.7169361710548401 0.5716104507446289 0.42841389775276184 0.3091927468776703 0.203336700797081 0.11450662463903427 0.05440850555896759 0.02488459274172783 0.014969957992434502
0.5281793475151062 0.6316559910774231 0.7508717179298401 0.871687650680542 0.920016348361969 0.940457284450531 0.9820696711540222 1.028401255607605 1.0628643035888672 1.1084648370742798 1.2691906690597534 1.4928092956542969 1.6891077756881714 1.8013581037521362 1.7814260721206665 1.7225267887115479 1.6068378686904907 1.4423445463180542 1.2602845430374146 1.1064690351486206 1.0469374656677246 1.0362476110458374 1.0265017747879028 1.0169556140899658 1.025924801826477 1.053239107131958 1.0872608423233032 1.101609468460083 1.1034578084945679 1.1004419326782227 1.0923348665237427 1.0588077306747437 0.9593266248703003 0.8358943462371826 0.6883112788200378 0.5432124137878418 0.40474414825439453 0.2816312909126282 0.1732245683670044 0.08142133057117462 0.025628872215747833 0.0032609305344522 0.0
0.5796823501586914 0.6870464086532593 0.8010920286178589 0.8854718804359436 0.9097860455513 0.9544859528541565 1.0069568157196045 1.0336769819259644 1.0510691404342651 1.0762197971343994 1.1196268796920776 1.2118722200393677 1.3425356149673462 1.4620128870010376 1.4804147481918335 1.454789161682129 1.3556658029556274 1.2256888151168823 1.1304699182510376 1.0738768577575684 1.064451813697815 1.0608940124511719 1.057887315750122 1.0558853149414062 1.068108320236206 1.0825581550598145 1.0957990884780884 1.1017147302627563 1.0996102094650269 1.1003328561782837 1.0751583576202393 1.0244261026382446 0.9297013282775879 0.8080288171768188 0.6559804677963257 0.5204840302467346 0.38761064410209656 0.26634731888771057 0.15641820430755615 0.06247089058160782 0.011013193055987358 0.0 0.0
0.6221377849578857 0.7231725454330444 0.817735493183136 0.8923885822296143 0.9654442667961121 1.0506592988967896 1.1088616847991943 1.0975885391235352 1.0539733171463013 1.048176884651184 1.0842406749725342 1.1116183996200562 1.1456066370010376 1.1938352584838867 1.2054182291030884 1.1895380020141602 1.1420283317565918 1.1033076047897339 1.079724669456482 1.070157527923584 1.069326639175415 1.0725162029266357 1.0853928327560425 1.0970834493637085 1.1101043224334717 1.1297554969787598 1.1250629425048828 1.1190658807754517 1.1128498315811157 1.0944727659225464 1.0441020727157593 0.9847173690795898 0.8992140293121338 0.7765438556671143 0.6336436867713928 0.5055578947067261 0.37895774841308594 0.25986871123313904 0.14968526363372803 0.05361507833003998 0.004195850808173418 0.0 0.0
0.6497514247894287 0.7337685227394104 0.8201361298561096 0.9281741976737976 1.047480821609497 1.1456551551818848 1.1989227533340454 1.1581794023513794 1.0686124563217163 1.0171020030975342 1.037026286125183 1.0810911655426025 1.09493887424469 1.098594069480896 1.1017202138900757 1.0970873832702637 1.0906845331192017 1.082337737083435 1.069629430770874 1.0644804239273071 1.0717374086380005 1.0894336700439453 1.10137939453125 1.0935838222503662 1.085200309753418 1.1142877340316772 1.163875699043274 1.1692283153533936 1.1321215629577637 1.0834307670593262 1.023929238319397 0.965404212474823 0.8807854056358337 0.7593070864677429 0.6308044791221619 0.5057999491691589 0.3809620141983032 0.26466044783592224 0.15469694137573242 0.05599081888794899 0.0037582647055387497 0.0 0.0
0.6583184003829956 0.7215074896812439 0.8069392442703247 0.9473358392715454 1.0827378034591675 1.15703284740448 1.168886661529541 1.126535415649414 1.0207511186599731 0.9782576560974121 0.9898580312728882 1.036101222038269 1.0596708059310913 1.0702829360961914 1.0730990171432495 1.0693439245224 1.0648205280303955 1.0602697134017944 1.0524088144302368 1.0500108003616333 1.0609315633773804 1.093767762184143 1.09540855884552 1.0384489297866821 0.9745286703109741 0.9920050501823425 1.1026604175567627 1.172732949256897 1.1508171558380127 1.0715031623840332 0.9984021782875061 0.9458471536636353 0.8559926152229309 0.7492201924324036 0.6234667301177979 0.5084173679351807 0.3916315734386444 0.27870693802833557 0.17133870720863342 0.06836386770009995 0.008984694257378578 0.0 0.0
0.6483333110809326 0.6950291991233826 0.7764424085617065 0.9366039037704468 1.059829592704773 1.1322124004364014 1.129583477973938 1.0511634349822998 0.9811280965805054 0.9303675889968872 0.9493758082389832 0.9934784770011902 1.015353798866272 1.0257786512374878 1.0283854007720947 1.0250643491744995 1.0267819166183472 1.02961003780365 1.0297771692276 1.0342024564743042 1.0515425205230713 1.0906392335891724 1.0642601251602173 0.9405527710914612 0.8012956976890564 0.7724925875663757 0.9126830101013184 1.065075159072876 1.1264413595199585 1.0790693759918213 0.9945627450942993 0.9225887656211853 0.8360955119132996 0.737896203994751 0.6190590858459473 0.5173959732055664 0.4092032015323639 0.30257537961006165 0.1973230540752411 0.09415082633495331 0.02325621247291565 0.0 0.0
0.6201831102371216 0.6552544236183167 0.7131195068359375 0.8443185687065125 0.9546157121658325 0.9903301000595093 0.9857130646705627 0.9425995945930481 0.8980532884597778 0.9002012610435486 0.928590714931488 0.96308833360672 0.9806070327758789 0.9875695705413818 0.9861925840377808 0.9851455688476562 0.9911180734634399 0.9999149441719055 1.0074999332427979 1.016711950302124 1.040014386177063 1.0843641757965088 1.061876893043518 0.8983930349349976 0.696960985660553 0.6054975986480713 0.7423790693283081 0.8773728013038635 1.0168567895889282 1.0531662702560425 0.9913862347602844 0.9209999442100525 0.8327022194862366 0.7397327423095703 0.6244801878929138 0.526904284954071 0.4198726415634155 0.3231799602508545 0.22289453446865082 0.1243288442492485 0.0484367199242115 0.011277256533503532 0.0
0.5821046829223633 0.6113429665565491 0.651791512966156 0.7396816611289978 0.8285828828811646 0.8691199421882629 0.8745346665382385 0.8611316084861755 0.8638229966163635 0.8870002627372742 0.9168681502342224 0.9420860409736633 0.9540112018585205 0.9591096043586731 0.9583855271339417 0.9575079679489136 0.96503746509552 0.9765864610671997 0.987223207950592 1.0007327795028687 1.0296610593795776 1.0731207132339478 1.0008281469345093 0.7922689318656921 0.5035829544067383 0.4242064356803894 0.5198530554771423 0.6306145191192627 0.8100510835647583 0.9641058444976807 1.0030930042266846 0.9615877866744995 0.853022038936615 0.7476144433021545 0.6321227550506592 0.5373048782348633 0.43250811100006104 0.3420552909374237 0.25002333521842957 0.16011282801628113 0.08715837448835373 0.04210527986288071 0.021985847502946854
0.5398414134979248 0.5719273090362549 0.6041054725646973 0.6639956831932068 0.7441610097885132 0.7890320420265198 0.8114163279533386 0.825038492679596 0.8505975604057312 0.8829512596130371 0.9109009504318237 0.9264557957649231 0.9354724884033203 0.9364278316497803 0.9377966523170471 0.938533365726471 0.9463225603103638 0.9578337669372559 0.9694185256958008 0.9841397404670715 1.0125582218170166 1.0468785762786865 0.9460100531578064 0.6859480142593384 0.41739603877067566 0.275667279958725 0.32205823063850403 0.4161911904811859 0.591727614402771 0.7982800006866455 0.9483023881912231 0.9778068661689758 0.875210165977478 0.7437421679496765 0.6337568163871765 0.5414963960647583 0.44091737270355225 0.35816627740859985 0.27516400814056396 0.20015829801559448 0.13828524947166443 0.09579569101333618 0.07087960839271545
0.5015169382095337 0.538059651851654 0.5816222429275513 0.6350312829017639 0.7041223645210266 0.7575783729553223 0.7901804447174072 0.8139611482620239 0.8444740176200867 0.8759753704071045 0.897951066493988 0.9109179377555847 0.9202839136123657 0.9255281686782837 0.9266908764839172 0.9318515062332153 0.9387861490249634 0.9462375044822693 0.955748975276947 0.9686342477798462 0.9936102032661438 1.00139319896698 0.8637039065361023 0.6064870953559875 0.34086358547210693 0.1728041023015976 0.1362587958574295 0.2153569459915161 0.38303980231285095 0.5839360952377319 0.828542947769165 0.9550560116767883 0.8935851454734802 0.7368093132972717 0.6169871687889099 0.5350809097290039 0.45000624656677246 0.37525638937950134 0.30540868639945984 0.24717192351818085 0.20302346348762512 0.1704227328300476 0.1482820361852646
0.4745153784751892 0.5197668075561523 0.5764294266700745 0.6362746357917786 0.7007769346237183 0.7523106336593628 0.7856369018554688 0.8134437203407288 0.8417068719863892 0.8692395091056824 0.8881688714027405 0.8997249603271484 0.9107186198234558 0.9182071685791016 0.9229090213775635 0.928926944732666 0.9347106218338013 0.939614474773407 0.9452288746833801 0.9513405561447144 0.9669626951217651 0.9641791582107544 0.8215474486351013 0.5884537100791931 0.37908411026000977 0.17159035801887512 0.038696739822626114 0.060825981199741364 0.2374839186668396 0.40040382742881775 0.7066214680671692 0.9120619893074036 0.9007695913314819 0.7284855842590332 0.6095129251480103 0.5228742957115173 0.44714224338531494 0.3857699930667877 0.3328005075454712 0.2945201098918915 0.2680470049381256 0.24948306381702423 0.23415732383728027
0.46821460127830505 0.5242273807525635 0.5957776308059692 0.67191481590271 0.7317514419555664 0.7674024701118469 0.7912811636924744 0.8144556879997253 0.840471088886261 0.8639478087425232 0.8851657509803772 0.8979566693305969 0.9127567410469055 0.9249072074890137 0.9307023286819458 0.9374681711196899 0.9411796927452087 0.9450216293334961 0.9421781301498413 0.9370899796485901 0.9560546875 0.9571588635444641 0.8375020027160645 0.6604361534118652 0.4725485146045685 0.23832455277442932 0.006829426623880863 0.0 0.014955900609493256 0.24391745030879974 0.5034475922584534 0.8133039474487305 0.9164498448371887 0.7365300059318542 0.5950464606285095 0.5083355903625488 0.44111645221710205 0.3937840163707733 0.36069485545158386 0.3448617458343506 0.33839288353919983 0.3355681598186493 0.3258886933326721
