2D_landslide/Landslide/figures/7h.txt
ncols   200
nrows   200
xllcorner   0
yllcorner   0
cellsize   12.5
NODATA_value   -9999.00000
[rows 38 to 56 of 200, columns 43 to 85 of 200]
0.0072771781124174595 0.007276953663676977 0.007276828400790691 0.007276834920048714 0.007276875898241997 0.007276841904968023 0.0072766556404531 0.0072760493494570255 0.007274356205016375 0.007269412744790316 0.0072550224140286446 0.007218001876026392 0.007135894615203142 0.0069804745726287365 0.006746433675289154 0.006445827893912792 0.006107366178184748 0.005742331501096487 0.005321783944964409 0.004766503814607859 0.004210805986076593 0.0038958084769546986 0.003776559140533209 0.0035761105827987194 0.0032455348409712315 0.002772874664515257 0.0022370819933712482 0.001498446799814701 0.00024143606424331665 0.0 0.0 0.0 0.0 0.0 0.011576447635889053 0.0354204922914505 0.06516189873218536 0.09696203470230103 0.12821365892887115 0.16073884069919586 0.19739708304405212 0.2395588755607605 0.2890450060367584
0.007275963202118874 0.00727502815425396 0.007274709176272154 0.007274834904819727 0.0072750914841890335 0.007275000214576721 0.007274316623806953 0.007272232789546251 0.007266750559210777 0.007252936251461506 0.007223267108201981 0.007170510943979025 0.007096621207892895 0.0070078191347420216 0.006922530941665173 0.006853153463453054 0.006784551311284304 0.00668875640258193 0.006509113125503063 0.0061561595648527145 0.0056205871514976025 0.004983855411410332 0.004256716929376125 0.0033482424914836884 0.002291893120855093 0.0011783512309193611 0.00013334676623344421 0.0 0.0 0.0 0.0 0.0 0.0 0.014686890877783298 0.04541677236557007 0.08254934847354889 0.11941571533679962 0.15200193226337433 0.1786888986825943 0.20367366075515747 0.2310142070055008 0.2641872763633728 0.3057807385921478
0.007271202281117439 0.0072681233286857605 0.007267890498042107 0.0072691794484853745 0.0072705429047346115 0.007270769216120243 0.007269000634551048 0.007263758685439825 0.007250690832734108 0.0072217294946312904 0.007171626668423414 0.007114505395293236 0.00706934928894043 0.007037815172225237 0.007034221198409796 0.007051949389278889 0.007064888719469309 0.0070490045472979546 0.0069759301841259 0.006781391799449921 0.006383330561220646 0.005677774548530579 0.0045364368706941605 0.0028681675903499126 0.00085457693785429 0.0 0.0 0.0 0.0 0.0 0.0 0.0 0.012962942942976952 0.04522297531366348 0.08732113987207413 0.1304788440465927 0.16697020828723907 0.1955985575914383 0.21674339473247528 0.23499375581741333 0.25507405400276184 0.2815505564212799 0.317516952753067
0.007257250603288412 0.007249950431287289 0.007251964882016182 0.007257469464093447 0.007262074388563633 0.0072634038515388966 0.007260603364557028 0.0072503103874623775 0.007226125802844763 0.007176986895501614 0.007105676922947168 0.007048949133604765 0.007038717158138752 0.007049956358969212 0.0070886495523154736 0.007136072963476181 0.007166384253650904 0.007170521654188633 0.0071381982415914536 0.007029453292489052 0.006745992694050074 0.0060668811202049255 0.004633830860257149 0.0021683666855096817 0.0 0.0 0.0 0.0 0.0 0.0 0.0 0.011634770780801773 0.04083089157938957 0.08288253843784332 0.1277705878019333 0.16865332424640656 0.2002125084400177 0.22396044433116913 0.24068531394004822 0.2543938457965851 0.27059534192085266 0.294053316116333 0.3291222155094147
0.007228112779557705 0.007216280326247215 0.0072237541899085045 0.007238946855068207 0.007248950656503439 0.007252526469528675 0.007248389534652233 0.007232354488223791 0.007192822638899088 0.0071160998195409775 0.007014404982328415 0.006950817536562681 0.006963096093386412 0.007017293944954872 0.007091147359460592 0.0071583520621061325 0.0071962326765060425 0.0072067962028086185 0.007189394906163216 0.007117593195289373 0.0068938275799155235 0.006240183021873236 0.0045758578926324844 0.0013019200414419174 0.0 0.0 0.0 0.0 0.0 0.002297616098076105 0.0171983502805233 0.04309901222586632 0.07980213314294815 0.12194553017616272 0.16246666014194489 0.19610942900180817 0.2217683047056198 0.23998171091079712 0.25271931290626526 0.26422595977783203 0.28072860836982727 0.3064456880092621 0.345508873462677
0.007199999876320362 0.0071836672723293304 0.0071977851912379265 0.007221815176308155 0.007237917743623257 0.007242573890835047 0.00723694171756506 0.007214686367660761 0.007160076405853033 0.007052616216242313 0.00691874697804451 0.0068246666342020035 0.006839832291007042 0.006931529846042395 0.007049177773296833 0.00714193657040596 0.007192346733063459 0.007209604140371084 0.007199575193226337 0.007141940761357546 0.006945888511836529 0.006298087537288666 0.004445230588316917 0.00044038984924554825 0.0 0.0 0.0 0.0 0.011042598634958267 0.028925564140081406 0.05324842780828476 0.08448591828346252 0.11927095055580139 0.15520267188549042 0.18602602183818817 0.21093133091926575 0.22954782843589783 0.2432098686695099 0.25434836745262146 0.2679971754550934 0.2883664071559906 0.3210704028606415 0.36861008405685425
0.007191663142293692 0.0071727498434484005 0.0071884277276694775 0.007212283555418253 0.0072298189625144005 0.0072343540377914906 0.007226377259939909 0.007197197992354631 0.007125794887542725 0.00698371697217226 0.006800270173698664 0.006651584524661303 0.006641041487455368 0.006757714319974184 0.006929883733391762 0.00707077793776989 0.007152182515710592 0.00718473456799984 0.007181989029049873 0.007128466852009296 0.006936888210475445 0.006285815499722958 0.0042844731360673904 0.0 0.0 0.0 0.0 0.01741907000541687 0.04142909124493599 0.06986860185861588 0.09935449808835983 0.12856505811214447 0.15701919794082642 0.18232043087482452 0.20328764617443085 0.2189733237028122 0.23088544607162476 0.24059584736824036 0.25238707661628723 0.2706244885921478 0.29881688952445984 0.34161171317100525 0.40022972226142883
0.007210735697299242 0.007190440781414509 0.007195777725428343 0.007213724311441183 0.00722600519657135 0.0072279139421880245 0.007216169964522123 0.007176684215664864 0.007086209487169981 0.0068974364548921585 0.0066375588066875935 0.006391486153006554 0.0063087223097682 0.006421240046620369 0.006660936400294304 0.006890733726322651 0.00704187573865056 0.007114731706678867 0.007130127400159836 0.0070822280831635 0.006888311821967363 0.0062232608906924725 0.004129248671233654 0.0 0.0 0.0 0.011307884939014912 0.04320617392659187 0.07985781133174896 0.11562172323465347 0.14506001770496368 0.17008817195892334 0.189433291554451 0.2047175168991089 0.21584269404411316 0.22332556545734406 0.2292369157075882 0.23820970952510834 0.2527574896812439 0.2775997817516327 0.3157297670841217 0.3694519102573395 0.4398668706417084
0.007235740777105093 0.007215403951704502 0.0072103338316082954 0.00721596647053957 0.0072225905023515224 0.007219620514661074 0.00720021640881896 0.007146415300667286 0.0070189847610890865 0.006757199764251709 0.006365158595144749 0.005953303538262844 0.005714744329452515 0.00577811524271965 0.006094447337090969 0.00648077204823494 0.006782012525945902 0.006953188218176365 0.007021264173090458 0.006991118658334017 0.006795488763600588 0.006112093571573496 0.003936910070478916 0.0 0.0 0.0 0.02689700946211815 0.07317706197500229 0.11935702711343765 0.15767985582351685 0.18636766076087952 0.20640970766544342 0.21848496794700623 0.2256487011909485 0.22847063839435577 0.23015722632408142 0.23311887681484222 0.24277044832706451 0.2614510953426361 0.29328885674476624 0.34135153889656067 0.4039560556411743 0.48300331830978394
0.007256564684212208 0.007239860482513905 0.00722823292016983 0.007223614491522312 0.007221733685582876 0.0072120241820812225 0.007184003945440054 0.007112511433660984 0.006941771134734154 0.006585415918380022 0.006002005655318499 0.005311393644660711 0.004786477889865637 0.004687913227826357 0.005059846676886082 0.0056820702739059925 0.0062614865601062775 0.006640145555138588 0.00682821124792099 0.006850333418697119 0.0066667902283370495 0.005964729003608227 0.0036845344584435225 0.0 0.0 0.001426108181476593 0.04255321994423866 0.09983525425195694 0.1518276184797287 0.19206522405147552 0.21912850439548492 0.23481333255767822 0.24270544946193695 0.24473774433135986 0.2432200163602829 0.24151524901390076 0.24503271281719208 0.257010817527771 0.2800465226173401 0.3175349831581116 0.3708280026912689 0.44028404355049133 0.5240787863731384
0.007267817389219999 0.007255052216351032 0.007240884006023407 0.007228870876133442 0.007218732964247465 0.007200644351541996 0.007160497829318047 0.007063611410558224 0.006830546539276838 0.006326671224087477 0.005475379526615143 0.004371958784759045 0.0034115787129849195 0.003033455926924944 0.0034254551865160465 0.00436334777623415 0.005380754824727774 0.006126365624368191 0.006526309065520763 0.006646077148616314 0.0064838039688766 0.005721637979149818 0.003260222263634205 0.0 0.0 0.007366057485342026 0.05923021584749222 0.12424412369728088 0.17914719879627228 0.21906156837940216 0.24503754079341888 0.25954902172088623 0.26460984349250793 0.2649403214454651 0.26272866129875183 0.26253607869148254 0.26820504665374756 0.28332290053367615 0.3096769452095032 0.35059404373168945 0.4047796130180359 0.4741884768009186 0.5569254755973816
0.007272737566381693 0.00726307462900877 0.007247579749673605 0.007230797782540321 0.00721118226647377 0.007182377856224775 0.007125105243176222 0.006992063019424677 0.006680760532617569 0.005982737522572279 0.004739997908473015 0.0031378474086523056 0.0016496735624969006 0.0009324275888502598 0.0013139648362994194 0.0026235277764499187 0.004179090261459351 0.005400005728006363 0.006104402244091034 0.006358851678669453 0.0062096817418932915 0.005319559946656227 0.002477445639669895 0.0 0.0 0.015400975942611694 0.07645580917596817 0.1456373929977417 0.2012503445148468 0.24158009886741638 0.2673633098602295 0.2819683253765106 0.28773626685142517 0.2897277772426605 0.2901086211204529 0.293235719203949 0.3013543486595154 0.31924203038215637 0.3479045629501343 0.3869797885417938 0.43846672773361206 0.5022140145301819 0.5762383341789246
0.0072744302451610565 0.007265992928296328 0.007249520160257816 0.007224757224321365 0.007194297853857279 0.007147739641368389 0.007063593249768019 0.006875109393149614 0.006441415287554264 0.0054980372078716755 0.0038058310747146606 0.0016485522501170635 0.0 0.0 0.0 0.0006523285992443562 0.0027339006774127483 0.004473928362131119 0.005524018779397011 0.005923920311033726 0.005744994152337313 0.004591093398630619 0.0010817581787705421 0.0 0.0 0.027198798954486847 0.09579761326313019 0.16629646718502045 0.22193443775177002 0.2623594105243683 0.28915536403656006 0.30511412024497986 0.3149409294128418 0.3213229179382324 0.3265477120876312 0.3343428373336792 0.3470650315284729 0.3665067255496979 0.39237311482429504 0.42784222960472107 0.471699059009552 0.5226935148239136 0.5811023712158203
0.00727490708231926 0.007266217842698097 0.007246582768857479 0.007213611621409655 0.007170011755079031 0.007100705057382584 0.006983398459851742 0.0067386627197265625 0.0061643412336707115 0.00496448390185833 0.002911042422056198 0.0002974197268486023 0.0 0.0 0.0 0.0 0.0013228347525000572 0.00343136815354228 0.0047614313662052155 0.005262952297925949 0.004977768287062645 0.0033470471389591694 0.0 0.0 0.0 0.042582206428050995 0.11574133485555649 0.18529734015464783 0.23993952572345734 0.2809140086174011 0.3098686635494232 0.3294758200645447 0.3442070782184601 0.3560962975025177 0.36647483706474304 0.37817662954330444 0.3926216959953308 0.4107407331466675 0.43293440341949463 0.45901811122894287 0.49025124311447144 0.5259337425231934 0.5690133571624756
0.007274404168128967 0.007263468112796545 0.0072363922372460365 0.0071897078305482864 0.007123858202248812 0.007028541062027216 0.0068688783794641495 0.0065405890345573425 0.0058422088623046875 0.0043989201076328754 0.0020773708820343018 0.0 0.0 0.0 0.0 0.0 0.0 0.00223222142085433 0.0036846280563622713 0.0041805533692240715 0.003599409479647875 0.0012544933706521988 0.0 0.0 0.006220594514161348 0.060498740524053574 0.1355070024728775 0.20309250056743622 0.25664010643959045 0.2999078929424286 0.33165425062179565 0.3569289743900299 0.37719687819480896 0.3953757882118225 0.4096118211746216 0.42162007093429565 0.4346443712711334 0.44947466254234314 0.46190783381462097 0.4776484966278076 0.4974857568740845 0.517737627029419 0.5445833802223206
0.0072725024074316025 0.007255307864397764 0.007213906850665808 0.007144041359424591 0.007047413848340511 0.006912423297762871 0.006698619108647108 0.0062877279706299305 0.00547516206279397 0.003906776197254658 0.0014832904562354088 0.0 0.0 0.0 0.0 0.0 0.0 0.0006865165196359158 0.0020510200411081314 0.002352191600948572 0.0012839268893003464 0.0 0.0 0.0 0.018154259771108627 0.0790819525718689 0.15258623659610748 0.2188849002122879 0.2731553912162781 0.31901222467422485 0.3563946783542633 0.38728126883506775 0.4126553535461426 0.43432512879371643 0.4493963420391083 0.4604443907737732 0.46810227632522583 0.4731081426143646 0.4763436019420624 0.48152491450309753 0.4854687750339508 0.4948520362377167 0.509223222732544
0.00726691447198391 0.007235326338559389 0.007164994720369577 0.007053492125123739 0.006911628879606724 0.006710811983793974 0.006425013300031424 0.005942929070442915 0.005030476488173008 0.0034499254543334246 0.0011711022816598415 0.0 0.0 0.0 0.0 0.0 0.0 0.0 0.0 0.0 0.0 0.0 0.0 0.0 0.03182591497898102 0.09487093240022659 0.16611604392528534 0.2317996770143509 0.288545697927475 0.3402504026889801 0.38392823934555054 0.4207504391670227 0.4502117931842804 0.47301673889160156 0.4867449700832367 0.4915272295475006 0.48982733488082886 0.4851667284965515 0.4748460054397583 0.47026973962783813 0.4646016061306 0.466046541929245 0.4725158214569092
0.007253638003021479 0.007193193305283785 0.00707243662327528 0.006900820415467024 0.006682953331619501 0.00641369353979826 0.006058591417968273 0.005507376976311207 0.004633497446775436 0.0032252902165055275 0.0013137017376720905 0.0 0.0 0.0 0.0 0.0 0.0 0.0 0.0 0.0 0.0 0.0 0.0 0.005639864597469568 0.04262370988726616 0.1035320907831192 0.17225120961666107 0.2387627810239792 0.29961317777633667 0.3577365577220917 0.4091843068599701 0.4515470862388611 0.4834806025028229 0.5045897364616394 0.5106300711631775 0.5062620639801025 0.491428405046463 0.4731708765029907 0.45105046033859253 0.4376264810562134 0.4281986653804779 0.4273552894592285 0.43982425332069397
0.007223441265523434 0.007107348646968603 0.006900711916387081 0.00662937993183732 0.006306712981313467 0.00594212394207716 0.005546566564589739 0.0050026471726596355 0.004226804710924625 0.0031259763054549694 0.0017497902736067772 0.00016323896124958992 0.0 0.0 0.0 0.0 0.0 0.0 0.0 0.0 0.0 0.0 0.0 0.012534660287201405 0.046913739293813705 0.10311007499694824 0.16951963305473328 0.2382047325372696 0.3051447570323944 0.3706834316253662 0.4284447729587555 0.47683581709861755 0.5100000500679016 0.5274313688278198 0.5244156718254089 0.5066097974777222 0.47651907801628113 0.44420090317726135 0.412025511264801 0.39513710141181946 0.3853653073310852 0.3924993574619293 0.4175075888633728
