2D_landslide/Landslide/figures/7u.txt
ncols   200
nrows   200
xllcorner   0
yllcorner   0
cellsize   12.5
NODATA_value   -9999.00000
[rows 19 to 37 of 200, columns 42 to 83 of 200]
0.005590278655290604 0.005590278655290604 0.005590278655290604 0.005590278655290604 0.005590278655290604 0.005590278655290604 0.005590278655290604 0.005590268410742283 0.005590073298662901 0.0055885035544633865 0.0055822692811489105 0.00556689640507102 0.005536464974284172 0.005474594421684742 0.00533455703407526 0.0050084940157830715 0.004219016991555691 0.0025062516797333956 -0.0007443362846970558 -0.005468262359499931 -0.011188743636012077 -0.017180634662508965 -0.022796135395765305 -0.027127735316753387 -0.030139237642288208 -0.03197725862264633 -0.033007387071847916 -0.03323262929916382 -0.03291419893503189 -0.03189574182033539 -0.030410312116146088 -0.028688419610261917 -0.027824047952890396 -0.02866656705737114 -0.03175768256187439 -0.03570638969540596 -0.03298832103610039 -0.0031893299892544746 0.08423353731632233 0.22256048023700714 0.3738658130168915 0.5074748992919922
0.005590278655290604 0.005590278655290604 0.005590278655290604 0.005590278655290604 0.005590278655290604 0.005590278655290604 0.005590278189629316 0.005590267013758421 0.005590077023953199 0.005588633939623833 0.005582772195339203 0.0055667683482170105 0.005532280076295137 0.00545970955863595 0.005293700844049454 0.004921883810311556 0.004127538297325373 0.00258020032197237 6.240466609597206e-05 -0.0031808316707611084 -0.006697429344058037 -0.010311244055628777 -0.013969849795103073 -0.017205815762281418 -0.020091593265533447 -0.022413797676563263 -0.024393128231167793 -0.025328634306788445 -0.025161799043416977 -0.02399684116244316 -0.021839601919054985 -0.01965283416211605 -0.01822337694466114 -0.019077112898230553 -0.02345510572195053 -0.031233210116624832 -0.03598114103078842 -0.00913968589156866 0.10064741969108582 0.2884608507156372 0.488291472196579 0.6575595140457153
0.005590278655290604 0.005590278655290604 0.005590278655290604 0.005590278655290604 0.005590278655290604 0.005590278655290604 0.005590278189629316 0.005590269807726145 0.005590148735791445 0.005589243024587631 0.005585270002484322 0.005572947673499584 0.005542976316064596 0.0054758768528699875 0.005323661491274834 0.005004698410630226 0.004396130796521902 0.0033592062536627054 0.0018717183265835047 0.0003028307110071182 -0.0011945627629756927 -0.0027203308418393135 -0.004531084559857845 -0.006393232382833958 -0.008531613275408745 -0.010778328403830528 -0.01288570836186409 -0.014098593965172768 -0.014140991494059563 -0.012791799381375313 -0.010679533705115318 -0.008462077006697655 -0.0073696319013834 -0.008285307325422764 -0.012861020863056183 -0.023006627336144447 -0.03549620881676674 -0.014453554525971413 0.11908023059368134 0.3544558882713318 0.590714693069458 0.7889571189880371
0.005590278655290604 0.005590278655290604 0.005590278655290604 0.005590278655290604 0.005590278655290604 0.005590278655290604 0.005590278655290604 0.005590274464339018 0.005590222310274839 0.005589829292148352 0.005587881896644831 0.005580733064562082 0.005560622084885836 0.005511706229299307 0.005399585701525211 0.005179312080144882 0.004797019995748997 0.004248649813234806 0.0036075320094823837 0.003116081701591611 0.002746629761531949 0.002310034818947315 0.0016011637635529041 0.0006384961307048798 -0.0006437548436224461 -0.0022493768483400345 -0.0038748430088162422 -0.0047999294474720955 -0.004693350754678249 -0.0034748129546642303 -0.0018200455233454704 -0.00046707363799214363 0.00019076326861977577 -0.0006120526231825352 -0.004225792363286018 -0.014376524835824966 -0.03268073871731758 -0.017718691378831863 0.14178547263145447 0.41707348823547363 0.6765217781066895 0.8942027688026428
0.005590278655290604 0.005590278655290604 0.005590278655290604 0.005590278655290604 0.005590278655290604 0.005590278655290604 0.005590278655290604 0.005590277258306742 0.00559026375412941 0.005590155720710754 0.005589532665908337 0.005586734972894192 0.005577068775892258 0.005548977293074131 0.005477307364344597 0.005340655334293842 0.005143601913005114 0.004930931609123945 0.004776063375174999 0.004751071333885193 0.004772949498146772 0.004694413393735886 0.004427899606525898 0.003979143220931292 0.0032564974389970303 0.002338311169296503 0.0013714744709432125 0.0008969437330961227 0.0011495435610413551 0.0020076092332601547 0.0029995362274348736 0.0037013227120041847 0.003950353246182203 0.0034888226073235273 0.0012954534031450748 -0.0068263160064816475 -0.02806432545185089 -0.021283434703946114 0.1571156531572342 0.4601486325263977 0.732244074344635 0.9528934359550476
0.005590278655290604 0.005590278655290604 0.005590278655290604 0.005590278655290604 0.005590278655290604 0.005590278655290604 0.005590278655290604 0.005590278189629316 0.00559027586132288 0.0055902572348713875 0.005590129643678665 0.005589401349425316 0.005585750099271536 0.005570370703935623 0.005522303283214569 0.00543019687756896 0.005321697797626257 0.005259010475128889 0.005291619338095188 0.005417854059487581 0.0055272518657147884 0.005533989518880844 0.005412355065345764 0.005159471184015274 0.004744004458189011 0.004195454530417919 0.0036754223983734846 0.003482566913589835 0.0037456746213138103 0.004286725074052811 0.004792874678969383 0.0050759525038301945 0.005145421251654625 0.004933727905154228 0.00378351379185915 -0.002050803042948246 -0.02363777719438076 -0.02407265640795231 0.16721419990062714 0.4839771091938019 0.7546180486679077 0.9609847068786621
0.005590278655290604 0.005590278655290604 0.005590278655290604 0.005590278655290604 0.005590278655290604 0.005590278655290604 0.005590278655290604 0.005590278655290604 0.005590278189629316 0.005590276326984167 0.005590262822806835 0.005590131971985102 0.005588792730122805 0.005579724442213774 0.005543347913771868 0.005465378053486347 0.005380117800086737 0.005356829147785902 0.005443013273179531 0.005609114654362202 0.005748915486037731 0.00579223595559597 0.0057227518409490585 0.005536758340895176 0.005240636877715588 0.004882696084678173 0.004561873152852058 0.004501603543758392 0.004728961270302534 0.00507113803178072 0.005316731054335833 0.005433307494968176 0.00545754237100482 0.005363362841308117 0.00474530179053545 0.000551554374396801 -0.020166592672467232 -0.026492483913898468 0.1663510799407959 0.4812927842140198 0.737489640712738 0.9147021174430847
0.005590278655290604 0.005590278655290604 0.005590278655290604 0.005590278655290604 0.005590278655290604 0.005590278655290604 0.005590278655290604 0.005590278655290604 0.005590278655290604 0.005590278655290604 0.005590279586613178 0.005590254906564951 0.005589664448052645 0.00558377243578434 0.005552983842790127 0.005471226759254932 0.005363583564758301 0.005324368365108967 0.005415326915681362 0.005607254337519407 0.005785253830254078 0.005863053724169731 0.0058116912841796875 0.005631227046251297 0.005357358139008284 0.005054634064435959 0.0048294528387486935 0.004839598201215267 0.005055129528045654 0.005306507460772991 0.005460193380713463 0.005521631333976984 0.005530988331884146 0.005478102248162031 0.005076870322227478 0.001745494082570076 -0.01788659207522869 -0.02905295044183731 0.15086476504802704 0.44783011078834534 0.6779824495315552 0.8196446299552917
0.005590278655290604 0.005590278655290604 0.005590278655290604 0.005590278655290604 0.005590278655290604 0.005590278655290604 0.005590278655290604 0.005590278655290604 0.005590278655290604 0.005590278655290604 0.005590279120951891 0.005590270739048719 0.005590000189840794 0.0055862488225102425 0.005558375269174576 0.005461695604026318 0.00529569061473012 0.005185569170862436 0.005249117035418749 0.005472040269523859 0.005708519369363785 0.005831640213727951 0.005782519467175007 0.005576122552156448 0.005292592104524374 0.00502077117562294 0.004861116874963045 0.004929598420858383 0.005155690014362335 0.005374129395931959 0.0054971701465547085 0.005542724393308163 0.005549394991248846 0.005507204681634903 0.005178837571293116 0.0022701791021972895 -0.015926823019981384 -0.03262821212410927 0.11324606835842133 0.37516191601753235 0.5753279328346252 0.6840189099311829
0.005590276792645454 0.005590278189629316 0.005590278655290604 0.005590278655290604 0.005590278655290604 0.005590278655290604 0.005590278655290604 0.005590278655290604 0.005590278655290604 0.005590278655290604 0.005590278655290604 0.005590274930000305 0.005590136628597975 0.005587409716099501 0.005558945704251528 0.005423750262707472 0.005122608505189419 0.004815807566046715 0.004775755573064089 0.005045536905527115 0.005401767324656248 0.00560990022495389 0.005565726663917303 0.0053255679085850716 0.005020955577492714 0.004778147209435701 0.004684245213866234 0.004829401150345802 0.00510720070451498 0.005353202577680349 0.005484266206622124 0.005535011179745197 0.005541112739592791 0.0054937079548835754 0.00514425290748477 0.0023272191174328327 -0.014153290539979935 -0.03558550402522087 0.061659492552280426 0.27112308144569397 0.43918508291244507 0.5228586196899414
0.00559026887640357 0.0055902753956615925 0.005590277723968029 0.005590278655290604 0.005590278655290604 0.005590278655290604 0.005590278655290604 0.005590278655290604 0.005590278655290604 0.005590278655290604 0.005590278655290604 0.005590276326984167 0.005590188782662153 0.005587787367403507 0.005553143098950386 0.005334704648703337 0.004714043345302343 0.003894135355949402 0.0034761622082442045 0.0037344354204833508 0.004339029546827078 0.004790337290614843 0.004855033475905657 0.004654215183109045 0.004406875465065241 0.004261130467057228 0.004282168112695217 0.004545058589428663 0.004916037432849407 0.0052337972447276115 0.005414728075265884 0.005488044116646051 0.005497886799275875 0.0054212287068367004 0.004951766692101955 0.0019574882462620735 -0.012636465951800346 -0.03596722334623337 0.011472387239336967 0.15247301757335663 0.28359726071357727 0.35164228081703186
0.005590248387306929 0.005590268410742283 0.005590276326984167 0.005590278189629316 0.005590278655290604 0.005590278655290604 0.005590278655290604 0.005590278655290604 0.005590278655290604 0.005590278655290604 0.005590278655290604 0.005590276792645454 0.005590191576629877 0.005587322637438774 0.005536285694688559 0.005146178416907787 0.0038323767948895693 0.0017733753193169832 0.0002673733979463577 0.00022379495203495026 0.0012559574097394943 0.00234375917352736 0.00291967811062932 0.0030972561798989773 0.0031672613695263863 0.003296775510534644 0.0035382709465920925 0.003981417044997215 0.00448943767696619 0.004926832392811775 0.005203174892812967 0.005333084613084793 0.005348414648324251 0.005199060309678316 0.00447406992316246 0.0011068396270275116 -0.011538898572325706 -0.033311523497104645 -0.021754443645477295 0.05196426063776016 0.1402282863855362 0.19885127246379852
0.0055902269668877125 0.005590260494500399 0.005590273533016443 0.005590277723968029 0.005590278655290604 0.005590278655290604 0.005590278655290604 0.005590278655290604 0.005590278655290604 0.005590278655290604 0.005590278655290604 0.00559027586132288 0.0055901589803397655 0.005585960578173399 0.0055044861510396 0.004810533486306667 0.002281435765326023 -0.0019618519581854343 -0.0055662523955106735 -0.0064638834446668625 -0.004997133277356625 -0.0026809154078364372 -0.0008185058832168579 0.0004413551650941372 0.0013289465568959713 0.002018912695348263 0.0025695925578475 0.003202014369890094 0.0038086101412773132 0.004333111923187971 0.004700894001871347 0.004895901307463646 0.004904234316200018 0.0046167755499482155 0.003502397798001766 -0.00026020966470241547 -0.011009620502591133 -0.02915428951382637 -0.034732967615127563 -0.006110884249210358 0.045363642275333405 0.0967673510313034
0.005590223707258701 0.005590256303548813 0.005590271204710007 0.005590276792645454 0.005590278189629316 0.005590278655290604 0.005590278655290604 0.005590278655290604 0.005590278655290604 0.005590278655290604 0.005590278189629316 0.005590272136032581 0.005590034648776054 0.005582473240792751 0.005444149486720562 0.004299202002584934 0.00015880027785897255 -0.00678937416523695 -0.012747315689921379 -0.014827016741037369 -0.013138854876160622 -0.009548645466566086 -0.005904113873839378 -0.0029552821069955826 -0.0008820355869829655 0.0005516246892511845 0.001469193957746029 0.00223220931366086 0.0028300262056291103 0.003291476285085082 0.0036509442143142223 0.003821085672825575 0.0037376610562205315 0.003168965457007289 0.0015333564952015877 -0.002675204537808895 -0.011989690363407135 -0.026315592229366302 -0.03605861961841583 -0.027724839746952057 0.00240823975764215 0.05020952597260475
0.005590233951807022 0.0055902558378875256 0.0055902679450809956 0.005590274930000305 0.005590277258306742 0.005590278189629316 0.005590278655290604 0.005590278655290604 0.005590278655290604 0.005590278655290604 0.005590277258306742 0.005590252112597227 0.005589603446424007 0.005574231967329979 0.005343768745660782 0.0036744005046784878 -0.0018950793892145157 -0.010757988318800926 -0.018235232681035995 -0.021068157628178596 -0.01956135593354702 -0.015315001830458641 -0.010354246944189072 -0.005982222966849804 -0.0027665328234434128 -0.0006923233158886433 0.0004472583532333374 0.0012076911516487598 0.001601340714842081 0.0017854676116257906 0.0018086868803948164 0.0016456800512969494 0.0012173447757959366 0.00016355514526367188 -0.0021693813614547253 -0.006920668296515942 -0.015410883352160454 -0.026862092316150665 -0.0355166532099247 -0.032244667410850525 -0.008097818121314049 0.04528402164578438
0.005590240471065044 0.005590252112597227 0.005590261425822973 0.00559026887640357 0.005590274464339018 0.005590276792645454 0.005590277723968029 0.005590278189629316 0.005590277723968029 0.005590276792645454 0.005590266082435846 0.0055901356972754 0.005587966646999121 0.005554380360990763 0.005197100341320038 0.0031199876684695482 -0.0029438408091664314 -0.012128366157412529 -0.0197904072701931 -0.022947266697883606 -0.021790428087115288 -0.017701154574751854 -0.012498421594500542 -0.007640860974788666 -0.003976553678512573 -0.0016533778980374336 -0.00048039713874459267 8.985167369246483e-05 0.00015425542369484901 -0.00017371494323015213 -0.0009391591884195805 -0.0019807922653853893 -0.0033740876242518425 -0.005504918284714222 -0.00893316324800253 -0.01449568197131157 -0.022633710876107216 -0.03154253959655762 -0.03620229661464691 -0.02837006002664566 0.004373172298073769 0.07783296704292297
0.005590241402387619 0.005590241402387619 0.0055902437306940556 0.00559025164693594 0.005590260494500399 0.005590267479419708 0.005590270739048719 0.005590272136032581 0.0055902693420648575 0.005590254906564951 0.005590169224888086 0.005589452106505632 0.005582275800406933 0.005514115560799837 0.005032381508499384 0.002933248644694686 -0.002363370731472969 -0.01007050834596157 -0.016809454187750816 -0.01998828910291195 -0.0193494763225317 -0.016022127121686935 -0.011666728183627129 -0.007491108030080795 -0.0042379917576909065 -0.002153948415070772 -0.0011807531118392944 -0.0008806008845567703 -0.0012279218062758446 -0.0022507188841700554 -0.004038538783788681 -0.006496205925941467 -0.009707394056022167 -0.013672351837158203 -0.018889781087636948 -0.025442223995923996 -0.03238264471292496 -0.03619113937020302 -0.030846793204545975 -0.007271546870470047 0.04885663837194443 0.1519286185503006
0.005590223241597414 0.005590203683823347 0.0055901831947267056 0.0055901831947267056 0.00559019623324275 0.005590212531387806 0.00559022044762969 0.005590217188000679 0.0055901831947267056 0.005590049084275961 0.005589430220425129 0.0055859810672700405 0.005564691498875618 0.005442746914923191 0.004890097305178642 0.0031502314377576113 -0.0005161906592547894 -0.005618243478238583 -0.0103811826556921 -0.013066085055470467 -0.013123888522386551 -0.011242205277085304 -0.00866412278264761 -0.00610534381121397 -0.0039873141795396805 -0.0026127155870199203 -0.002035603392869234 -0.0020935693755745888 -0.0028774654492735863 -0.00458480603992939 -0.0075251441448926926 -0.011751202866435051 -0.017307639122009277 -0.023790687322616577 -0.030408166348934174 -0.035387080162763596 -0.035034190863370895 -0.023922324180603027 0.004051201976835728 0.05542263016104698 0.13950452208518982 0.26234927773475647
0.00559015478938818 0.0055900560691952705 0.005589935462921858 0.005589878186583519 0.005589891690760851 0.005589919630438089 0.005589920096099377 0.005589839071035385 0.005589566193521023 0.005588647443801165 0.005585379898548126 0.005572479218244553 0.005521279294043779 0.005337672308087349 0.004810695070773363 0.003652362385764718 0.0016902307979762554 -0.0008302731439471245 -0.0033077020198106766 -0.005041058175265789 -0.005662882700562477 -0.005409625358879566 -0.004877676256000996 -0.004267998039722443 -0.0036750147119164467 -0.00333593413233757 -0.0034423023462295532 -0.003998305648565292 -0.00527289230376482 -0.0076868170872330666 -0.011836642399430275 -0.017931099981069565 -0.02567819133400917 -0.03306787088513374 -0.03615530952811241 -0.029127739369869232 -0.0059838201850652695 0.03578665852546692 0.0957714319229126 0.17227070033550262 0.2672598958015442 0.3849183917045593
