2D_landslide/Landslide/figures/7u.txt
ncols   200
nrows   200
xllcorner   0
yllcorner   0
cellsize   12.5
NODATA_value   -9999.00000
[rows 38 to 56 of 200, columns 126 to 167 of 200]
0.5631064176559448 0.48210370540618896 0.45068591833114624 0.4542361795902252 0.4677408039569855 0.46630266308784485 0.4272540807723999 0.3353504240512848 0.18934227526187897 0.03355143964290619 -0.03560001775622368 -0.017332663759589195 0.0013929451815783978 0.005216089077293873 0.00556888896971941 0.005589327309280634 0.005590240936726332 0.005590276792645454 0.005590278655290604 0.005590278655290604 0.005590278655290604 0.005590278655290604 0.005590278655290604 0.005590278655290604 0.005590278655290604 0.005590278655290604 0.005590278655290604 0.005590278655290604 0.005590277723968029 0.005590230692178011 0.005589216016232967 0.005582915153354406 0.005575072951614857 0.005580402910709381 0.0055836522951722145 0.005569723900407553 0.005537353456020355 0.005500695202499628 0.005480950232595205 0.005507369991391897 0.005546414293348789 0.0055739302188158035
0.5543764233589172 0.482546329498291 0.4611477553844452 0.474429726600647 0.49430352449417114 0.4958586096763611 0.45825114846229553 0.3685179054737091 0.22498148679733276 0.06256844848394394 -0.029808346182107925 -0.026052646338939667 -0.0034984182566404343 0.004234736785292625 0.005458899307996035 0.005581191275268793 0.005589802749454975 0.005590258631855249 0.005590277723968029 0.005590278655290604 0.005590278655290604 0.005590278655290604 0.005590278655290604 0.005590278655290604 0.005590278655290604 0.005590278655290604 0.005590278655290604 0.005590278655290604 0.005590277258306742 0.005590136628597975 0.005586015060544014 0.005555009003728628 0.005508328787982464 0.005534104537218809 0.005577326286584139 0.005585385486483574 0.005577610805630684 0.005565916653722525 0.005555087700486183 0.005560864228755236 0.005573619622737169 0.005584030412137508
0.5129848718643188 0.4417113959789276 0.4241820275783539 0.44080033898353577 0.4648849070072174 0.4688399136066437 0.43488046526908875 0.3518194854259491 0.22075173258781433 0.07270944118499756 -0.02196871116757393 -0.03291420638561249 -0.011681586503982544 0.001168909016996622 0.004831049591302872 0.0055007063783705235 0.005583231803029776 0.005589926615357399 0.005590267013758421 0.005590278189629316 0.005590278655290604 0.005590278655290604 0.005590278655290604 0.005590278655290604 0.005590278655290604 0.005590278655290604 0.005590278655290604 0.005590278655290604 0.005590270739048719 0.0055894795805215836 0.0055659920908510685 0.005398753099143505 0.005151544231921434 0.005274923983961344 0.005516259931027889 0.005584780126810074 0.005588047672063112 0.005585588980466127 0.005582386162132025 0.005582557991147041 0.005585593171417713 0.005588332191109657
0.44000181555747986 0.36433112621307373 0.34403958916664124 0.359412282705307 0.38431671261787415 0.3915162682533264 0.3645937442779541 0.29456979036331177 0.18604937195777893 0.06675125658512115 -0.01463945023715496 -0.036135949194431305 -0.022547654807567596 -0.006364128552377224 0.0020114353392273188 0.004855407401919365 0.005496963392943144 0.005583716090768576 0.005590032320469618 0.005590273067355156 0.005590278655290604 0.005590278655290604 0.005590278655290604 0.005590278655290604 0.005590278655290604 0.005590278655290604 0.005590278655290604 0.005590278189629316 0.005590206477791071 0.005584693048149347 0.005459744483232498 0.004745672456920147 0.003838028758764267 0.00430674385279417 0.005243188701570034 0.0055618928745388985 0.005589365027844906 0.005589720793068409 0.005589197389781475 0.005589075852185488 0.005589467938989401 0.0055898516438901424
0.343417763710022 0.26164767146110535 0.2352689504623413 0.24542823433876038 0.26852846145629883 0.2802882194519043 0.26456770300865173 0.21520157158374786 0.13818280398845673 0.05431044101715088 -0.007530314847826958 -0.03445560857653618 -0.033047955483198166 -0.01985490508377552 -0.006945038214325905 0.00128271896392107 0.004693692084401846 0.005491693038493395 0.005585103295743465 0.005590135231614113 0.00559027586132288 0.005590278655290604 0.005590278655290604 0.005590278655290604 0.005590278655290604 0.005590278655290604 0.005590278655290604 0.005590271204710007 0.0055895401164889336 0.005555948708206415 0.0050597116351127625 0.0029896784108132124 0.0008395388722419739 0.0020421678200364113 0.004447075538337231 0.005464956630021334 0.0055854907259345055 0.005590145941823721 0.005590158049017191 0.005590120796114206 0.005590126849710941 0.005590040702372789
0.231320321559906 0.14586864411830902 0.11625659465789795 0.12090080976486206 0.1395014375448227 0.15341216325759888 0.15244531631469727 0.12857255339622498 0.08645625412464142 0.03853165730834007 -0.0022992677986621857 -0.02755631133913994 -0.036670587956905365 -0.03354503959417343 -0.022791991010308266 -0.00945296511054039 0.0004926351830363274 0.004662151448428631 0.005509599111974239 0.00558676989749074 0.005590175278484821 0.0055902753956615925 0.005590278655290604 0.005590278655290604 0.005590278655290604 0.005590278655290604 0.00559027586132288 0.005590150598436594 0.0055844285525381565 0.005451862700283527 0.004279359243810177 0.0007646805606782436 -0.0022558728232979774 -0.0003645261749625206 0.0033844243735074997 0.005261675920337439 0.005569913424551487 0.005589677952229977 0.005590217188000679 0.005590188782662153 0.005590086802840233 0.0055898274295032024
0.1278904378414154 0.05127881094813347 0.025551317259669304 0.025692475959658623 0.037347592413425446 0.0521705225110054 0.061102624982595444 0.05981485918164253 0.046153321862220764 0.02575768157839775 0.0036088519264012575 -0.015640975907444954 -0.02966746687889099 -0.03719225525856018 -0.036706093698740005 -0.02669312059879303 -0.011239619925618172 0.0005043912678956985 0.004806118551641703 0.005527529865503311 0.005586942657828331 0.005590086802840233 0.005590259563177824 0.0055902739986777306 0.005590274930000305 0.0055902679450809956 0.005590186920017004 0.0055886926129460335 0.0055608307011425495 0.005246886517852545 0.0035626080352813005 -9.339209645986557e-05 -0.0026031089946627617 -0.0008309711702167988 0.002754210727289319 0.005006350111216307 0.0055319820530712605 0.005587123334407806 0.005590058397501707 0.005590109620243311 0.005589937791228294 0.005589562002569437
0.05321013554930687 -0.004832448437809944 -0.020934607833623886 -0.022151829674839973 -0.015927936881780624 -0.004940955899655819 0.007451159879565239 0.017706479877233505 0.022129081189632416 0.019204098731279373 0.011679042130708694 0.000699059572070837 -0.011778568848967552 -0.025343626737594604 -0.03616141900420189 -0.038527488708496094 -0.027811218053102493 -0.010568486526608467 0.0011472920887172222 0.0049054743722081184 0.005518951453268528 0.0055826264433562756 0.005589005537331104 0.005589873064309359 0.0055899969302117825 0.005589809734374285 0.005588516127318144 0.005578688345849514 0.005501310341060162 0.005063890945166349 0.0036171472165733576 0.001267419196665287 -0.00016537681221961975 0.0009338855743408203 0.003106500953435898 0.004881775006651878 0.005472795106470585 0.005578123964369297 0.005589160602539778 0.005589937791228294 0.005589734762907028 0.00558929517865181
0.015283902175724506 -0.026728302240371704 -0.03460564464330673 -0.03503676876425743 -0.0329107940196991 -0.026448577642440796 -0.01449669525027275 -1.2689270079135895e-05 0.014006555080413818 0.022748880088329315 0.02701684646308422 0.023868924006819725 0.014407850801944733 -0.000284779816865921 -0.018883049488067627 -0.03513385355472565 -0.03900747001171112 -0.026924680918455124 -0.009425856173038483 0.0012663863599300385 0.004704601131379604 0.005416390020400286 0.005545502528548241 0.005572968162596226 0.005579771939665079 0.005579596385359764 0.005571570713073015 0.0055380165576934814 0.005411036312580109 0.0050057535991072655 0.0041127633303403854 0.002980292309075594 0.002315819263458252 0.002749473787844181 0.0037760669365525246 0.004856544081121683 0.0053940038196742535 0.005553229711949825 0.00558463716879487 0.00558930030092597 0.00558941625058651 0.00558893196284771
-0.0024064229801297188 -0.03373636677861214 -0.036151181906461716 -0.03598376363515854 -0.03609533980488777 -0.03292782977223396 -0.022816425189375877 -0.005283824168145657 0.014246129430830479 0.031715027987957 0.043546102941036224 0.04567745327949524 0.03879411518573761 0.024338923394680023 0.003059391863644123 -0.02056788094341755 -0.0371939055621624 -0.03859345614910126 -0.025492137297987938 -0.009645914658904076 -6.499094888567924e-05 0.0036660972982645035 0.004870354197919369 0.005271109286695719 0.005419622175395489 0.005474668461829424 0.005481112748384476 0.005445214454084635 0.005340807605534792 0.0051323301158845425 0.0047956593334674835 0.004457666072994471 0.00428724242374301 0.004380698781460524 0.004668211564421654 0.0050759329460561275 0.005375238135457039 0.005522574298083782 0.005572095047682524 0.005586415994912386 0.005588933825492859 0.005588850937783718
-0.00354191567748785 -0.03465795889496803 -0.03573814406991005 -0.035359255969524384 -0.0361960269510746 -0.033747266978025436 -0.02251383848488331 -0.0017094998620450497 0.023983364924788475 0.04635852947831154 0.0624062679708004 0.06355277448892593 0.05672028288245201 0.04003531113266945 0.018500547856092453 -0.006757519207894802 -0.028250984847545624 -0.040757566690444946 -0.03978224843740463 -0.02857857570052147 -0.015034917742013931 -0.0053581492975354195 0.00010548438876867294 0.0028588806744664907 0.004249779973179102 0.004910558927804232 0.005187889561057091 0.005288674961775541 0.005304374266415834 0.005269963759928942 0.005196744110435247 0.005133043974637985 0.005098964087665081 0.005102620460093021 0.005152528639882803 0.005262007005512714 0.005387506913393736 0.005488775670528412 0.0055472515523433685 0.005576628725975752 0.005586814135313034 0.005588847678154707
0.010020149871706963 -0.03215776011347771 -0.03618727996945381 -0.03601699322462082 -0.03599578142166138 -0.03116685524582863 -0.01547360047698021 0.010783977806568146 0.04076307639479637 0.06430526077747345 0.07700231671333313 0.07504373788833618 0.06247377395629883 0.0446547269821167 0.02275150641798973 0.00010647857561707497 -0.019979549571871758 -0.03693775460124016 -0.04777667298913002 -0.04960322752594948 -0.04239153489470482 -0.029891695827245712 -0.016963811591267586 -0.006858794949948788 -0.00029303645715117455 0.0030316016636788845 0.004471456632018089 0.00503042945638299 0.005249163135886192 0.005335211753845215 0.005363705568015575 0.005372520536184311 0.005374401807785034 0.005369294434785843 0.005354453343898058 0.005376480985432863 0.005412363447248936 0.0054634939879179 0.005511221010237932 0.005555241834372282 0.005579563323408365 0.005588192027062178
0.047053318470716476 -0.019771480932831764 -0.03350503370165825 -0.0347842201590538 -0.03187335655093193 -0.020801378414034843 0.0033134613186120987 0.035646259784698486 0.06766431033611298 0.08872899413108826 0.09427675604820251 0.08540400862693787 0.06694179028272629 0.0447106771171093 0.02308664470911026 0.0030029164627194405 -0.014681227505207062 -0.03194320946931839 -0.05167027562856674 -0.07081787288188934 -0.08074021339416504 -0.07501968741416931 -0.05556945130228996 -0.03260022774338722 -0.013492755591869354 -0.0024882620200514793 0.002471526153385639 0.004353679716587067 0.005017431452870369 0.005276587791740894 0.005371411330997944 0.005412390921264887 0.005424676928669214 0.005424637347459793 0.005403195973485708 0.005400683730840683 0.0054026758298277855 0.00542356027290225 0.005466083064675331 0.005517657846212387 0.005561654455959797 0.005585379432886839
0.11239424347877502 0.01596912182867527 -0.015274347737431526 -0.021022005006670952 -0.014959216117858887 0.002518042689189315 0.03153260052204132 0.06341567635536194 0.09045782685279846 0.10220345854759216 0.10131064057350159 0.08556059002876282 0.061154767870903015 0.03774867579340935 0.017431333661079407 0.001114687416702509 -0.013406908139586449 -0.02951773628592491 -0.054810650646686554 -0.08956827223300934 -0.11816906929016113 -0.1251763254404068 -0.10834658145904541 -0.07579798996448517 -0.04055401682853699 -0.015510352328419685 -0.002833542414009571 0.002382199978455901 0.00427146814763546 0.004989150911569595 0.00524850282818079 0.005351379979401827 0.005398381967097521 0.00542022380977869 0.005420341156423092 0.005430867895483971 0.005428996402770281 0.005442147143185139 0.005465719848871231 0.005505152512341738 0.005550619214773178 0.005585075821727514
0.21287308633327484 0.09596477448940277 0.04375685006380081 0.027722591534256935 0.03232637047767639 0.05019736289978027 0.07581014931201935 0.09872683882713318 0.11281253397464752 0.11535048484802246 0.10619360208511353 0.08351105451583862 0.05877816677093506 0.035260848701000214 0.015664782375097275 0.00035428768023848534 -0.013023493811488152 -0.028700262308120728 -0.059970442205667496 -0.10940073430538177 -0.15275907516479492 -0.17105937004089355 -0.16303704679012299 -0.1330832839012146 -0.08870589733123779 -0.047707561403512955 -0.01998496986925602 -0.005510219372808933 0.0009551439434289932 0.0036329396534711123 0.00462166965007782 0.005036317277699709 0.00522753456607461 0.005338721908628941 0.005393063649535179 0.00543460575863719 0.005462562665343285 0.005475709214806557 0.005495056975632906 0.005522815976291895 0.00555740762501955 0.005592119414359331
0.3455422520637512 0.23528605699539185 0.1706313043832779 0.13977359235286713 0.13101103901863098 0.1339394450187683 0.13980451226234436 0.14451639354228973 0.14066021144390106 0.12985388934612274 0.11086316406726837 0.0869516134262085 0.06216906011104584 0.03786495700478554 0.01967122219502926 0.0033484280575066805 -0.010692577809095383 -0.028708573430776596 -0.0667957216501236 -0.1275305151939392 -0.1789601594209671 -0.20225979387760162 -0.20489360392093658 -0.1908252090215683 -0.15896670520305634 -0.1138405054807663 -0.06917960941791534 -0.035536665469408035 -0.014900373294949532 -0.00336331594735384 0.001638445071876049 0.0038170618936419487 0.00472061475738883 0.005148636642843485 0.005341170821338892 0.005447934381663799 0.005495075602084398 0.005523062311112881 0.005541618913412094 0.005558752920478582 0.005577485077083111 0.0056021735072135925
0.5135314464569092 0.42893585562705994 0.3714829385280609 0.3298533260822296 0.29776403307914734 0.2672422230243683 0.2395319789648056 0.211456298828125 0.18286332488059998 0.15573234856128693 0.1329243779182434 0.1067386269569397 0.08250340819358826 0.05978640913963318 0.039615094661712646 0.018550829961895943 -0.0013552173040807247 -0.026556693017482758 -0.075821653008461 -0.14757773280143738 -0.20066802203655243 -0.21830374002456665 -0.2186404913663864 -0.21909916400909424 -0.21767856180667877 -0.20171459019184113 -0.1666688323020935 -0.1211160272359848 -0.07323427498340607 -0.03500956669449806 -0.011694693937897682 -0.0007914258167147636 0.003255333285778761 0.004713559057563543 0.005233766045421362 0.005444531328976154 0.005522933788597584 0.0055548748932778835 0.0055703287944197655 0.0055801356211304665 0.005589801352471113 0.005606119986623526
0.6822611093521118 0.6340895295143127 0.5943207740783691 0.5497761964797974 0.49670764803886414 0.4320254325866699 0.36484581232070923 0.2987234890460968 0.23918373882770538 0.19161927700042725 0.1592285931110382 0.13312982022762299 0.10757759213447571 0.0856579840183258 0.06337147206068039 0.036148957908153534 0.00840654969215393 -0.02378108911216259 -0.07776498794555664 -0.15339700877666473 -0.20765943825244904 -0.21492968499660492 -0.19110961258411407 -0.17142565548419952 -0.16952280700206757 -0.18722376227378845 -0.20459911227226257 -0.20362362265586853 -0.16908180713653564 -0.10689753293991089 -0.047049399465322495 -0.011828957125544548 0.0006842459551990032 0.004265786614269018 0.005229454021900892 0.005489414092153311 0.005558543838560581 0.005578780546784401 0.005585788749158382 0.005589257925748825 0.005593461915850639 0.005602063145488501
0.8648017048835754 0.8574718236923218 0.8323545455932617 0.7861270308494568 0.7114794850349426 0.6198663115501404 0.5167818069458008 0.41315919160842896 0.3228197693824768 0.2505262494087219 0.20531636476516724 0.17178387939929962 0.1486099511384964 0.12371280789375305 0.09814836084842682 0.06245394051074982 0.022248849272727966 -0.01771536096930504 -0.07371290028095245 -0.150859534740448 -0.20958663523197174 -0.20350269973278046 -0.12531200051307678 -0.024213500320911407 0.05890539288520813 0.071533203125 0.010810145176947117 -0.09979444742202759 -0.1900995522737503 -0.18907223641872406 -0.10725997388362885 -0.031430330127477646 -0.0024533485993742943 0.0040689269080758095 0.005319408606737852 0.005539571866393089 0.005579633638262749 0.0055877454578876495 0.005589782260358334 0.0055908882059156895 0.005592827219516039 0.005596687085926533
