2D_landslide/Landslide/figures/7u.txt
ncols   200
nrows   200
xllcorner   0
yllcorner   0
cellsize   12.5
NODATA_value   -9999.00000
[rows 0 to 18 of 200, columns 84 to 125 of 200]
0.005590276792645454 0.005590272601693869 0.005590254906564951 0.005590176209807396 0.0055898199789226055 0.00558834383264184 0.005583364516496658 0.005570936016738415 0.005549851804971695 0.005528027657419443 0.005517940036952496 0.005524507258087397 0.0055398703552782536 0.005555008538067341 0.005565290339291096 0.0055706496350467205 0.005572145339101553 0.005570341367274523 0.005565072409808636 0.0055559477768838406 0.0055434247478842735 0.005529804155230522 0.005518586374819279 0.005511916242539883 0.00550852669402957 0.005504423752427101 0.005494473036378622 0.005473208148032427 0.005432642064988613 0.005367711186408997 0.005278488155454397 0.005188108421862125 0.0051409960724413395 0.0051653110422194 0.005247542634606361 0.005348930601030588 0.005431739147752523 0.005479287821799517 0.005493298638612032 0.005472248420119286 0.005386478267610073 0.005128123797476292
0.0055902148596942425 0.0055901105515658855 0.005589811597019434 0.005588937550783157 0.005586426705121994 0.005579698830842972 0.005563805811107159 0.005532716400921345 0.005484518129378557 0.005429765675216913 0.005387171171605587 0.0053735277615487576 0.005386783741414547 0.005412370897829533 0.0054383547976613045 0.005455896258354187 0.005462381057441235 0.005457356572151184 0.005440855864435434 0.005413449835032225 0.005377232097089291 0.005336242727935314 0.005294857546687126 0.0052551040425896645 0.005213524214923382 0.005162588320672512 0.00509013282135129 0.004985492676496506 0.004846658557653427 0.004683938808739185 0.004543036688119173 0.004493601620197296 0.004569520242512226 0.004761876072734594 0.004989411681890488 0.005185444373637438 0.005317244213074446 0.005380669143050909 0.005385184194892645 0.0053175147622823715 0.005111707374453545 0.004590550437569618
0.005588884931057692 0.005587124265730381 0.005583294201642275 0.00557534908875823 0.0055597820319235325 0.005531273782253265 0.0054827588610351086 0.0054085999727249146 0.005307625513523817 0.005191907286643982 0.005081521812826395 0.0049984874203801155 0.004953786265105009 0.004942358937114477 0.0049477010034024715 0.004961438477039337 0.004968833643943071 0.004961768165230751 0.004934989381581545 0.004884785506874323 0.00480677792802453 0.004696441814303398 0.0045436471700668335 0.004334964789450169 0.004052989650517702 0.0036843777634203434 0.0032342784106731415 0.0027380932588130236 0.0022910789120942354 0.0020454099867492914 0.0021317258942872286 0.0025963885709643364 0.0033228262327611446 0.004068802110850811 0.004657890647649765 0.005033149849623442 0.005231825169175863 0.0053109279833734035 0.005300420336425304 0.005181500688195229 0.004860286135226488 0.00413614884018898
0.00557237071916461 0.005551718175411224 0.005512760020792484 0.005447917152196169 0.005352457519620657 0.0052255671471357346 0.00506964698433876 0.004887530580163002 0.004679772537201643 0.004452801309525967 0.0042120772413909435 0.003975589759647846 0.0037574025336652994 0.0035584536381065845 0.003385464660823345 0.003249499714002013 0.00317194452509284 0.0031322736758738756 0.0031006289646029472 0.0030354836490005255 0.00288693280890584 0.0025972274597734213 0.0020924743730574846 0.0012935828417539597 0.0001251036301255226 -0.0014116172678768635 -0.003164050169289112 -0.004775501787662506 -0.00574089027941227 -0.005604136735200882 -0.004183417186141014 -0.0018057595007121563 0.0007986025884747505 0.002901265863329172 0.004217049106955528 0.004889857955276966 0.0051850825548172 0.005287893582135439 0.005275499541312456 0.005138453561812639 0.004780602175742388 0.004033161327242851
0.005454595200717449 0.005290513392537832 0.004988169297575951 0.004527448210865259 0.003953278064727783 0.0033714885357767344 0.0028550904244184494 0.0024343503173440695 0.0021103525068610907 0.0018078633584082127 0.0014523104764521122 0.0009939339943230152 0.00040227267891168594 -0.0003413688391447067 -0.0011387704871594906 -0.0018803905695676804 -0.002448907122015953 -0.0027985526248812675 -0.0029607871547341347 -0.003082963638007641 -0.003360593691468239 -0.0040125614032149315 -0.005259828642010689 -0.007283974438905716 -0.010176895186305046 -0.013714075088500977 -0.01728130131959915 -0.019988348707556725 -0.02098826877772808 -0.019657716155052185 -0.0157664455473423 -0.00990269985049963 -0.0037485184147953987 0.0009019807912409306 0.0035130763426423073 0.004676096141338348 0.005122202914208174 0.005270036403089762 0.005277562420815229 0.005166172049939632 0.004867868963629007 0.004275105427950621
0.004952320363372564 0.0041072010062634945 0.002511602360755205 0.00013013975694775581 -0.0025956714525818825 -0.004991775378584862 -0.00664401613175869 -0.007436506450176239 -0.0075574005022645 -0.007394870743155479 -0.007384976372122765 -0.007814710959792137 -0.0088269067928195 -0.010439638048410416 -0.012422382831573486 -0.014495478942990303 -0.01631593145430088 -0.01763705536723137 -0.01841646432876587 -0.018839597702026367 -0.019238246604800224 -0.020070379599928856 -0.021671267226338387 -0.024188784882426262 -0.027409207075834274 -0.030691519379615784 -0.033219724893569946 -0.03453624248504639 -0.03466062620282173 -0.03324918821454048 -0.028980791568756104 -0.02091299556195736 -0.010887375101447105 -0.002588285133242607 0.002153988229110837 0.004197731148451567 0.004942866507917643 0.005188977811485529 0.005241407547146082 0.005185148678719997 0.004999079275876284 0.004607312846928835
0.0035863183438777924 0.0007838662713766098 -0.004475235007703304 -0.011859362944960594 -0.019365817308425903 -0.024929063394665718 -0.028123803436756134 -0.029334746301174164 -0.029107555747032166 -0.028125107288360596 -0.027141496539115906 -0.02677086740732193 -0.027379248291254044 -0.028886571526527405 -0.030955005437135696 -0.033021122217178345 -0.03459562733769417 -0.035511650145053864 -0.03592006117105484 -0.036066196858882904 -0.03611868992447853 -0.0361565537750721 -0.036200832575559616 -0.03611646220088005 -0.035578228533267975 -0.03427288308739662 -0.03244477137923241 -0.031279124319553375 -0.03219137340784073 -0.03490452840924263 -0.03607800230383873 -0.03132247179746628 -0.020410683006048203 -0.008644293062388897 -0.0007775602862238884 0.0029481882229447365 0.004391745664179325 0.004902409855276346 0.00506610656157136 0.005087892524898052 0.0049997419118881226 0.004715801682323217
0.0010012281127274036 -0.005274192430078983 -0.016020547598600388 -0.02821362391114235 -0.03539436683058739 -0.034846968948841095 -0.030476059764623642 -0.027266092598438263 -0.0270327590405941 -0.028856363147497177 -0.030945561826229095 -0.032227616757154465 -0.03237183764576912 -0.031247425824403763 -0.028456617146730423 -0.023679368197917938 -0.017240824177861214 -0.012839103117585182 -0.009089185856282711 -0.005713335238397121 -0.0011321324855089188 -0.0021196450106799603 -0.0033615771681070328 -0.003775293007493019 -0.002908792346715927 -0.0011915061622858047 -0.00010524271056056023 -0.0019478993490338326 -0.008676535449922085 -0.019925620406866074 -0.03140409663319588 -0.036190662533044815 -0.030481059104204178 -0.01832398772239685 -0.00720498152077198 -0.0005263215862214565 0.0025900823529809713 0.003887613071128726 0.004403759725391865 0.004580894485116005 0.004544487688690424 0.0042337216436862946
-0.0027930187061429024 -0.012827951461076736 -0.027319934219121933 -0.036155637353658676 -0.0257883183658123 0.003937896341085434 0.03853847086429596 0.06396212428808212 0.07514850795269012 0.07428038120269775 0.0757952332496643 0.060474101454019547 0.07348425686359406 0.09969882667064667 0.08319304883480072 0.06407903134822845 0.11619089543819427 0.1969270557165146 0.21052893996238708 0.22042803466320038 0.18354110419750214 0.15004362165927887 0.13250018656253815 0.10404008626937866 0.07690486311912537 0.07175523042678833 0.06105296313762665 0.04894286394119263 0.03185023367404938 0.010113781318068504 -0.012830637395381927 -0.03029993176460266 -0.036160215735435486 -0.030409593135118484 -0.019380511716008186 -0.009585185907781124 -0.003307032398879528 7.358193397521973e-05 0.0017362898215651512 0.0024672159925103188 0.002632046351209283 0.0023516647052019835
-0.0074605681002140045 -0.019881103187799454 -0.03383328765630722 -0.031102843582630157 0.008575482293963432 0.08070650696754456 0.1583993136882782 0.21960732340812683 0.25786325335502625 0.30367401242256165 0.325448602437973 0.3725857436656952 0.38146886229515076 0.3360825479030609 0.3043367862701416 0.27917516231536865 0.3114550709724426 0.35439684987068176 0.35971787571907043 0.3634973466396332 0.3223724365234375 0.2975442707538605 0.2624278962612152 0.2387056052684784 0.19142118096351624 0.17753075063228607 0.14148485660552979 0.11545640230178833 0.08763708174228668 0.05592116340994835 0.02293272316455841 -0.006654527969658375 -0.0272609181702137 -0.03564390167593956 -0.0336671844124794 -0.02635614573955536 -0.01839214749634266 -0.012081414461135864 -0.007844174280762672 -0.0052703628316521645 -0.003844762220978737 -0.0031689442694187164
-0.013025535270571709 -0.02550852857530117 -0.035953350365161896 -0.021663257852196693 0.04351145029067993 0.1529860943555832 0.2695884704589844 0.3651714324951172 0.43290790915489197 0.48663225769996643 0.5899789333343506 0.6048405766487122 0.6240406036376953 0.5765567421913147 0.5070652961730957 0.48328065872192383 0.47649574279785156 0.46929097175598145 0.48125454783439636 0.47265830636024475 0.43310385942459106 0.389782190322876 0.3569773733615875 0.33653122186660767 0.3007888197898865 0.2799527645111084 0.25529745221138 0.22803838551044464 0.16660407185554504 0.12547039985656738 0.08447784185409546 0.0456419438123703 0.012737562879920006 -0.011620622128248215 -0.026381969451904297 -0.032867662608623505 -0.03363379091024399 -0.03126589208841324 -0.02758469432592392 -0.02358398586511612 -0.019683802500367165 -0.016030294820666313
-0.019327955320477486 -0.029659375548362732 -0.036067795008420944 -0.015557371079921722 0.06311888247728348 0.1952584683895111 0.34107574820518494 0.4684096574783325 0.5942599773406982 0.6983800530433655 0.7506153583526611 0.7852206826210022 0.8407167196273804 0.779042661190033 0.6777754426002502 0.6116912961006165 0.5806452035903931 0.5452659726142883 0.5271404981613159 0.49328723549842834 0.4559224247932434 0.42370742559432983 0.4033146798610687 0.40574976801872253 0.39459869265556335 0.3852211833000183 0.36789190769195557 0.3537065088748932 0.3166722059249878 0.25234362483024597 0.1840832233428955 0.13943634927272797 0.0997292548418045 0.06724482029676437 0.04218102619051933 0.022347230464220047 0.00582263944670558 -0.00853525847196579 -0.02066836878657341 -0.02946808934211731 -0.03360303118824959 -0.03260236233472824
-0.026749998331069946 -0.03327244147658348 -0.03550466522574425 -0.012806883081793785 0.06797230243682861 0.20589736104011536 0.3707144856452942 0.5288050174713135 0.7512044310569763 0.8231095671653748 0.9178619384765625 0.9843550324440002 1.0304598808288574 0.9901168942451477 0.8360784649848938 0.7190950512886047 0.665287971496582 0.5940890908241272 0.5341743230819702 0.47790849208831787 0.44686591625213623 0.42942014336586 0.451591432094574 0.47881385684013367 0.5134580135345459 0.545420229434967 0.5394288897514343 0.5421413779258728 0.48823803663253784 0.4262813627719879 0.3252485394477844 0.27734407782554626 0.23518860340118408 0.2032107561826706 0.18122057616710663 0.16396670043468475 0.14506764709949493 0.12016072869300842 0.08678698539733887 0.04659224674105644 0.006622278597205877 -0.022940970957279205
-0.03405021131038666 -0.03598994016647339 -0.033591076731681824 -0.008495203219354153 0.06911280751228333 0.20236559212207794 0.37740519642829895 0.560720682144165 0.8005865812301636 0.8980976939201355 1.041739821434021 1.1093863248825073 1.1123549938201904 1.039491891860962 0.9138405919075012 0.782569169998169 0.6790168285369873 0.5689049363136292 0.47508642077445984 0.4039483070373535 0.3676984906196594 0.37317171692848206 0.4383199214935303 0.5057364106178284 0.5760542154312134 0.6456537842750549 0.6942644119262695 0.7007622718811035 0.6457148790359497 0.591195821762085 0.49333691596984863 0.44258230924606323 0.397354394197464 0.36648449301719666 0.35114631056785583 0.3428276479244232 0.3327789008617401 0.3131262958049774 0.275020033121109 0.2137727588415146 0.1333584040403366 0.04947901889681816
-0.03484612703323364 -0.032866138964891434 -0.024790018796920776 0.005518620368093252 0.08232799172401428 0.2111077606678009 0.3888125419616699 0.5845078825950623 0.8140552639961243 0.923117995262146 1.0566833019256592 1.1334151029586792 1.1178712844848633 1.0581974983215332 0.9703131318092346 0.8194065093994141 0.6601929664611816 0.5141648054122925 0.3773472011089325 0.2869313955307007 0.25027579069137573 0.30017751455307007 0.39681288599967957 0.50780189037323 0.6278334856033325 0.7447068691253662 0.829503059387207 0.8671719431877136 0.8278422951698303 0.7652106881141663 0.6925801634788513 0.6136507391929626 0.5612316131591797 0.5263352394104004 0.5113697648048401 0.5055614709854126 0.5018572807312012 0.49118977785110474 0.4589572548866272 0.47523874044418335 0.4145325720310211 0.2899166941642761
-0.010073790326714516 -0.005787041038274765 0.007786463480442762 0.04525906965136528 0.12606386840343475 0.25430262088775635 0.4272448718547821 0.6187014579772949 0.8207035064697266 0.9658517837524414 1.0998351573944092 1.1610530614852905 1.1591259241104126 1.0943602323532104 0.982286810874939 0.8246853947639465 0.6376418471336365 0.4496140778064728 0.2797619700431824 0.17453235387802124 0.1734045147895813 0.23113495111465454 0.35990703105926514 0.514036238193512 0.6895222067832947 0.8524838089942932 0.9782552719116211 1.0409951210021973 1.0091266632080078 0.9425930976867676 0.8725408315658569 0.7921540141105652 0.714385449886322 0.6701897382736206 0.649016261100769 0.6394414305686951 0.6375946402549744 0.6333284378051758 0.6436383128166199 0.630407452583313 0.5645430088043213 0.43250441551208496
0.07112258672714233 0.08112068474292755 0.10041499137878418 0.14282341301441193 0.22398102283477783 0.34489187598228455 0.5004379749298096 0.6714823246002197 0.8502146005630493 0.9995091557502747 1.1261926889419556 1.1955662965774536 1.200400710105896 1.1345196962356567 1.0155739784240723 0.8495076298713684 0.6330054402351379 0.4170200526714325 0.226566344499588 0.11534884572029114 0.12440542876720428 0.19904880225658417 0.3625135123729706 0.5621530413627625 0.7795370221138 0.9941673278808594 1.1627545356750488 1.2137706279754639 1.1796625852584839 1.1213997602462769 1.053465723991394 0.9730818271636963 0.8648759126663208 0.8076947331428528 0.7675799131393433 0.7666481137275696 0.7638152837753296 0.7860764861106873 0.7700197696685791 0.7815032005310059 0.7566766738891602 0.5328026413917542
0.22370675206184387 0.25065383315086365 0.2776109576225281 0.31699997186660767 0.3827543556690216 0.4791080951690674 0.6041969656944275 0.7646299600601196 0.9013205766677856 1.0458592176437378 1.1672165393829346 1.2377272844314575 1.2450156211853027 1.181058406829834 1.0578689575195312 0.875069797039032 0.6582003235816956 0.4355388879776001 0.24302305281162262 0.13866737484931946 0.12965090572834015 0.22592449188232422 0.41237685084342957 0.6318025588989258 0.8714203238487244 1.1167302131652832 1.2755236625671387 1.3483386039733887 1.2931822538375854 1.2593543529510498 1.217888593673706 1.137086033821106 1.022565484046936 0.9093558192253113 0.8725347518920898 0.8531749844551086 0.8620201945304871 0.8750171661376953 0.8570634722709656 0.866219699382782 0.7851619124412537 0.5868604779243469
0.42018595337867737 0.4685501456260681 0.5040407776832581 0.5357389450073242 0.5778917670249939 0.6414614319801331 0.7328269481658936 0.8517954349517822 0.9770005345344543 1.1101140975952148 1.2244200706481934 1.2950215339660645 1.3060671091079712 1.2481021881103516 1.131724238395691 0.9577703475952148 0.7471667528152466 0.5308962464332581 0.3319486081600189 0.21617184579372406 0.22644776105880737 0.32173365354537964 0.493546724319458 0.7116886973381042 0.9560989737510681 1.1912142038345337 1.3375632762908936 1.4305864572525024 1.5026323795318604 1.4872808456420898 1.40198814868927 1.280930519104004 1.11410391330719 1.0080506801605225 0.9696051478385925 0.9489944577217102 0.9463077783584595 0.9586476683616638 0.945909321308136 0.9137839674949646 0.8011585474014282 0.6260148882865906
