2D_landslide/Landslide/figures/7u.txt
ncols   200
nrows   200
xllcorner   0
yllcorner   0
cellsize   12.5
NODATA_value   -9999.00000
[rows 76 to 94 of 200, columns 84 to 125 of 200]
0.9086917638778687 1.000035047531128 1.1107685565948486 1.2796106338500977 1.5246944427490234 1.8129748106002808 2.130890130996704 2.469519853591919 3.9043726921081543 5.811209678649902 6.987329959869385 7.800854682922363 8.309121131896973 8.4720458984375 8.366076469421387 7.910829067230225 7.407358646392822 6.814480304718018 6.304641246795654 5.947473526000977 6.418444633483887 6.291869640350342 5.738765716552734 5.685769081115723 5.084176540374756 4.389858722686768 3.7487993240356445 3.369464159011841 3.092517375946045 2.9720773696899414 2.788560628890991 2.6183810234069824 2.497237205505371 2.419926166534424 2.3650598526000977 2.3132593631744385 2.2509419918060303 2.1723358631134033 2.074765205383301 1.962262749671936 1.8366416692733765 1.7185558080673218
0.8565021753311157 0.9508854746818542 1.0729072093963623 1.246517300605774 1.4946683645248413 1.7829452753067017 2.10467529296875 2.4242053031921387 3.5191187858581543 5.167044639587402 6.513846397399902 7.399203777313232 8.012727737426758 8.247397422790527 8.2529935836792 8.001023292541504 7.3548994064331055 6.812713623046875 6.148532390594482 5.576389312744141 5.509710311889648 4.991263389587402 4.731703758239746 4.5197930335998535 4.132996082305908 3.8507750034332275 3.511533498764038 3.3386175632476807 3.1756584644317627 3.085087776184082 2.9138200283050537 2.7673702239990234 2.6531567573547363 2.5618083477020264 2.475520372390747 2.379072904586792 2.265500783920288 2.1348671913146973 1.9875781536102295 1.8528079986572266 1.714809536933899 1.7414747476577759
0.8023027181625366 0.9028187394142151 1.0348191261291504 1.2194979190826416 1.4876068830490112 1.793623924255371 2.117438316345215 2.4164083003997803 3.296800374984741 4.852030277252197 6.300176620483398 7.245027542114258 7.934114933013916 7.868229389190674 8.04063606262207 7.661158084869385 7.000251770019531 6.430166244506836 5.635232925415039 4.952983856201172 4.777565002441406 4.227718830108643 3.854257583618164 3.7193329334259033 3.5466907024383545 3.5414373874664307 3.466426372528076 3.379509687423706 3.303891897201538 3.202894449234009 3.0400290489196777 2.892133951187134 2.770393133163452 2.66140079498291 2.541747808456421 2.4011921882629395 2.240382671356201 2.0690081119537354 1.8916515111923218 1.7267439365386963 1.7525501251220703 2.333491086959839
0.738552451133728 0.8504115343093872 0.9972811341285706 1.195986032485962 1.4866868257522583 1.7877033948898315 2.1237945556640625 2.415684938430786 3.1925175189971924 4.64123010635376 6.154390335083008 6.994887351989746 7.5826497077941895 7.566473960876465 7.743294715881348 7.348333358764648 6.512517929077148 5.688958644866943 5.027143955230713 4.458106994628906 4.242733001708984 3.621652364730835 3.4255945682525635 3.3720078468322754 3.3266193866729736 3.4130966663360596 3.455488443374634 3.471252918243408 3.4614450931549072 3.3986291885375977 3.1661529541015625 2.9888553619384766 2.8422679901123047 2.713164806365967 2.5617177486419678 2.3820512294769287 2.184255361557007 1.9822503328323364 1.7774611711502075 1.650093913078308 2.0818119049072266 3.1456472873687744
0.6793069243431091 0.8080199956893921 0.9798266887664795 1.2035008668899536 1.4987905025482178 1.8169366121292114 2.149075746536255 2.3909716606140137 3.253115177154541 4.7989654541015625 6.080904006958008 7.028979301452637 7.313657760620117 7.396856784820557 7.399337291717529 6.9385986328125 6.553880214691162 5.778239727020264 4.854416370391846 4.181014060974121 3.679326295852661 3.39266037940979 3.254176616668701 3.2253940105438232 3.316977024078369 3.515436887741089 3.5636544227600098 3.7104434967041016 3.7895054817199707 3.7125463485717773 3.3732619285583496 3.1009554862976074 2.882187604904175 2.7142558097839355 2.5382869243621826 2.3327159881591797 2.110797882080078 1.885827660560608 1.6789846420288086 1.8008816242218018 2.8630313873291016 4.083559036254883
0.6505153179168701 0.8012577295303345 0.9941365718841553 1.2345507144927979 1.5522105693817139 1.8732908964157104 2.192875862121582 2.412752151489258 3.3099589347839355 4.612399101257324 5.823546886444092 6.733611106872559 6.961502552032471 7.2758588790893555 6.969328880310059 6.762759685516357 6.415925025939941 5.577482223510742 4.755895137786865 4.050097465515137 3.570005178451538 3.318309783935547 3.2073681354522705 3.2036235332489014 3.440861701965332 3.626624822616577 3.767892599105835 3.9963338375091553 4.095766067504883 3.9835588932037354 3.6051554679870605 3.200801134109497 2.9004709720611572 2.671630859375 2.4730112552642822 2.253537654876709 2.020892381668091 1.7904433012008667 1.7858275175094604 2.4886045455932617 3.861217498779297 4.978291988372803
0.6765832304954529 0.8527210354804993 1.0681449174880981 1.3299099206924438 1.6755133867263794 1.992801308631897 2.2617111206054688 2.4461326599121094 3.3933215141296387 4.568571090698242 5.864502429962158 6.583831787109375 6.998988628387451 6.998917579650879 7.11262845993042 6.9420485496521 6.606403350830078 5.602434158325195 5.215455055236816 4.458127498626709 3.647104263305664 3.481309652328491 3.3009049892425537 3.4205234050750732 3.655057191848755 4.031264305114746 4.227959632873535 4.4735331535339355 4.514514923095703 4.205575466156006 3.83266544342041 3.3732283115386963 2.924626111984253 2.636202096939087 2.3988418579101562 2.184112071990967 1.9851714372634888 2.086970806121826 2.7825348377227783 3.946455240249634 5.122354507446289 6.053307056427002
0.7332984209060669 0.9373263716697693 1.1691426038742065 1.4406170845031738 1.7733652591705322 2.073551893234253 2.307675361633301 2.487590789794922 3.3823013305664062 4.472318649291992 5.526669979095459 6.214365005493164 6.861899375915527 6.897894859313965 7.482339859008789 7.106189250946045 6.724330902099609 5.931973934173584 5.6735968589782715 4.958600997924805 4.017308712005615 3.7475123405456543 3.664135456085205 3.925546646118164 4.3713812828063965 4.758746147155762 4.833305358886719 4.78209114074707 4.709261417388916 4.460458278656006 4.037750244140625 3.4606289863586426 2.999476909637451 2.654773712158203 2.42341685295105 2.279071807861328 2.400761604309082 3.0175182819366455 4.050029277801514 5.066722869873047 6.101747512817383 6.875466823577881
0.837723433971405 1.0575257539749146 1.305267333984375 1.5775690078735352 1.8862944841384888 2.155290126800537 2.3552608489990234 2.5362391471862793 3.4420111179351807 4.369424343109131 5.561939239501953 6.4864912033081055 6.985218524932861 7.500279426574707 8.005239486694336 8.164705276489258 7.387763500213623 7.0803399085998535 6.4428019523620605 5.834460735321045 5.319677352905273 4.809721946716309 4.783788204193115 5.247260570526123 5.467805862426758 5.455235004425049 5.215717792510986 5.074098110198975 4.8382744789123535 4.582538604736328 4.083096027374268 3.5786399841308594 3.1562178134918213 2.901740550994873 2.8004934787750244 2.979499101638794 3.43862247467041 4.356186866760254 5.286271572113037 6.190247535705566 7.085157871246338 7.60590124130249
0.9962549209594727 1.2250478267669678 1.466188907623291 1.729135274887085 2.0000782012939453 2.2296464443206787 2.412623643875122 2.5867645740509033 3.501164436340332 4.246782302856445 5.396496772766113 5.9687042236328125 7.079761028289795 7.664176940917969 8.065168380737305 8.16898250579834 7.996012210845947 7.52478551864624 6.8613786697387695 6.614643096923828 6.325525283813477 5.9180402755737305 5.704245090484619 6.005124568939209 6.33380651473999 5.98160982131958 5.44346809387207 5.124933242797852 4.8294501304626465 4.444741249084473 4.025048732757568 3.5946452617645264 3.292686939239502 3.2363696098327637 3.462205410003662 3.7071056365966797 4.687916278839111 5.577728271484375 6.472242832183838 7.282512664794922 8.030241012573242 8.27782154083252
1.2137558460235596 1.4478145837783813 1.68088960647583 1.9135340452194214 2.132336139678955 2.305955171585083 2.4742655754089355 2.65936017036438 3.617860794067383 4.306156158447266 5.074209213256836 6.024545669555664 7.192015647888184 7.859329700469971 8.228097915649414 8.46397590637207 8.559767723083496 7.8429036140441895 7.4503021240234375 7.076757431030273 6.884459495544434 7.074535369873047 6.812221527099609 6.737895488739014 6.735466003417969 6.329538822174072 5.642399787902832 5.12997579574585 4.719799995422363 4.282256603240967 3.881711959838867 3.605333089828491 3.4168508052825928 3.652850866317749 4.116274356842041 4.918183326721191 5.907237529754639 6.8514180183410645 7.79656982421875 8.559791564941406 9.026524543762207 9.179450035095215
1.4146262407302856 1.6419960260391235 1.8507888317108154 2.037917137145996 2.2079355716705322 2.3660390377044678 2.5355541706085205 2.748316764831543 3.575834274291992 4.292214393615723 5.051176071166992 6.033212661743164 7.140492916107178 7.819881439208984 8.2958402633667 9.02133846282959 8.927671432495117 8.119014739990234 7.398180961608887 7.543181419372559 7.18638277053833 7.511915683746338 7.532097339630127 7.419021129608154 6.970945358276367 6.432165145874023 5.614410877227783 5.053445339202881 4.458857536315918 4.063710689544678 3.771726369857788 3.505915641784668 3.5804827213287354 4.009174823760986 4.687057971954346 5.642907619476318 6.788699150085449 7.838377952575684 8.734570503234863 9.42709732055664 9.844003677368164 9.762040138244629
1.6049377918243408 1.7968393564224243 1.961816668510437 2.1115562915802 2.2664504051208496 2.424179792404175 2.616201877593994 2.846916675567627 3.7528514862060547 4.232621669769287 5.1185994148254395 6.097580432891846 7.403157711029053 7.920697212219238 8.657722473144531 9.647425651550293 9.534760475158691 8.613458633422852 8.318371772766113 7.776192665100098 7.825965881347656 8.076654434204102 8.151236534118652 8.077094078063965 7.510468482971191 6.849052906036377 5.890143394470215 5.030676364898682 4.065250873565674 4.015775203704834 3.732761859893799 3.684786558151245 3.587700605392456 4.252848148345947 5.159482479095459 6.233025074005127 7.471601963043213 8.566902160644531 9.517509460449219 10.097490310668945 10.424412727355957 10.310162544250488
1.7442611455917358 1.8953112363815308 2.0289933681488037 2.164764881134033 2.3250861167907715 2.5032174587249756 2.710721969604492 2.957479953765869 3.797072649002075 4.20278787612915 5.095812797546387 6.002854824066162 6.813462257385254 7.266382217407227 7.99678897857666 9.355742454528809 9.172271728515625 9.08720588684082 8.967972755432129 7.886350154876709 7.562572002410889 7.918476581573486 8.208593368530273 8.197711944580078 7.886910438537598 6.888900279998779 5.780356407165527 4.739562034606934 4.000197887420654 3.4497241973876953 3.7411932945251465 3.783719062805176 3.708940029144287 4.493327617645264 5.488931655883789 6.638175964355469 7.932152271270752 9.05491828918457 9.941800117492676 10.552197456359863 10.91252613067627 10.629205703735352
1.8432456254959106 1.963660717010498 2.0882651805877686 2.2246599197387695 2.4316658973693848 2.644563913345337 2.898857831954956 3.155195951461792 4.024594306945801 4.324909210205078 4.849847316741943 5.578610420227051 6.152431488037109 6.493040084838867 7.2928361892700195 8.447410583496094 8.917925834655762 8.314400672912598 9.349617958068848 8.36440658569336 7.553555011749268 7.782196998596191 8.303976058959961 8.352715492248535 7.960469722747803 6.859299659729004 5.900661468505859 4.950496673583984 4.17506217956543 3.61124587059021 3.354963779449463 3.4739902019500732 3.9789083003997803 4.853761196136475 5.869389057159424 7.034810543060303 8.307839393615723 9.47767162322998 10.496061325073242 11.152478218078613 11.532620429992676 11.196453094482422
1.9067738056182861 2.016758441925049 2.1310999393463135 2.2817800045013428 2.5148563385009766 2.7975361347198486 3.079141855239868 3.3246026039123535 3.9958839416503906 4.157763957977295 4.360556125640869 4.896991729736328 5.386394500732422 5.499856948852539 6.339317798614502 7.476319789886475 7.8074445724487305 7.553512096405029 9.37446117401123 9.343047142028809 8.016173362731934 7.7810797691345215 8.179720878601074 8.35607624053955 7.771622657775879 6.79990291595459 5.900136947631836 4.948099136352539 4.1715521812438965 3.6640591621398926 3.4305849075317383 3.5372562408447266 4.074536323547363 4.912382125854492 5.966114521026611 7.060511589050293 8.313929557800293 9.402286529541016 10.357812881469727 11.010954856872559 11.359272956848145 11.212048530578613
1.9441131353378296 2.0587737560272217 2.166287899017334 2.3292083740234375 2.6335222721099854 2.9805431365966797 3.2555980682373047 3.397641658782959 3.4694364070892334 3.779146671295166 4.13038444519043 4.6110005378723145 4.924691677093506 4.778727054595947 5.755151271820068 6.756043910980225 7.362349033355713 7.290174961090088 8.581055641174316 9.734393119812012 9.883557319641113 8.593579292297363 8.451315879821777 8.694148063659668 8.055852890014648 7.015223503112793 5.869917869567871 4.926234245300293 4.22382116317749 3.6949856281280518 3.486048460006714 3.616579055786133 4.160293102264404 4.978399753570557 5.956090927124023 7.039198398590088 8.189388275146484 9.15998363494873 10.001381874084473 10.598414421081543 10.939566612243652 10.798566818237305
1.915561556816101 2.05527925491333 2.1887319087982178 2.364530563354492 2.718705892562866 3.0630199909210205 3.2321112155914307 3.1561665534973145 3.0501668453216553 3.4606854915618896 3.802705764770508 3.9281957149505615 3.9277546405792236 4.1464738845825195 4.705935001373291 5.19380521774292 6.1912665367126465 6.289339065551758 7.14370059967041 7.956238746643066 8.724424362182617 8.183164596557617 8.387327194213867 8.642973899841309 7.990070343017578 6.910451889038086 5.644044876098633 4.816893100738525 4.1694817543029785 3.7293503284454346 3.5509917736053467 3.702180862426758 4.242101669311523 5.030040740966797 5.966773509979248 7.0041184425354 8.082780838012695 8.93600845336914 10.111664772033691 10.932906150817871 10.940923690795898 10.238306999206543
1.8483755588531494 2.0098073482513428 2.183823585510254 2.4153521060943604 2.8119983673095703 3.016815185546875 2.9758284091949463 2.802342653274536 2.745201587677002 2.6450812816619873 3.3214259147644043 3.370471954345703 3.495896816253662 3.7499592304229736 4.152275562286377 4.55613374710083 5.3868632316589355 5.907106876373291 6.154526710510254 6.756113052368164 7.421745777130127 7.961704254150391 8.601263999938965 8.852457046508789 8.063445091247559 7.095560073852539 5.538017272949219 4.733789443969727 4.203356742858887 3.8288938999176025 3.696235179901123 3.8789029121398926 4.420916557312012 5.187448024749756 6.156003475189209 7.198282718658447 8.308884620666504 9.370599746704102 10.732612609863281 12.007767677307129 12.079187393188477 10.521471977233887
