2D_landslide/Landslide/figures/8h.txt
ncols   200
nrows   200
xllcorner   0
yllcorner   0
cellsize   12.5
NODATA_value   -9999.00000
[rows 171 to 189 of 200, columns 129 to 171 of 200]
0.0 0.0 0.0 0.0 0.0 0.0011191223748028278 0.006241874769330025 0.00722350412979722 0.007276418153196573 0.007277514785528183 0.007277540862560272 0.007277545984834433 0.0072775473818182945 0.007277547847479582 0.0072775473818182945 0.007277545984834433 0.007277542259544134 0.007277535740286112 0.007277530152350664 0.007277532946318388 0.007277479860931635 0.0072754500433802605 0.007251925300806761 0.007146088406443596 0.006946394219994545 0.006832420825958252 0.006951263640075922 0.0071545979008078575 0.007256866432726383 0.007276217453181744 0.007277519907802343 0.007277547847479582 0.007277547847479582 0.007277547847479582 0.007277548313140869 0.007277548313140869 0.007277547847479582 0.007277548313140869 0.0072775487788021564 0.007277549244463444 0.007277549244463444 0.007277549244463444 0.007277549244463444
0.0 0.0 0.0 0.0 0.0 4.368787631392479e-05 0.00589578365907073 0.0071877422742545605 0.00727525819092989 0.007277502678334713 0.0072775413282215595 0.00727754645049572 0.007277547847479582 0.007277547847479582 0.0072775473818182945 0.007277545519173145 0.007277540862560272 0.007277532014995813 0.007277523633092642 0.007277521770447493 0.007277398835867643 0.00727459229528904 0.007246127352118492 0.007119838614016771 0.006871391553431749 0.006708965636789799 0.006834858097136021 0.00709673622623086 0.007243382278829813 0.007274992298334837 0.0072774821892380714 0.007277548313140869 0.0072775487788021564 0.0072775487788021564 0.0072775487788021564 0.0072775487788021564 0.0072775487788021564 0.0072775487788021564 0.007277549244463444 0.007277549244463444 0.007277549244463444 0.007277549244463444 0.007277549244463444
0.0 0.0 0.0 0.0 0.0 0.0 0.004929027520120144 0.007071206346154213 0.007270192261785269 0.007277410943061113 0.007277540862560272 0.00727754645049572 0.0072775473818182945 0.007277547847479582 0.007277546916157007 0.007277544122189283 0.0072775366716086864 0.007277520373463631 0.007277498487383127 0.007277445401996374 0.007276291027665138 0.007265679072588682 0.007218725513666868 0.007085579447448254 0.006843585055321455 0.0066422405652701855 0.0067245010286569595 0.007012484595179558 0.007215544581413269 0.007271431386470795 0.007277324330061674 0.007277545984834433 0.0072775487788021564 0.0072775487788021564 0.007277549244463444 0.007277549244463444 0.007277549244463444 0.007277549244463444 0.007277549244463444 0.007277549244463444 0.007277549244463444 0.007277549244463444 0.007277549244463444
0.0 0.0 0.0 0.0 0.0 0.0 0.0029378696344792843 0.006716491188853979 0.0072478181682527065 0.007276745047420263 0.007277525495737791 0.00727754645049572 0.007277547847479582 0.007277547847479582 0.007277546916157007 0.007277543656527996 0.007277533877640963 0.007277508266270161 0.007277454249560833 0.007276757154613733 0.00726271839812398 0.007162012159824371 0.0068906862288713455 0.006599512882530689 0.0064866445027291775 0.00649232417345047 0.006603393238037825 0.00689059030264616 0.007156874053180218 0.007260454352945089 0.00727658998221159 0.007277527824044228 0.007277547847479582 0.0072775487788021564 0.007277549244463444 0.007277549244463444 0.007277549244463444 0.007277549244463444 0.007277549244463444 0.007277549244463444 0.007277549244463444 0.007277549244463444 0.007277549244463444
0.0015694736503064632 0.0 0.0 0.0 0.0 0.0 0.0 0.005704688373953104 0.00713804317638278 0.0072708409279584885 0.007277275901287794 0.007277532946318388 0.00727754645049572 0.0072775473818182945 0.007277546916157007 0.007277543656527996 0.007277532014995813 0.007277496624737978 0.00727724889293313 0.007269165478646755 0.007148089352995157 0.0064995791763067245 0.0051250159740448 0.003998488187789917 0.004150508902966976 0.00520901707932353 0.006122542545199394 0.006657652091234922 0.007033702917397022 0.007226672023534775 0.007273131050169468 0.007277396973222494 0.007277541793882847 0.0072775473818182945 0.0072775487788021564 0.007277549244463444 0.007277549244463444 0.007277549244463444 0.007277549244463444 0.007277549244463444 0.007277549244463444 0.007277549244463444 0.007277549244463444
0.004689529072493315 0.0 0.0 0.0 0.0 0.0 0.0 0.003582566976547241 0.006708269007503986 0.0072274040430784225 0.00727386400103569 0.00727722467854619 0.007277491502463818 0.007277525961399078 0.007277528755366802 0.0072775171138346195 0.007277484517544508 0.007277380675077438 0.007274543400853872 0.007203387096524239 0.006546547636389732 0.004155891016125679 0.00034515419974923134 0.0 0.0 0.000928481575101614 0.0040739416144788265 0.005919037386775017 0.006744239944964647 0.0071335542015731335 0.007258978672325611 0.007276626303792 0.007277508731931448 0.0072775413282215595 0.007277547847479582 0.007277549244463444 0.007277549244463444 0.007277549244463444 0.007277549244463444 0.007277549244463444 0.007277549244463444 0.007277549244463444 0.0072775487788021564
0.006374880205839872 0.0020994534716010094 0.0 0.0 0.0 0.0 0.0 0.0006412588991224766 0.005586923565715551 0.00700057577341795 0.007240340579301119 0.007272155024111271 0.007276265881955624 0.007276985794305801 0.007277082186192274 0.007276929449290037 0.007276614662259817 0.007275344803929329 0.007243232801556587 0.006825695279985666 0.004583253990858793 0.0 0.0 0.0 0.0 0.0 0.0 0.003931215964257717 0.006020187400281429 0.006902636960148811 0.007215599529445171 0.007273485884070396 0.0072773778811097145 0.007277521304786205 0.007277545053511858 0.0072775487788021564 0.007277549244463444 0.007277549244463444 0.007277549244463444 0.007277549244463444 0.007277549244463444 0.0072775487788021564 0.007277548313140869
0.0070796324871480465 0.005522533319890499 0.00018808525055646896 0.0 0.0 0.0 0.0 0.0 0.003908087499439716 0.0063345241360366344 0.007054305635392666 0.0072241066955029964 0.007260001730173826 0.007268575485795736 0.007269936613738537 0.007268892135471106 0.007267509587109089 0.00725198769941926 0.00702434778213501 0.005532379727810621 0.000817861407995224 0.0 0.0 0.0 0.0 0.0 0.0 0.0011747218668460846 0.004838745575398207 0.006529655773192644 0.007138695567846298 0.00726675521582365 0.007277077995240688 0.007277472876012325 0.007277537602931261 0.007277548313140869 0.007277549244463444 0.007277549244463444 0.007277549244463444 0.007277549244463444 0.007277549244463444 0.0072775487788021564 0.007277548313140869
0.007245239801704884 0.006873930338770151 0.004914542194455862 0.0003842972218990326 0.0 0.0 0.0 0.0 0.0024205134250223637 0.005179996136575937 0.006470332853496075 0.006976977922022343 0.00714242784306407 0.007193911820650101 0.007205665577203035 0.007210924755781889 0.007207485847175121 0.007069455459713936 0.00605338579043746 0.0025539216585457325 0.0 0.0 0.0 0.0 0.0 0.0 0.0 0.0 0.0038510411977767944 0.006189541891217232 0.007069494109600782 0.007260591257363558 0.007276787888258696 0.007277411874383688 0.007277525495737791 0.007277546916157007 0.007277549244463444 0.007277549244463444 0.007277549244463444 0.007277549244463444 0.007277549244463444 0.0072775487788021564 0.007277548313140869
0.0072739156894385815 0.007221332751214504 0.006817441433668137 0.005373277701437473 0.00268732663244009 0.0001782914623618126 0.0 0.0004585385322570801 0.0023538805544376373 0.004225039854645729 0.005543781444430351 0.006337800063192844 0.006704722065478563 0.006869041360914707 0.00693333987146616 0.006990405730903149 0.0069196391850709915 0.0061861383728682995 0.003533888142555952 0.0 0.0 0.0 0.0 0.0 0.0 0.0 0.0 0.0 0.003957119770348072 0.006252835970371962 0.007095033302903175 0.007263463921844959 0.007276891730725765 0.007277400232851505 0.007277519442141056 0.007277545984834433 0.0072775487788021564 0.007277549244463444 0.007277549244463444 0.007277549244463444 0.007277549244463444 0.0072775487788021564 0.007277548313140869
0.007277230266481638 0.007272355258464813 0.007225615903735161 0.0069818818010389805 0.006283080670982599 0.0051385704427957535 0.004031466320157051 0.0035763487685471773 0.0036638015881180763 0.004198422655463219 0.0048512001521885395 0.005470092408359051 0.00589184183627367 0.006146565079689026 0.0063114287331700325 0.006406191736459732 0.00587471341714263 0.0037661397363990545 0.0 0.0 0.0 0.0 0.0 0.0 0.0 0.0 0.0 0.001807949971407652 0.005090492311865091 0.006690172478556633 0.0071894824504852295 0.007271763868629932 0.007277257274836302 0.007277458906173706 0.007277526892721653 0.007277545984834433 0.0072775487788021564 0.007277549244463444 0.007277549244463444 0.007277549244463444 0.0072775487788021564 0.0072775487788021564 0.0072775487788021564
0.007277522701770067 0.007277197670191526 0.007273836527019739 0.007251603063195944 0.007156251464039087 0.0069016567431390285 0.00645110197365284 0.005911397747695446 0.0054155816324055195 0.0050733378157019615 0.004920074716210365 0.004979532677680254 0.005112720653414726 0.005311524495482445 0.005437645595520735 0.005183720029890537 0.0035368192475289106 0.00019285129383206367 0.0 0.0 0.0 0.0 0.0 0.0 0.0 0.0 0.0011947471648454666 0.00438771303743124 0.006323827430605888 0.007082496769726276 0.007256219629198313 0.007276512682437897 0.007277484517544508 0.007277520373463631 0.007277539931237698 0.0072775473818182945 0.007277548313140869 0.0072775487788021564 0.0072775487788021564 0.0072775487788021564 0.0072775487788021564 0.0072775487788021564 0.007277548313140869
0.007277542259544134 0.007277513854205608 0.007277291733771563 0.007275713142007589 0.007266787812113762 0.007230161223560572 0.007123781368136406 0.006904387380927801 0.006542110815644264 0.006067591719329357 0.005542256403714418 0.005130485165864229 0.0048356796614825726 0.004676317796111107 0.004208812490105629 0.0029239458963274956 0.00012325216084718704 0.0 0.0 0.0 0.0 0.0 0.0 0.0 0.0 0.001992299221456051 0.004474940709769726 0.006183703429996967 0.007008567452430725 0.007240983657538891 0.007275030016899109 0.007277461234480143 0.0072775413282215595 0.007277544122189283 0.007277546916157007 0.0072775473818182945 0.0072775473818182945 0.0072775473818182945 0.007277547847479582 0.007277547847479582 0.007277548313140869 0.007277548313140869 0.007277548313140869
0.007277539931237698 0.007277530152350664 0.0072774928994476795 0.0072772325947880745 0.007275052834302187 0.0072622038424015045 0.007219939026981592 0.007139203138649464 0.0069953943602740765 0.00670872675254941 0.006229490041732788 0.005684224423021078 0.005120022222399712 0.004355697892606258 0.002794277388602495 0.0004610172472894192 0.0 0.0 0.0 0.0 0.0 0.0 0.0 0.0015920372679829597 0.003517832839861512 0.0051385872066020966 0.006342271808534861 0.006999902427196503 0.0072317179292440414 0.007273858413100243 0.007277409080415964 0.007277545519173145 0.007277548313140869 0.007277548313140869 0.007277548313140869 0.00727754645049572 0.007277544122189283 0.007277544122189283 0.007277545053511858 0.00727754645049572 0.007277546916157007 0.0072775473818182945 0.007277546916157007
0.007277533877640963 0.007277516182512045 0.007277385331690311 0.00727604515850544 0.007264893036335707 0.0072102779522538185 0.007080096751451492 0.006955381482839584 0.0069310422986745834 0.0068803890608251095 0.006635364610701799 0.0062406319193542 0.005543806590139866 0.004071306437253952 0.00149217015132308 0.0 0.0 0.0 0.0 0.0 0.0 0.0018406952731311321 0.0036729825660586357 0.004999994765967131 0.005989148281514645 0.0066697122529149055 0.007067789323627949 0.007233696058392525 0.007273038383573294 0.007277362048625946 0.007277544587850571 0.007277548313140869 0.007277548313140869 0.0072775487788021564 0.007277547847479582 0.007277544122189283 0.007277537137269974 0.00727753434330225 0.007277538534253836 0.007277543190866709 0.007277544587850571 0.007277544587850571 0.007277544122189283
0.007277497090399265 0.007277315482497215 0.007275847252458334 0.007263822481036186 0.007189472671598196 0.006914488971233368 0.006392681039869785 0.005984826944768429 0.006066988222301006 0.0064326622523367405 0.006653143092989922 0.00656777573749423 0.0058179632760584354 0.003878641175106168 0.0009619751945137978 0.0 0.0 0.0 0.0 0.0013403850607573986 0.0034122206270694733 0.00506476778537035 0.006088818423449993 0.006676628720015287 0.00699493708088994 0.007174995727837086 0.007252070587128401 0.007273965515196323 0.007277333177626133 0.007277543656527996 0.007277547847479582 0.007277547847479582 0.007277547847479582 0.007277548313140869 0.0072775473818182945 0.007277540862560272 0.007277523633092642 0.00727751012891531 0.0072775171138346195 0.007277532946318388 0.007277539931237698 0.007277539931237698 0.0072775366716086864
0.00727698253467679 0.0072747645899653435 0.007260656449943781 0.007176140323281288 0.006799696478992701 0.005770124029368162 0.004234264139086008 0.0031896065920591354 0.003417068161070347 0.004667375236749649 0.005981557071208954 0.006533695850521326 0.005797075107693672 0.003634456777945161 0.000988681335002184 0.0 0.0 0.00043492531403899193 0.0017528673633933067 0.0037320167757570744 0.005287964828312397 0.006394317839294672 0.0069353594444692135 0.007154240272939205 0.00723502691835165 0.0072664301842451096 0.0072756498120725155 0.007277378812432289 0.007277542259544134 0.007277547847479582 0.007277547847479582 0.0072775473818182945 0.0072775473818182945 0.0072775473818182945 0.00727754645049572 0.0072775366716086864 0.007277502212673426 0.007277455646544695 0.007277448661625385 0.007277489639818668 0.0072775231674313545 0.0072775292210280895 0.007277519442141056
0.007271905895322561 0.007253042887896299 0.00715998187661171 0.006752447225153446 0.005449976772069931 0.00285177119076252 0.0 0.0 0.0 0.000729795079678297 0.003853132715448737 0.0058291289024055 0.005672804545611143 0.003980149514973164 0.002106230240315199 0.0017496687360107899 0.0022345082834362984 0.003023127093911171 0.0037638468202203512 0.004840357229113579 0.006013470236212015 0.00683108065277338 0.007166773080825806 0.007255663629621267 0.007273441646248102 0.007276859600096941 0.007277469616383314 0.007277542259544134 0.0072775473818182945 0.007277547847479582 0.0072775473818182945 0.007277546916157007 0.00727754645049572 0.007277546916157007 0.007277545519173145 0.007277532480657101 0.0072774761356413364 0.007277361117303371 0.007277277763932943 0.007277335040271282 0.007277448195964098 0.007277500815689564 0.00727748591452837
0.007240975741297007 0.007137190084904432 0.00673774816095829 0.005448092706501484 0.002482165116816759 0.0 0.0 0.0 0.0 0.0 0.0 0.0038116236682981253 0.005325518548488617 0.004845053888857365 0.004013828933238983 0.0041475179605185986 0.004708157852292061 0.0049028778448700905 0.004769886843860149 0.005232492461800575 0.006248336285352707 0.006969248875975609 0.007225245703011751 0.007272129412740469 0.007277083583176136 0.007277497090399265 0.007277538999915123 0.007277545053511858 0.007277546916157007 0.0072775473818182945 0.007277546916157007 0.007277545984834433 0.007277545519173145 0.007277545519173145 0.007277544587850571 0.007277529686689377 0.0072774519212543964 0.007277234923094511 0.007276954594999552 0.007276928052306175 0.007277185097336769 0.007277403958141804 0.007277423050254583
