2D_landslide/Landslide/figures/8h.txt
ncols   200
nrows   200
xllcorner   0
yllcorner   0
cellsize   12.5
NODATA_value   -9999.00000
[rows 38 to 56 of 200, columns 129 to 171 of 200]
0.07852230221033096 0.06890452653169632 0.05612413212656975 0.038077402859926224 0.01713579148054123 0.0 0.0 0.0 0.0 0.0016333642415702343 0.00437408871948719 0.005883015226572752 0.006667366251349449 0.0070486655458807945 0.007210192270576954 0.007263022940605879 0.007275245152413845 0.007277253549546003 0.007277511991560459 0.007277543190866709 0.0072775473818182945 0.007277548313140869 0.007277548313140869 0.0072775487788021564 0.007277615834027529 0.007279131095856428 0.007292943075299263 0.007340064272284508 0.007389863487333059 0.007372919470071793 0.007316555827856064 0.007285432890057564 0.007278315722942352 0.007277568802237511 0.007277517579495907 0.007277479860931635 0.007277331314980984 0.007276654709130526 0.00727381557226181 0.007264912594109774 0.007246778346598148 0.007228477858006954 0.007228882517665625
0.08259166777133942 0.0771135613322258 0.0679284855723381 0.05185980722308159 0.03015744313597679 0.00873296707868576 0.0 0.0 0.0 0.0 0.001813798677176237 0.0041948352009058 0.005694933235645294 0.006595015525817871 0.007050376385450363 0.007223943248391151 0.007268695160746574 0.007276434917002916 0.007277419790625572 0.007277530152350664 0.007277544587850571 0.007277546916157007 0.007277546916157007 0.007277546916157007 0.0072776745073497295 0.007281318306922913 0.00731988251209259 0.007465105038136244 0.007637118920683861 0.007606871891766787 0.00742311542853713 0.007307662628591061 0.007280254270881414 0.007277656812220812 0.00727753434330225 0.007277513388544321 0.007277436088770628 0.007277063559740782 0.007275423500686884 0.007269933819770813 0.007258130703121424 0.007245874032378197 0.007245383225381374
0.06941086053848267 0.06754640489816666 0.062382444739341736 0.05054312199354172 0.03248303756117821 0.012839091941714287 0.0 0.0 0.0 0.0 0.0 0.0015350631438195705 0.0038656226824969053 0.0055837007239460945 0.006635489873588085 0.007107425946742296 0.0072464714758098125 0.0072734118439257145 0.007277048192918301 0.007277476601302624 0.007277532014995813 0.007277540862560272 0.007277539931237698 0.007277538534253836 0.007277981843799353 0.007290274370461702 0.0074108499102294445 0.007823375053703785 0.00827132910490036 0.008196798153221607 0.00770692341029644 0.0073699369095265865 0.007285744417458773 0.007277860306203365 0.007277544587850571 0.007277526892721653 0.0072774747386574745 0.007277213502675295 0.0072759902104735374 0.007271843031048775 0.007263013161718845 0.007254207041114569 0.007254826370626688
0.042698465287685394 0.0433991514146328 0.04214197397232056 0.03578745573759079 0.024171654134988785 0.010354136116802692 0.0 0.0 0.0 0.0 0.0 0.0 0.0012131906114518642 0.0038696140982210636 0.0058176335878670216 0.006837023422122002 0.0071866679936647415 0.007263661362230778 0.007275654003024101 0.007277237717062235 0.007277468219399452 0.0072775064036250114 0.007277501281350851 0.007277504075318575 0.007279595360159874 0.007323277182877064 0.0076488410122692585 0.008519748225808144 0.009288972243666649 0.00908203050494194 0.008149201981723309 0.007476764731109142 0.0072959777899086475 0.007278251927345991 0.0072775548323988914 0.007277531083673239 0.007277483586221933 0.007277220953255892 0.007275812793523073 0.007270808797329664 0.0072608753107488155 0.007253357209265232 0.007256751414388418
0.013214794918894768 0.014908429235219955 0.016368933022022247 0.015132340602576733 0.01048431359231472 0.003727193223312497 0.0 0.0 0.0 0.0 0.0 0.0 0.0 0.0017552385106682777 0.004651022143661976 0.006382830906659365 0.007063779979944229 0.0072386241517961025 0.007271064445376396 0.007276259362697601 0.007277143653482199 0.007277303375303745 0.007277265656739473 0.00727740628644824 0.007287207990884781 0.007414605002850294 0.008053762838244438 0.009310172870755196 0.010147391818463802 0.009717991575598717 0.008458650670945644 0.007560841739177704 0.007305973209440708 0.007278779987245798 0.007277569733560085 0.0072775292210280895 0.007277463097125292 0.007276961579918861 0.007273286581039429 0.007259656209498644 0.007238321006298065 0.007232030853629112 0.007246579509228468
0.0 0.0 0.0 0.0 0.0 0.0 0.0 0.0 0.0 0.0 0.0 0.0 0.0 0.0 0.0034257625229656696 0.005808718968182802 0.006865375675261021 0.007185117341578007 0.007257903926074505 0.007272540125995874 0.0072756134904921055 0.0072762249037623405 0.0072760931216180325 0.007277620490640402 0.0073113576509058475 0.0075617143884301186 0.008378052152693272 0.009562581777572632 0.010112317278981209 0.009505514055490494 0.00830173585563898 0.0075218272395431995 0.007304131053388119 0.007278948090970516 0.007277583237737417 0.007277524098753929 0.0072774095460772514 0.007276078686118126 0.00726469187065959 0.007226312067359686 0.007184221874922514 0.007191457785665989 0.007234489545226097
0.0 0.0 0.0 0.0 0.0 0.0 0.0 0.0 0.0 0.0 0.0 0.0 0.0 0.0 0.0025964095257222652 0.005294835194945335 0.006621610373258591 0.007093138061463833 0.007226384710520506 0.00726070161908865 0.007269574329257011 0.007271714974194765 0.007272055838257074 0.007280439604073763 0.0073545631021261215 0.007664083037525415 0.008327702060341835 0.00903787836432457 0.009164172224700451 0.00858183391392231 0.007819855585694313 0.007403479889035225 0.0072925398126244545 0.007278547156602144 0.007277584169059992 0.00727751525118947 0.00727730430662632 0.00727420300245285 0.007248053792864084 0.007175740785896778 0.007121036294847727 0.007163503207266331 0.007234904915094376
0.0 0.0 0.0 0.0 0.0 0.0 0.0 0.0 0.0 0.0 0.0 0.0 0.0 0.0 0.0024223518557846546 0.005001606419682503 0.006383329164236784 0.006959571968764067 0.0071624466218054295 0.007229398004710674 0.007251156028360128 0.007258199620991945 0.007263676263391972 0.0072886040434241295 0.007386637385934591 0.007620224729180336 0.007936429232358932 0.008140889927744865 0.008039183914661407 0.007721922360360622 0.0074389781802892685 0.007314158137887716 0.007282435894012451 0.00727798230946064 0.007277568336576223 0.0072774868458509445 0.007277028169482946 0.00727203581482172 0.0072361771017313 0.007150886580348015 0.007112828548997641 0.007181467488408089 0.007250962313264608
0.0004129796288907528 0.0 0.0 0.0 0.0 0.0 0.0 0.0 0.0 0.0 0.0 0.0 0.0 0.0 0.0028115897439420223 0.00494274590164423 0.006175758317112923 0.006777080707252026 0.007043770980089903 0.007157244719564915 0.007204263936728239 0.007227819412946701 0.007252373732626438 0.007297948002815247 0.007381731178611517 0.007486536167562008 0.007559959311038256 0.007551517337560654 0.0074639213271439075 0.007365853060036898 0.007305739913135767 0.007283929735422134 0.007278549950569868 0.007277667988091707 0.007277545984834433 0.007277280557900667 0.007275344338268042 0.00726721715182066 0.007234741467982531 0.00717322388663888 0.0071626161225140095 0.007221365347504616 0.007264345418661833
0.002564396243542433 0.0018251673318445683 0.0 0.0 0.0 0.0 0.0 0.0 0.0 0.0 0.0 0.0 0.0 0.0014541666023433208 0.0036268325056880713 0.005133308935910463 0.006057065911591053 0.006583354901522398 0.006872622761875391 0.007034200709313154 0.007126403972506523 0.007188776973634958 0.007243189960718155 0.007293681614100933 0.007335573900490999 0.00735729793086648 0.00735060777515173 0.007327898871153593 0.0073029035702347755 0.007287022192031145 0.007280252408236265 0.007278175093233585 0.007277665659785271 0.0072775655426084995 0.007277510594576597 0.007276352494955063 0.007267719134688377 0.007247024215757847 0.007222138345241547 0.007202225737273693 0.007214092183858156 0.007248548325151205 0.007268986664712429
0.0030563310720026493 0.0024147676303982735 0.0004977602511644363 0.0 0.0 0.0 0.0 0.0 0.0 0.0 0.0 0.0 0.0013504251837730408 0.003238098230212927 0.004561914596706629 0.005444577895104885 0.00600841548293829 0.006392830517143011 0.0066642966121435165 0.006872624158859253 0.0070281499065458775 0.007147334516048431 0.007228008471429348 0.007271237671375275 0.007288588676601648 0.007291020359843969 0.007287094369530678 0.007282651029527187 0.007279585115611553 0.0072781918570399284 0.007277720142155886 0.007277589291334152 0.007277556695044041 0.007277548313140869 0.007277420721948147 0.00727373082190752 0.007247813977301121 0.007192574441432953 0.007157991174608469 0.007172438316047192 0.007213362958282232 0.007249306421726942 0.007267894688993692
0.0021988614462316036 0.0016065863892436028 0.0 0.0 0.0 0.0 0.0 0.0 0.0 0.0 0.0 0.0017245016060769558 0.003562884870916605 0.004685873165726662 0.005361960269510746 0.005763114430010319 0.006032975390553474 0.0062476713210344315 0.006464287638664246 0.00670077046379447 0.006925696507096291 0.00709901936352253 0.007194217294454575 0.007235006429255009 0.007253097370266914 0.007264735177159309 0.007272294256836176 0.007275913842022419 0.0072771599516272545 0.007277472876012325 0.00727753434330225 0.007277545053511858 0.0072775473818182945 0.007277545519173145 0.007277230732142925 0.007269090507179499 0.007217956706881523 0.007115769200026989 0.007062544580549002 0.007107703480869532 0.0071878195740282536 0.007243197876960039 0.007267739623785019
0.0 0.0 0.0 0.0 0.0 0.0 0.0 0.0 0.0 0.0 0.0016675074584782124 0.0037368342746049166 0.004965135827660561 0.005602264776825905 0.005889493506401777 0.006012436002492905 0.006058115512132645 0.006112653762102127 0.0062524802051484585 0.006508040241897106 0.006791281048208475 0.007007189095020294 0.007117751985788345 0.007170936092734337 0.00720967585220933 0.007241497281938791 0.007262881379574537 0.00727279856801033 0.007276354823261499 0.007277301046997309 0.007277503143996 0.007277539931237698 0.007277546916157007 0.007277541793882847 0.007276915479451418 0.007264103274792433 0.00719221867620945 0.007059008348733187 0.006993194576352835 0.007065686862915754 0.007176353130489588 0.007244847249239683 0.007269936613738537
0.0 0.0 0.0 0.0 0.0 0.0 0.0 0.0 0.0 0.0008444548584520817 0.0034336287062615156 0.004981919191777706 0.005767319351434708 0.0061273472383618355 0.006245968397706747 0.006209649611264467 0.00613265810534358 0.006076302379369736 0.006136937998235226 0.006353610195219517 0.006635630503296852 0.006850084755569696 0.006961919832974672 0.007033199071884155 0.007110837381333113 0.007184036076068878 0.007237352430820465 0.007264049723744392 0.007274159230291843 0.007276920136064291 0.0072774565778672695 0.007277536205947399 0.007277546916157007 0.007277538068592548 0.007276797201484442 0.007264167536050081 0.007200248539447784 0.0070891594514250755 0.00704110087826848 0.007106828037649393 0.007202600594609976 0.007256765384227037 0.0072738598100841045
0.0 0.0 0.0 0.0 0.0 0.0 0.0 0.0 0.0 0.00211314857006073 0.004327187314629555 0.0055341352708637714 0.006108635570853949 0.0063544102013111115 0.006401486694812775 0.006325459107756615 0.0061957258731126785 0.006081435829401016 0.0060677677392959595 0.006207822822034359 0.006417466793209314 0.006555758882313967 0.006591604091227055 0.006638654507696629 0.006773872766643763 0.006963205058127642 0.007129297591745853 0.007225069683045149 0.007265071384608746 0.007275601848959923 0.007277342490851879 0.0072775306180119514 0.007277546916157007 0.007277537137269974 0.007276950404047966 0.007268624380230904 0.007229973562061787 0.00716534024104476 0.007139882072806358 0.0071835704147815704 0.00723912613466382 0.007268446497619152 0.007276272866874933
0.0 0.0 0.0 0.0 0.0 0.0 0.0 0.0 0.0 0.0026062126271426678 0.0045941732823848724 0.005619728472083807 0.0061334725469350815 0.0063559990376234055 0.006416104733943939 0.0063635120168328285 0.006254078820347786 0.00612976960837841 0.006049853749573231 0.006062439177185297 0.006110945716500282 0.006009326782077551 0.005727222189307213 0.005500648636370897 0.0056103928945958614 0.006062173284590244 0.006646323017776012 0.007049756124615669 0.0072284420020878315 0.007271451409906149 0.007277100346982479 0.007277522701770067 0.007277545519173145 0.007277538534253836 0.007277254480868578 0.007273789495229721 0.007258405443280935 0.007232440635561943 0.007222204934805632 0.007240954786539078 0.007263830862939358 0.007274685427546501 0.007277205586433411
0.03349272161722183 0.02369729056954384 0.012851860374212265 0.0026722997426986694 0.0 0.0 0.0 0.0 0.0 0.0021774545311927795 0.004073454532772303 0.005141456611454487 0.005753295961767435 0.006080484017729759 0.006239962298423052 0.006277065724134445 0.00624105054885149 0.006144633982330561 0.00601704278960824 0.005901817232370377 0.0057045030407607555 0.005096646957099438 0.0039346227422356606 0.002685890533030033 0.0022063711658120155 0.003094370011240244 0.004845756106078625 0.006386186461895704 0.007101324386894703 0.0072601004503667355 0.007276630960404873 0.007277502212673426 0.0072775366716086864 0.007277537137269974 0.00727744959294796 0.0072764926590025425 0.007272239308804274 0.007264547515660524 0.0072611295618116856 0.007266620174050331 0.007273621391505003 0.007276780437678099 0.007277435623109341
0.0983811467885971 0.07853574305772781 0.05120540410280228 0.023367274552583694 0.0022425013594329357 0.0 0.0 0.0 0.0 0.0011605210602283478 0.003004604484885931 0.004174571018666029 0.005001095123589039 0.0055696493946015835 0.005948788486421108 0.006170946639031172 0.006250713020563126 0.0062030404806137085 0.006029045209288597 0.005782050080597401 0.005273938179016113 0.003909233026206493 0.0014292565174400806 0.0 0.0 0.0 0.0009218566119670868 0.004788496997207403 0.0068114148452878 0.00723987678065896 0.007276072166860104 0.007277456112205982 0.007277516648173332 0.007277531083673239 0.007277519907802343 0.007277355063706636 0.007276568561792374 0.00727494154125452 0.00727397995069623 0.00727507658302784 0.007276590447872877 0.007277293596416712 0.007277489174157381
0.1770249754190445 0.14951400458812714 0.10720400512218475 0.057558558881282806 0.016229674220085144 0.0 0.0 0.0 0.0 0.0 0.0010784012265503407 0.002371240872889757 0.003572973422706127 0.0046556065790355206 0.005451807752251625 0.005962662398815155 0.00620270986109972 0.00620697857812047 0.006025570910423994 0.005696453154087067 0.004906756803393364 0.002745348960161209 0.0 0.0 0.0 0.0 0.0 0.002158902119845152 0.0063431113958358765 0.007215567398816347 0.007275603245943785 0.007277379278093576 0.007277491968125105 0.0072775245644152164 0.007277532014995813 0.0072775124572217464 0.007277400232851505 0.0072771236300468445 0.007276871707290411 0.007276967633515596 0.007277212105691433 0.0072774020954966545 0.007277508731931448
