2D_landslide/Landslide/figures/8h.txt
ncols   200
nrows   200
xllcorner   0
yllcorner   0
cellsize   12.5
NODATA_value   -9999.00000
[rows 133 to 151 of 200, columns 129 to 171 of 200]
42.21125793457031 39.78348922729492 37.606082916259766 35.37448501586914 33.66192626953125 31.95708465576172 30.679157257080078 29.206708908081055 27.996070861816406 26.9552001953125 25.554018020629883 24.40311050415039 23.377304077148438 22.56832504272461 21.569978713989258 20.652761459350586 19.7269229888916 18.801538467407227 17.946027755737305 17.147310256958008 16.463130950927734 15.803963661193848 15.048137664794922 14.411602020263672 13.770892143249512 12.831757545471191 11.888655662536621 11.558792114257812 10.872217178344727 10.427684783935547 10.412331581115723 10.565675735473633 10.594218254089355 10.838912010192871 10.877761840820312 11.165821075439453 11.250840187072754 11.369832038879395 11.716719627380371 11.865653991699219 12.0462064743042 12.218350410461426 12.233036994934082
39.20370864868164 36.9779052734375 34.61533737182617 32.254966735839844 30.528352737426758 29.02579116821289 27.684614181518555 25.944839477539062 24.78099822998047 23.474315643310547 22.543071746826172 21.3400936126709 20.46282196044922 19.56390953063965 18.77153778076172 17.69856834411621 16.798416137695312 15.792438507080078 14.894679069519043 13.477458953857422 12.383910179138184 11.193402290344238 10.0703706741333 9.519312858581543 8.852846145629883 8.249934196472168 7.513537883758545 7.479110240936279 7.034153461456299 6.830699920654297 6.822855472564697 6.915085315704346 7.041454315185547 7.1220502853393555 7.126345157623291 7.335504055023193 7.600388526916504 7.767045497894287 8.059473037719727 8.600157737731934 8.759674072265625 9.017269134521484 9.414530754089355
36.64210891723633 34.58205795288086 32.340396881103516 29.903587341308594 28.230758666992188 26.827211380004883 25.091236114501953 23.327301025390625 22.170427322387695 21.378555297851562 20.6621036529541 19.765972137451172 18.90151023864746 17.89472198486328 16.782442092895508 15.792248725891113 14.69741439819336 13.414652824401855 12.113142013549805 10.826281547546387 9.461338996887207 8.379178047180176 7.311519622802734 6.6254563331604 5.798449993133545 5.199833869934082 4.757971286773682 4.811225891113281 4.582165718078613 4.332996368408203 4.107831001281738 4.347168445587158 4.565257549285889 4.789606094360352 4.784862518310547 5.048179626464844 5.128734111785889 5.414026737213135 5.629833698272705 5.981821060180664 6.338169574737549 6.794464111328125 7.341093063354492
34.59136962890625 32.61997985839844 30.12565803527832 27.684913635253906 25.790626525878906 24.158519744873047 22.630102157592773 21.33441734313965 20.869112014770508 20.34017562866211 19.697357177734375 18.656705856323242 17.750551223754883 16.78949546813965 15.654664039611816 14.375018119812012 12.998833656311035 11.618653297424316 10.28873348236084 8.915169715881348 7.822211265563965 6.764890193939209 5.806814670562744 4.913479804992676 4.254878997802734 3.721224784851074 3.371910333633423 3.288313865661621 3.0628273487091064 2.8795993328094482 2.7532761096954346 2.7616710662841797 2.8424434661865234 2.943333625793457 3.162647008895874 3.4386374950408936 3.4443776607513428 3.551708221435547 3.691563844680786 3.8950624465942383 4.132314682006836 4.631424427032471 5.4592061042785645
32.88079071044922 30.368661880493164 27.722623825073242 25.257104873657227 23.37338638305664 21.96866226196289 21.26766586303711 20.403209686279297 19.942602157592773 19.261022567749023 18.625429153442383 17.754791259765625 16.82988929748535 15.63941764831543 14.436367988586426 12.978397369384766 11.550992012023926 10.019766807556152 8.619073867797852 7.443998336791992 6.295029640197754 5.140881061553955 4.1285929679870605 3.400304079055786 2.8425192832946777 2.4392025470733643 2.110470771789551 2.076941967010498 2.009984254837036 1.8267921209335327 1.729310154914856 1.7751039266586304 1.7911088466644287 1.7802640199661255 1.8601269721984863 1.9778187274932861 2.100022554397583 2.148853063583374 2.3262226581573486 2.487210273742676 2.719532012939453 3.1243748664855957 3.8288280963897705
30.402074813842773 27.481130599975586 24.974952697753906 23.032800674438477 21.65292739868164 20.502248764038086 19.911052703857422 19.185487747192383 18.788978576660156 18.25286865234375 17.477941513061523 16.133394241333008 14.864997863769531 13.725249290466309 12.362184524536133 10.902981758117676 9.514920234680176 7.987156867980957 6.739852428436279 5.680471897125244 4.57991886138916 3.669772148132324 2.9499270915985107 2.4061975479125977 1.8949917554855347 1.4499366283416748 1.1124333143234253 0.9403569102287292 0.8096259832382202 0.6966805458068848 0.6747767329216003 0.8926234841346741 0.9269383549690247 0.8692228198051453 0.8305640816688538 0.7828540802001953 0.7520052194595337 0.7637580037117004 0.9214131832122803 1.1034858226776123 1.4154722690582275 1.8147345781326294 2.2259345054626465
28.580554962158203 25.578779220581055 23.64056396484375 21.790794372558594 20.298511505126953 19.474903106689453 19.09776496887207 18.521684646606445 17.994218826293945 17.09575843811035 16.00450897216797 14.496766090393066 13.066761016845703 11.819233894348145 10.39389419555664 8.930672645568848 7.578360557556152 6.217837333679199 5.203004360198975 4.290332317352295 3.4938576221466064 2.839980125427246 2.2027461528778076 1.6651957035064697 1.1675230264663696 0.8263583779335022 0.5994197726249695 0.4557163417339325 0.30445536971092224 0.20369847118854523 0.11068225651979446 0.13564108312129974 0.15565888583660126 0.23938186466693878 0.22783426940441132 0.1595083326101303 0.12910792231559753 0.17804978787899017 0.2980876863002777 0.5025595426559448 0.7270398139953613 1.033797025680542 1.3952351808547974
26.874374389648438 24.44792938232422 22.533252716064453 20.662778854370117 19.33735466003418 18.679241180419922 18.274328231811523 17.57064437866211 16.473270416259766 15.337620735168457 13.967747688293457 12.287788391113281 11.120396614074707 9.769281387329102 8.416756629943848 7.008224964141846 5.606599807739258 4.683507919311523 3.9263594150543213 3.281266689300537 2.662423849105835 2.07418155670166 1.4564282894134521 0.9729474186897278 0.6384101510047913 0.439861923456192 0.2749469578266144 0.16635936498641968 0.04863822087645531 0.0 0.0 0.0 0.0 0.0 0.0 0.0693884938955307 0.10534261912107468 0.08913721144199371 0.1588124781847 0.33149605989456177 0.5483168363571167 0.7769888639450073 1.0167553424835205
25.662673950195312 23.383441925048828 21.642789840698242 19.640506744384766 18.535198211669922 17.86626625061035 17.131446838378906 15.543844223022461 14.304506301879883 12.922993659973145 11.539376258850098 9.979351997375488 8.899748802185059 7.64116096496582 6.352739334106445 5.036965847015381 4.024381637573242 3.4865474700927734 2.907668352127075 2.36333966255188 1.8411693572998047 1.2499973773956299 0.6819918155670166 0.4238384962081909 0.2654811143875122 0.12883244454860687 0.02007427252829075 0.0 0.0 0.0 0.0 0.0 0.0 0.0 0.0 0.03190786764025688 0.1694292426109314 0.23494620621204376 0.22222629189491272 0.2899540662765503 0.41439875960350037 0.6511605978012085 0.9204093813896179
24.17732810974121 22.103166580200195 20.357128143310547 18.293903350830078 16.897829055786133 15.717281341552734 14.407925605773926 12.886889457702637 11.556839942932129 9.995555877685547 8.698688507080078 7.467093467712402 6.3199052810668945 5.221468925476074 4.154711723327637 3.2769508361816406 2.7850520610809326 2.3993654251098633 2.01336407661438 1.5035309791564941 0.9518486857414246 0.3952532708644867 0.07359205931425095 0.0 0.0 0.0 0.0 0.0 0.0 0.0 0.0029025799594819546 0.0032832729630172253 0.004517451860010624 0.00589684909209609 0.005498094949871302 0.0 0.0 0.018207915127277374 0.15057174861431122 0.4485251307487488 0.7037661075592041 0.9384048581123352 1.1703627109527588
23.252506256103516 21.102697372436523 19.027677536010742 16.464035034179688 14.830320358276367 13.581777572631836 12.056611061096191 10.494719505310059 9.140115737915039 7.797579288482666 6.521056175231934 5.262646198272705 4.3175506591796875 3.4236984252929688 2.627302646636963 2.192244291305542 1.9404982328414917 1.6146812438964844 1.1768341064453125 0.6557309627532959 0.17278359830379486 0.0 0.0 0.0 0.0 0.0035567667800933123 0.0054757543839514256 0.005781266838312149 0.006313756573945284 0.006795076187700033 0.006961441598832607 0.007013743277639151 0.007158385589718819 0.007210807874798775 0.0072529991157352924 0.0072417668998241425 0.0063928039744496346 0.0 0.0 0.0 0.15085944533348083 0.38252922892570496 0.6267926096916199
22.224468231201172 19.703927993774414 17.435054779052734 14.579620361328125 12.84985637664795 11.437769889831543 9.796906471252441 8.163501739501953 6.809264659881592 5.565624713897705 4.465776443481445 3.437673807144165 2.6250112056732178 1.944258213043213 1.5716562271118164 1.3501404523849487 1.1140347719192505 0.7902072072029114 0.44428354501724243 0.11164040118455887 0.0 0.0 0.0 0.005873347166925669 0.0068864962086081505 0.0070181977935135365 0.007037298753857613 0.007040973752737045 0.00714066019281745 0.007212487980723381 0.00724440161138773 0.007254438009113073 0.007267373148351908 0.007273565977811813 0.0072765653021633625 0.007277334108948708 0.007277094759047031 0.007256229408085346 0.006976943928748369 0.005851161666214466 0.0 0.0 0.07343501597642899
20.501638412475586 18.035226821899414 15.30239486694336 12.794561386108398 11.011006355285645 9.418375015258789 7.666804313659668 6.103245258331299 4.850489616394043 3.710844039916992 2.7340927124023438 1.8719679117202759 1.313730239868164 1.0043764114379883 0.8413775563240051 0.6949150562286377 0.5407862067222595 0.3508525490760803 0.13031703233718872 0.0 0.0 0.001806893851608038 0.006850090809166431 0.0071812286041677 0.007219787687063217 0.007216753903776407 0.0071956017054617405 0.007182644680142403 0.007213780656456947 0.007254684343934059 0.007270784582942724 0.007273660507053137 0.007275776006281376 0.0072768875397741795 0.007277412340044975 0.00727752223610878 0.007277546916157007 0.007277542259544134 0.007277264259755611 0.007274129427969456 0.0070738596841692924 0.0018383613787591457 0.0
18.29168701171875 15.502497673034668 13.220525741577148 10.880931854248047 8.905861854553223 7.207804203033447 5.7267351150512695 4.219358921051025 2.9873130321502686 1.983782410621643 1.282302975654602 0.855144739151001 0.6797011494636536 0.5897305011749268 0.5116053223609924 0.4088355600833893 0.2647705078125 0.08750327676534653 0.0 0.0 0.002915522549301386 0.006977621465921402 0.007229350507259369 0.007259328383952379 0.007265273481607437 0.00725858798250556 0.007243706379085779 0.0072311339899897575 0.007243536878377199 0.007263798266649246 0.007274730131030083 0.00727683212608099 0.007277198135852814 0.007277403026819229 0.007277516648173332 0.007277544587850571 0.0072775487788021564 0.007277549244463444 0.0072775473818182945 0.007277530152350664 0.007277302443981171 0.007274248171597719 0.007233503274619579
16.296092987060547 13.761701583862305 11.597723007202148 9.305255889892578 7.274100303649902 5.639954566955566 4.14120626449585 2.6461219787597656 1.596312165260315 0.9522793889045715 0.6529905796051025 0.5308027267456055 0.4513635039329529 0.3751617670059204 0.2935735583305359 0.18276378512382507 0.05094309523701668 0.0 0.0 0.003558018710464239 0.007004812825471163 0.007231998257339001 0.007262133993208408 0.007272019516676664 0.007274015806615353 0.007270434405654669 0.007261285092681646 0.007249968126416206 0.00725196860730648 0.0072650727815926075 0.007274340372532606 0.007276931311935186 0.007277400232851505 0.007277484517544508 0.0072775306180119514 0.007277545519173145 0.0072775487788021564 0.007277549244463444 0.007277548313140869 0.0072775413282215595 0.007277483586221933 0.0072771827690303326 0.007275942713022232
14.523387908935547 12.163725852966309 10.092683792114258 7.702503681182861 5.742819786071777 4.161168098449707 2.7699384689331055 1.566596508026123 0.8874667286872864 0.5756762027740479 0.43093961477279663 0.327541321516037 0.2490837275981903 0.1788485050201416 0.09720297157764435 0.0111429113894701 0.0 0.0 0.004172858782112598 0.007073781918734312 0.007236901670694351 0.007260069251060486 0.007271574344485998 0.007275897543877363 0.007276637014001608 0.007275273557752371 0.007270957343280315 0.007263653911650181 0.007260426413267851 0.007265695370733738 0.007273238617926836 0.007276592776179314 0.007277393247932196 0.007277503609657288 0.007277532480657101 0.007277545519173145 0.0072775487788021564 0.0072775487788021564 0.007277548313140869 0.007277544587850571 0.0072775231674313545 0.007277440279722214 0.007277311757206917
12.691673278808594 10.363994598388672 8.223286628723145 6.0803985595703125 4.3135786056518555 2.9914095401763916 1.8357218503952026 0.9517174363136292 0.566525936126709 0.36925747990608215 0.2306361198425293 0.13605649769306183 0.07360079139471054 0.018984055146574974 0.0 0.0 0.0 0.0043139224871993065 0.007088378071784973 0.00724576273933053 0.007259020581841469 0.007269537542015314 0.0072753517888486385 0.007277138531208038 0.007277376018464565 0.007277050521224737 0.007275708019733429 0.007272394374012947 0.0072684925980865955 0.007268640678375959 0.007272607181221247 0.007275884505361319 0.0072772023268043995 0.007277476601302624 0.007277526427060366 0.007277542259544134 0.0072775473818182945 0.007277548313140869 0.0072775473818182945 0.007277545053511858 0.007277533877640963 0.007277508731931448 0.007277480326592922
10.450301170349121 8.251336097717285 6.244143486022949 4.315612316131592 3.1205568313598633 2.0168728828430176 1.0215150117874146 0.5018830895423889 0.3140437602996826 0.15888996422290802 0.048587072640657425 0.0 0.0 0.0 0.0 0.0 0.003849504515528679 0.007031823042780161 0.0072501287795603275 0.0072620767168700695 0.007268582470715046 0.007274300791323185 0.007276895456016064 0.007277471944689751 0.007277528755366802 0.007277481257915497 0.007277225144207478 0.007276301737874746 0.0072744060307741165 0.007272765971720219 0.007273263297975063 0.007275185082107782 0.007276751566678286 0.0072773415595293045 0.0072774928994476795 0.007277530152350664 0.0072775427252054214 0.007277545984834433 0.007277545984834433 0.007277544587850571 0.007277539931237698 0.007277532946318388 0.0072775292210280895
8.595858573913574 6.603684902191162 4.769806385040283 3.368821382522583 2.212951183319092 1.214119553565979 0.4774046838283539 0.22111128270626068 0.11467532813549042 0.00832256581634283 0.0 0.0 0.0 0.0 0.0 0.00046163285151124 0.006561051122844219 0.007227674592286348 0.007262776140123606 0.007268787827342749 0.007273326627910137 0.007276428397744894 0.007277393247932196 0.007277537137269974 0.0072775473818182945 0.007277543190866709 0.007277511991560459 0.0072773527354002 0.007276779506355524 0.007275646552443504 0.007274688687175512 0.0072747995145618916 0.007275919895619154 0.007276867516338825 0.007277310360223055 0.007277457043528557 0.007277514319866896 0.007277533411979675 0.007277538999915123 0.007277540862560272 0.007277539931237698 0.00727753946557641 0.007277540862560272
