2D_landslide/Landslide/figures/8h.txt
ncols   200
nrows   200
xllcorner   0
yllcorner   0
cellsize   12.5
NODATA_value   -9999.00000
[rows 76 to 94 of 200, columns 0 to 42 of 200]
0.007277549244463444 0.007277549244463444 0.007277549244463444 0.007277549244463444 0.007277549244463444 0.007277549244463444 0.0072775487788021564 0.007277532946318388 0.007277401629835367 0.007276990916579962 0.007275939453393221 0.0072751231491565704 0.007276098243892193 0.007277217227965593 0.007277517579495907 0.007277541793882847 0.007277516648173332 0.007277355995029211 0.007276533637195826 0.007273735012859106 0.007268611341714859 0.007265189196914434 0.007267124019563198 0.007271836046129465 0.0072752851992845535 0.007276816293597221 0.007277326192706823 0.0072774747386574745 0.007277514319866896 0.007277455646544695 0.00727699464187026 0.007275538053363562 0.007272668648511171 0.007266420871019363 0.007251642178744078 0.00721282372251153 0.007112142164260149 0.0068900021724402905 0.006453926209360361 0.005526559893041849 0.0034170460421591997 0.0 0.0
0.007277549244463444 0.007277549244463444 0.007277549244463444 0.007277549244463444 0.007277549244463444 0.007277549244463444 0.0072775487788021564 0.0072775413282215595 0.007277469616383314 0.007277087774127722 0.007275892421603203 0.007274809293448925 0.007275678683072329 0.007277030497789383 0.007277488708496094 0.007277543656527996 0.007277533411979675 0.007277430966496468 0.007276871241629124 0.007275084964931011 0.007272370159626007 0.007271368522197008 0.007273154333233833 0.007275484502315521 0.007276817690581083 0.007277325261384249 0.007277481257915497 0.007277525961399078 0.007277537137269974 0.0072775110602378845 0.007277356460690498 0.007276895921677351 0.007275858428329229 0.007273111492395401 0.007264789659529924 0.007236479315906763 0.007141888607293367 0.006872521713376045 0.006193905603140593 0.004578392952680588 0.001420138869434595 0.0 0.0
0.007277549244463444 0.007277549244463444 0.007277549244463444 0.007277549244463444 0.007277549244463444 0.007277549244463444 0.007277549244463444 0.00727754645049572 0.0072775110602378845 0.007277259603142738 0.007276454940438271 0.007275670301169157 0.0072761219926178455 0.0072770677506923676 0.0072774738073349 0.0072775427252054214 0.0072775427252054214 0.0072774989530444145 0.007277272641658783 0.007276664022356272 0.007275986485183239 0.007276012562215328 0.007276632823050022 0.007277166470885277 0.007277417462319136 0.007277505472302437 0.007277533411979675 0.0072775427252054214 0.007277545984834433 0.0072775427252054214 0.0072775231674313545 0.007277458440512419 0.007277274504303932 0.007276632357388735 0.007273990660905838 0.0072614820674061775 0.007200426887720823 0.006936672143638134 0.005953757558017969 0.0032546967267990112 0.0 0.0 0.0
0.007277549244463444 0.007277549244463444 0.007277549244463444 0.007277549244463444 0.007277549244463444 0.007277549244463444 0.007277549244463444 0.007277547847479582 0.007277530152350664 0.0072774216532707214 0.00727711571380496 0.007276822812855244 0.007276950869709253 0.007277302909642458 0.007277495693415403 0.007277542259544134 0.007277546916157007 0.0072775352746248245 0.007277484517544508 0.007277383003383875 0.0072773173451423645 0.007277366239577532 0.007277456112205982 0.007277511991560459 0.007277533877640963 0.007277540396898985 0.007277543190866709 0.00727754645049572 0.007277547847479582 0.007277548313140869 0.0072775473818182945 0.007277544122189283 0.0072775306180119514 0.007277460768818855 0.007276997901499271 0.007272998336702585 0.007234245538711548 0.006925476714968681 0.005339504219591618 0.0009885765612125397 0.0 0.0 0.0
0.007277549244463444 0.007277549244463444 0.007277549244463444 0.007277549244463444 0.007277549244463444 0.007277549244463444 0.007277549244463444 0.007277548313140869 0.007277542259544134 0.00727751525118947 0.007277455646544695 0.007277404889464378 0.007277423050254583 0.007277485448867083 0.007277529686689377 0.007277545053511858 0.007277548313140869 0.007277546916157007 0.007277540862560272 0.007277533411979675 0.007277532014995813 0.007277538068592548 0.007277544122189283 0.00727754645049572 0.007277545519173145 0.007277542259544134 0.007277541793882847 0.007277545519173145 0.007277548313140869 0.0072775487788021564 0.0072775487788021564 0.0072775487788021564 0.007277547847479582 0.007277537137269974 0.007277327124029398 0.007273558992892504 0.007213254924863577 0.0066229114308953285 0.0037549366243183613 0.0 0.0 0.0 0.0
0.007277549244463444 0.007277549244463444 0.007277549244463444 0.007277549244463444 0.007277549244463444 0.007277549244463444 0.007277549244463444 0.0072775487788021564 0.0072775473818182945 0.007277544122189283 0.007277538999915123 0.007277535740286112 0.007277537137269974 0.007277541793882847 0.007277545984834433 0.007277547847479582 0.0072775487788021564 0.0072775487788021564 0.0072775487788021564 0.007277548313140869 0.007277548313140869 0.0072775487788021564 0.0072775487788021564 0.007277548313140869 0.007277545519173145 0.007277540862560272 0.007277540396898985 0.007277545053511858 0.007277548313140869 0.0072775487788021564 0.0072775487788021564 0.0072775487788021564 0.007277547847479582 0.00727752223610878 0.0072769480757415295 0.007267145439982414 0.007117345929145813 0.005815183278173208 0.000916224904358387 0.0 0.0 0.0 0.0
0.007277549244463444 0.007277549244463444 0.007277549244463444 0.007277549244463444 0.007277549244463444 0.007277549244463444 0.007277549244463444 0.007277549244463444 0.007277549244463444 0.0072775487788021564 0.0072775487788021564 0.0072775487788021564 0.0072775487788021564 0.0072775487788021564 0.0072775487788021564 0.007277549244463444 0.007277549244463444 0.007277549244463444 0.007277549244463444 0.007277549244463444 0.007277549244463444 0.007277549244463444 0.007277549244463444 0.007277548313140869 0.007277545984834433 0.007277541793882847 0.007277541793882847 0.007277545984834433 0.0072775487788021564 0.007277549244463444 0.007277549244463444 0.0072775487788021564 0.00727754645049572 0.007277447264641523 0.007275444455444813 0.007248091045767069 0.006880390457808971 0.004309029784053564 0.0 0.0 0.0 0.003807028289884329 0.00896222423762083
0.007277549244463444 0.007277549244463444 0.007277549244463444 0.007277549244463444 0.007277549244463444 0.007277549244463444 0.007277549244463444 0.007277549244463444 0.007277549244463444 0.007277549244463444 0.007277549244463444 0.007277549244463444 0.007277549244463444 0.007277549244463444 0.007277549244463444 0.007277549244463444 0.007277549244463444 0.007277549244463444 0.007277549244463444 0.007277549244463444 0.007277549244463444 0.007277549244463444 0.007277549244463444 0.007277548313140869 0.00727754645049572 0.007277544122189283 0.007277545519173145 0.007277547847479582 0.007277549244463444 0.007277549244463444 0.007277549244463444 0.0072775487788021564 0.007277542259544134 0.007277153432369232 0.0072705685161054134 0.007205026689916849 0.006480320822447538 0.002393936738371849 0.0 0.0 0.0018453332595527172 0.01161300390958786 0.01619749888777733
0.007277549244463444 0.007277549244463444 0.007277549244463444 0.007277549244463444 0.007277549244463444 0.007277549244463444 0.007277549244463444 0.007277549244463444 0.007277549244463444 0.007277549244463444 0.007277549244463444 0.007277549244463444 0.007277549244463444 0.007277549244463444 0.007277549244463444 0.007277549244463444 0.007277549244463444 0.007277549244463444 0.007277549244463444 0.007277549244463444 0.007277549244463444 0.007277549244463444 0.007277549244463444 0.0072775487788021564 0.0072775473818182945 0.007277546916157007 0.007277547847479582 0.0072775487788021564 0.007277549244463444 0.007277549244463444 0.0072775487788021564 0.0072775487788021564 0.007277522701770067 0.007275855168700218 0.007253783289343119 0.007119023706763983 0.005976136773824692 0.0007244101725518703 0.0 0.0 0.004305528476834297 0.012747487053275108 0.015314669348299503
0.0072775487788021564 0.007277549244463444 0.007277549244463444 0.007277549244463444 0.007277549244463444 0.007277549244463444 0.007277549244463444 0.007277549244463444 0.007277549244463444 0.007277549244463444 0.007277549244463444 0.007277549244463444 0.007277549244463444 0.007277549244463444 0.007277549244463444 0.007277549244463444 0.007277549244463444 0.007277549244463444 0.007277549244463444 0.007277549244463444 0.007277549244463444 0.007277549244463444 0.007277549244463444 0.0072775487788021564 0.007277548313140869 0.007277548313140869 0.0072775487788021564 0.007277549244463444 0.007277549244463444 0.007277549244463444 0.0072775487788021564 0.007277548313140869 0.007277432829141617 0.0072710863314569 0.007205065339803696 0.006955658085644245 0.005515869241207838 0.0 0.0 0.0 0.000996665097773075 0.0060445391573011875 0.006481247488409281
0.007277548313140869 0.0072775487788021564 0.0072775487788021564 0.007277549244463444 0.007277549244463444 0.007277549244463444 0.007277549244463444 0.007277549244463444 0.007277549244463444 0.007277549244463444 0.007277549244463444 0.007277549244463444 0.007277549244463444 0.007277549244463444 0.007277549244463444 0.007277549244463444 0.007277549244463444 0.007277549244463444 0.007277549244463444 0.007277549244463444 0.007277549244463444 0.007277549244463444 0.007277549244463444 0.0072775487788021564 0.0072775487788021564 0.0072775487788021564 0.007277549244463444 0.007277549244463444 0.007277549244463444 0.0072775487788021564 0.0072775487788021564 0.00727754645049572 0.007277068682014942 0.007255817297846079 0.00708572193980217 0.006673821248114109 0.005185780115425587 8.387910202145576e-05 0.0 0.0 0.0 0.0 0.0
0.007277546916157007 0.007277547847479582 0.0072775487788021564 0.007277549244463444 0.007277549244463444 0.007277549244463444 0.007277549244463444 0.007277549244463444 0.007277549244463444 0.007277549244463444 0.007277549244463444 0.007277549244463444 0.007277549244463444 0.007277549244463444 0.007277549244463444 0.007277549244463444 0.007277549244463444 0.007277549244463444 0.007277549244463444 0.007277549244463444 0.007277549244463444 0.007277549244463444 0.007277549244463444 0.007277549244463444 0.007277549244463444 0.007277549244463444 0.007277549244463444 0.007277549244463444 0.007277549244463444 0.0072775487788021564 0.007277547847479582 0.007277540396898985 0.007276143413037062 0.007228288799524307 0.00692488020285964 0.006405183579772711 0.005307099316269159 0.0016501438803970814 0.0 0.0 0.0 0.0 0.0
0.00727754645049572 0.007277547847479582 0.0072775487788021564 0.007277549244463444 0.007277549244463444 0.007277549244463444 0.007277549244463444 0.007277549244463444 0.007277549244463444 0.007277549244463444 0.007277549244463444 0.007277549244463444 0.007277549244463444 0.007277549244463444 0.007277549244463444 0.007277549244463444 0.007277549244463444 0.007277549244463444 0.007277549244463444 0.007277549244463444 0.007277549244463444 0.007277549244463444 0.007277549244463444 0.007277549244463444 0.007277549244463444 0.007277549244463444 0.007277549710124731 0.007277550175786018 0.007277549710124731 0.0072775487788021564 0.00727754645049572 0.007277521770447493 0.007274665869772434 0.007200800348073244 0.006822498515248299 0.006323384586721659 0.005749499425292015 0.0038330750539898872 0.0005108234472572803 0.0 0.0 0.0 0.0
0.0072775473818182945 0.007277547847479582 0.007277547847479582 0.007277546916157007 0.007277548313140869 0.007277549244463444 0.007277549244463444 0.007277549244463444 0.007277549244463444 0.007277549244463444 0.007277549244463444 0.007277549244463444 0.007277549244463444 0.007277549244463444 0.007277549244463444 0.007277549244463444 0.007277549244463444 0.007277549244463444 0.007277549244463444 0.007277549244463444 0.007277549244463444 0.007277549244463444 0.007277549244463444 0.007277549244463444 0.007277549244463444 0.007277549244463444 0.007277550641447306 0.007277553901076317 0.0072775534354150295 0.007277549710124731 0.007277542259544134 0.007277483586221933 0.007273611146956682 0.007197733968496323 0.006874612998217344 0.006520463153719902 0.006337485276162624 0.005665922537446022 0.004311238415539265 0.0030737295746803284 0.0025536762550473213 0.002715070266276598 0.003174501471221447
0.007277545519173145 0.007277516182512045 0.007277385797351599 0.007277330383658409 0.007277471479028463 0.0072775413282215595 0.007277549244463444 0.007277549244463444 0.007277549244463444 0.007277549244463444 0.007277549244463444 0.007277549244463444 0.007277549244463444 0.007277549244463444 0.007277549244463444 0.007277549244463444 0.007277549244463444 0.007277549244463444 0.007277549244463444 0.007277549244463444 0.007277549244463444 0.007277549244463444 0.007277549244463444 0.007277549244463444 0.007277549244463444 0.007277549710124731 0.007277553901076317 0.007277570199221373 0.007277578115463257 0.0072775608859956264 0.007277536205947399 0.007277429103851318 0.0072733499109745026 0.00721773412078619 0.007018424570560455 0.0068337395787239075 0.006797416601330042 0.006655185949057341 0.006327245384454727 0.00603825319558382 0.005966506898403168 0.0060653286054730415 0.006198318209499121
0.0072774337604641914 0.007275925949215889 0.007270707283169031 0.007269549649208784 0.007274704519659281 0.00727722467854619 0.007277538534253836 0.007277549244463444 0.007277549244463444 0.007277549244463444 0.007277549244463444 0.007277549244463444 0.007277549244463444 0.007277549244463444 0.007277549244463444 0.007277549244463444 0.007277549244463444 0.007277549244463444 0.007277549244463444 0.007277549244463444 0.007277549244463444 0.007277549244463444 0.007277549244463444 0.007277549244463444 0.007277549244463444 0.007277549710124731 0.007277559954673052 0.007277613505721092 0.007277668919414282 0.00727761909365654 0.007277548313140869 0.00727744260802865 0.007275212090462446 0.007250736001878977 0.007173388265073299 0.0071031441912055016 0.00709656672552228 0.007089060731232166 0.0070516495034098625 0.007023255340754986 0.007027140352874994 0.007052211090922356 0.007069767452776432
0.007276030257344246 0.007253651507198811 0.007183031644672155 0.0071670967154204845 0.007232727482914925 0.0072709922678768635 0.0072772325947880745 0.007277544587850571 0.007277549244463444 0.007277549244463444 0.007277549244463444 0.007277549244463444 0.007277549244463444 0.007277549244463444 0.007277549244463444 0.007277549244463444 0.007277549244463444 0.007277549244463444 0.007277549244463444 0.007277549244463444 0.007277549244463444 0.007277549244463444 0.007277549244463444 0.007277549244463444 0.007277549244463444 0.007277550175786018 0.007277569733560085 0.007277707103639841 0.0072779180482029915 0.007277823053300381 0.007277603726834059 0.007277487311512232 0.007276656571775675 0.0072698406875133514 0.007249782327562571 0.007228697184473276 0.007222949992865324 0.007224108092486858 0.0072267306968569756 0.007231319323182106 0.00723646255210042 0.007241029292345047 0.007241486571729183
0.007270790170878172 0.007156673818826675 0.006782057695090771 0.006641808897256851 0.006966754794120789 0.0072150458581745625 0.007272923830896616 0.007277436088770628 0.007277548313140869 0.007277549244463444 0.007277549244463444 0.007277549244463444 0.007277549244463444 0.007277549244463444 0.007277549244463444 0.007277549244463444 0.007277549244463444 0.007277549244463444 0.007277549244463444 0.007277549244463444 0.007277549244463444 0.007277549244463444 0.007277549244463444 0.007277549244463444 0.007277549244463444 0.007277550175786018 0.007277582306414843 0.007277841214090586 0.007278344593942165 0.007278230506926775 0.00727772107347846 0.007277521304786205 0.007277270313352346 0.007275924552232027 0.0072718337178230286 0.00726621737703681 0.007262573577463627 0.007262151222676039 0.007264398969709873 0.007267582230269909 0.007269944064319134 0.00727097038179636 0.007270557340234518
0.007268236484378576 0.007049360778182745 0.006172016728669405 0.005610834341496229 0.006248562131077051 0.006991670001298189 0.007244760170578957 0.0072761583141982555 0.007277529686689377 0.007277549244463444 0.007277549244463444 0.007277549244463444 0.007277549244463444 0.007277549244463444 0.007277549244463444 0.007277549244463444 0.007277549244463444 0.007277549244463444 0.007277549244463444 0.007277549244463444 0.007277549244463444 0.007277549244463444 0.007277549244463444 0.007277549244463444 0.007277549244463444 0.007277551107108593 0.007277599535882473 0.007277975790202618 0.007278732489794493 0.007278634700924158 0.007277853321284056 0.007277545519173145 0.00727737694978714 0.007276776246726513 0.0072752321138978004 0.007273269817233086 0.0072721452452242374 0.00727218808606267 0.007273088209331036 0.007274386007338762 0.007275473326444626 0.007275925949215889 0.007275762502104044
