2D_landslide/Landslide/figures/8u.txt
ncols   200
nrows   200
xllcorner   0
yllcorner   0
cellsize   12.5
NODATA_value   -9999.00000
[rows 171 to 189 of 200, columns 0 to 41 of 200]
0.005590278655290604 0.005590278655290604 0.005590278655290604 0.005590277258306742 0.00559025164693594 0.005590083077549934 0.005589643958956003 0.005589286331087351 0.0055894870311021805 0.005589889828115702 0.005589920096099377 0.005589758045971394 0.005589817650616169 0.005590057000517845 0.005590204149484634 0.005590258631855249 0.005590273533016443 0.005590277258306742 0.005590278189629316 0.005590278655290604 0.005590278655290604 0.005590278655290604 0.005590278655290604 0.005590278655290604 0.005590278655290604 0.005590278655290604 0.005590278655290604 0.005590278655290604 0.005590279120951891 0.0055902814492583275 0.0055902875028550625 0.005590299144387245 0.005590324755758047 0.005590375047177076 0.005590430460870266 0.005590442568063736 0.005590393207967281 0.005590328946709633 0.005590291693806648 0.005590267479419708 0.005590118933469057 0.005580800585448742
0.005590278655290604 0.005590278655290604 0.005590278655290604 0.0055902753956615925 0.005590226501226425 0.005589950364083052 0.0055893962271511555 0.0055891782976686954 0.0055895838886499405 0.005589958745986223 0.005589986685663462 0.005589975044131279 0.005590084474533796 0.005590197630226612 0.005590252112597227 0.005590270273387432 0.00559027586132288 0.005590277723968029 0.005590278189629316 0.005590278655290604 0.005590278655290604 0.005590278655290604 0.005590278655290604 0.005590278655290604 0.005590278655290604 0.005590278655290604 0.005590278655290604 0.005590278655290604 0.005590279120951891 0.0055902800522744656 0.005590283777564764 0.005590294953435659 0.0055903238244354725 0.005590370856225491 0.005590405315160751 0.005590388551354408 0.0055903359316289425 0.005590295884758234 0.0055902814492583275 0.005590270739048719 0.00559019111096859 0.005588564556092024
0.005590278655290604 0.005590278655290604 0.005590278655290604 0.005590274464339018 0.005590219050645828 0.0055899424478411674 0.005589539185166359 0.005589550826698542 0.005589855369180441 0.005589974112808704 0.0055899727158248425 0.005590061191469431 0.00559017900377512 0.005590242799371481 0.005590267013758421 0.005590274464339018 0.005590277258306742 0.005590278189629316 0.005590278189629316 0.005590278655290604 0.005590278655290604 0.005590278655290604 0.005590278655290604 0.005590278655290604 0.005590278655290604 0.005590278655290604 0.005590278655290604 0.005590278655290604 0.005590278655290604 0.005590279586613178 0.005590282380580902 0.005590291228145361 0.005590312648564577 0.005590340588241816 0.0055903485044837 0.00559032429009676 0.005590294953435659 0.005590281914919615 0.005590278655290604 0.005590273533016443 0.005590224638581276 0.0055898879654705524
0.005590278655290604 0.005590278655290604 0.005590278655290604 0.005590274464339018 0.005590231157839298 0.0055900802835822105 0.005589891225099564 0.0055898274295032024 0.005589688196778297 0.0055895899422466755 0.005589773412793875 0.005590044427663088 0.005590199958533049 0.005590255372226238 0.005590270273387432 0.0055902753956615925 0.005590276792645454 0.005590277723968029 0.005590278189629316 0.005590278655290604 0.005590278655290604 0.005590278655290604 0.005590278655290604 0.005590278655290604 0.005590278655290604 0.005590278655290604 0.005590278655290604 0.005590278655290604 0.005590278655290604 0.005590279120951891 0.00559028098359704 0.005590286571532488 0.005590298678725958 0.005590308923274279 0.00559030519798398 0.005590291228145361 0.0055902814492583275 0.005590279120951891 0.005590278189629316 0.0055902739986777306 0.005590180866420269 0.005588468164205551
0.005590278655290604 0.005590278655290604 0.005590278655290604 0.005590276326984167 0.0055902567692101 0.005590172950178385 0.005589785519987345 0.0055887531489133835 0.005587918683886528 0.00558826420456171 0.005589331034570932 0.005589976441115141 0.005590194836258888 0.0055902558378875256 0.005590270739048719 0.005590274930000305 0.005590276326984167 0.005590277258306742 0.005590277723968029 0.005590278189629316 0.005590278655290604 0.005590278655290604 0.005590278655290604 0.005590278655290604 0.005590278655290604 0.005590278655290604 0.005590278655290604 0.005590278655290604 0.005590278655290604 0.005590279120951891 0.0055902800522744656 0.005590282846242189 0.0055902875028550625 0.005590289365500212 0.005590285640209913 0.00559028098359704 0.005590279120951891 0.005590278655290604 0.005590278189629316 0.005590274930000305 0.005590145941823721 0.005587502848356962
0.0055902800522744656 0.005590279120951891 0.005590278655290604 0.005590276792645454 0.005590202286839485 0.005589296575635672 0.005585330538451672 0.005579814314842224 0.005579758435487747 0.005584155675023794 0.005588236264884472 0.005589781794697046 0.0055901589803397655 0.005590247921645641 0.005590267013758421 0.005590272601693869 0.005590274464339018 0.00559027586132288 0.005590277258306742 0.005590278189629316 0.005590278655290604 0.005590278655290604 0.005590278655290604 0.005590278189629316 0.005590278189629316 0.005590278655290604 0.005590278655290604 0.005590278655290604 0.005590278655290604 0.005590278655290604 0.005590279120951891 0.005590280517935753 0.005590281914919615 0.005590281914919615 0.0055902800522744656 0.005590279120951891 0.005590278655290604 0.005590278655290604 0.005590278189629316 0.0055902739986777306 0.005589967593550682 0.0055865272879600525
0.005590283311903477 0.00559028098359704 0.005590279586613178 0.005590242333710194 0.005589024629443884 0.005578845739364624 0.005554734263569117 0.005535288713872433 0.005550707690417767 0.0055740587413311005 0.005585581064224243 0.005589309148490429 0.005590059794485569 0.005590217188000679 0.0055902567692101 0.005590266082435846 0.005590271204710007 0.005590273533016443 0.0055902753956615925 0.005590277258306742 0.005590278189629316 0.005590278655290604 0.005590278189629316 0.005590277723968029 0.005590277723968029 0.005590278189629316 0.005590278655290604 0.005590278655290604 0.005590278655290604 0.005590278655290604 0.005590279120951891 0.005590279120951891 0.005590279586613178 0.005590279586613178 0.005590279120951891 0.005590278655290604 0.005590278655290604 0.005590278655290604 0.005590277723968029 0.005590271670371294 0.005589895881712437 0.005587376654148102
0.005590288434177637 0.005590284708887339 0.005590277723968029 0.005589911248534918 0.005580780562013388 0.005533394869416952 0.0054382337257266045 0.005397772416472435 0.005457689054310322 0.005544411018490791 0.005578437354415655 0.005587753374129534 0.005589643958956003 0.005590098910033703 0.005590215791016817 0.005590246990323067 0.005590260494500399 0.005590265151113272 0.005590269807726145 0.005590274464339018 0.005590277723968029 0.005590278189629316 0.005590277258306742 0.0055902753956615925 0.005590276326984167 0.005590277723968029 0.005590278655290604 0.005590278655290604 0.005590278655290604 0.005590278655290604 0.005590278655290604 0.005590279120951891 0.005590279120951891 0.005590278655290604 0.005590278655290604 0.005590278655290604 0.005590278655290604 0.005590278655290604 0.005590279120951891 0.005590265616774559 0.005589972250163555 0.005588854663074017
0.005590292625129223 0.005590288899838924 0.005590241402387619 0.005587410181760788 0.00554800545796752 0.005391655955463648 0.005194964352995157 0.005184167996048927 0.005324759520590305 0.005499542225152254 0.005568590480834246 0.005585909821093082 0.005589206703007221 0.005589987151324749 0.005590167362242937 0.0055902269668877125 0.005590246524661779 0.0055902558378875256 0.00559026375412941 0.005590271670371294 0.005590276792645454 0.005590278189629316 0.005590276792645454 0.0055902739986777306 0.005590274930000305 0.005590277258306742 0.005590278655290604 0.005590278655290604 0.005590278655290604 0.005590278655290604 0.005590278655290604 0.005590278655290604 0.005590278655290604 0.005590278655290604 0.005590278655290604 0.005590278655290604 0.005590278655290604 0.005590280517935753 0.005590297281742096 0.005590333137661219 0.005590371321886778 0.005590136628597975
0.005590289831161499 0.005590288899838924 0.005590036511421204 0.005579784978181124 0.005477206781506538 0.005188666749745607 0.005001548677682877 0.005026211962103844 0.005263537168502808 0.0054787336848676205 0.005566102918237448 0.005585899110883474 0.005589132662862539 0.005589943379163742 0.005590162239968777 0.00559022044762969 0.005590246524661779 0.005590257700532675 0.005590265616774559 0.005590272601693869 0.005590276326984167 0.005590278189629316 0.005590276792645454 0.005590273533016443 0.0055902739986777306 0.005590277258306742 0.005590278655290604 0.005590278655290604 0.005590278655290604 0.005590278655290604 0.005590278655290604 0.005590278655290604 0.005590278655290604 0.005590278655290604 0.005590278655290604 0.005590278655290604 0.005590278655290604 0.005590280517935753 0.005590296816080809 0.005590325221419334 0.005590336862951517 0.005590149201452732
0.005590283777564764 0.005590282380580902 0.005589672829955816 0.005568489897996187 0.005403358489274979 0.005097598768770695 0.0049767810851335526 0.0051276953890919685 0.005334251560270786 0.005514437332749367 0.0055763875134289265 0.005587867461144924 0.005589643027633429 0.005590121261775494 0.005590221378952265 0.005590253975242376 0.005590259563177824 0.005590267479419708 0.005590271670371294 0.0055902739986777306 0.005590277258306742 0.005590278189629316 0.005590276792645454 0.005590273533016443 0.0055902739986777306 0.005590277258306742 0.005590278655290604 0.005590278655290604 0.005590278655290604 0.005590278655290604 0.005590278655290604 0.005590278655290604 0.005590278655290604 0.005590278655290604 0.005590278655290604 0.005590278655290604 0.005590278655290604 0.005590278655290604 0.005590282846242189 0.0055902753956615925 0.005589792504906654 0.005587899591773748
0.005590279586613178 0.005590278189629316 0.005589724518358707 0.005570790730416775 0.005427438300102949 0.0052152336575090885 0.005188205745071173 0.0053346347995102406 0.005494721233844757 0.005570702254772186 0.005587298888713121 0.005589919164776802 0.0055902134627103806 0.005590267479419708 0.00559027586132288 0.005590276792645454 0.00559027586132288 0.005590276792645454 0.005590277258306742 0.005590277723968029 0.005590277723968029 0.005590278189629316 0.005590276792645454 0.005590273533016443 0.005590273067355156 0.005590277258306742 0.005590278655290604 0.005590278655290604 0.005590278655290604 0.005590278655290604 0.005590278655290604 0.005590278655290604 0.005590278655290604 0.005590278655290604 0.005590278655290604 0.005590278655290604 0.005590278189629316 0.005590273533016443 0.005590225104242563 0.005589796230196953 0.005578812677413225 0.005545270163565874
0.005590278655290604 0.005590277723968029 0.005589855369180441 0.005575661081820726 0.00548086641356349 0.005368729121983051 0.005370998755097389 0.005484453868120909 0.005558731500059366 0.005585386883467436 0.005589848384261131 0.005590266082435846 0.005590285174548626 0.005590280517935753 0.005590278655290604 0.005590278655290604 0.005590278655290604 0.005590278655290604 0.005590278655290604 0.005590278655290604 0.005590278655290604 0.005590278655290604 0.005590278189629316 0.005590276326984167 0.0055902753956615925 0.005590277723968029 0.005590278655290604 0.005590278655290604 0.005590278655290604 0.005590278655290604 0.005590278655290604 0.005590278655290604 0.005590278655290604 0.005590279120951891 0.005590279586613178 0.005590279120951891 0.005590274464339018 0.005590213928371668 0.005589581094682217 0.005584461148828268 0.005504330154508352 0.0053257448598742485
0.005590278655290604 0.005590278189629316 0.005590107757598162 0.005584142170846462 0.005544218700379133 0.005500700790435076 0.005520890466868877 0.005562991835176945 0.005583913531154394 0.005589641630649567 0.00559031730517745 0.005590336862951517 0.005590308457612991 0.005590286571532488 0.0055902800522744656 0.005590278655290604 0.005590278655290604 0.005590278655290604 0.005590278655290604 0.005590278655290604 0.005590278655290604 0.005590278655290604 0.005590278655290604 0.005590278189629316 0.005590277723968029 0.005590278189629316 0.005590278655290604 0.005590278655290604 0.005590278655290604 0.005590278655290604 0.005590278655290604 0.005590278655290604 0.005590278655290604 0.0055902800522744656 0.005590280517935753 0.005590277723968029 0.005590226035565138 0.005589586682617664 0.005583806894719601 0.005554065573960543 0.00520812813192606 0.004859100561589003
0.005590278655290604 0.005590277723968029 0.005590224172919989 0.005588381085544825 0.005576386582106352 0.005561413709074259 0.005559351295232773 0.00557103892788291 0.0055831680074334145 0.005589397624135017 0.00559032941237092 0.00559036061167717 0.0055903298780322075 0.005590295419096947 0.0055902814492583275 0.005590279120951891 0.005590278655290604 0.005590278655290604 0.005590278655290604 0.005590278655290604 0.005590278655290604 0.005590278655290604 0.005590278655290604 0.005590278655290604 0.005590278655290604 0.005590278655290604 0.005590278655290604 0.005590278655290604 0.005590278655290604 0.005590278655290604 0.005590278655290604 0.005590278655290604 0.005590279120951891 0.0055902814492583275 0.0055902814492583275 0.005590250715613365 0.005589700769633055 0.0055845025926828384 0.005549059249460697 0.005413081496953964 0.00470709940418601 0.004214356653392315
0.005590277723968029 0.005590265616774559 0.005590067245066166 0.005587474908679724 0.005574188195168972 0.005548570770770311 0.005528947804123163 0.005539554171264172 0.005566990002989769 0.005587075836956501 0.005590192042291164 0.00559032941237092 0.005590315442532301 0.0055902921594679356 0.0055902814492583275 0.005590278655290604 0.005590278655290604 0.005590278655290604 0.005590278655290604 0.005590278655290604 0.005590278655290604 0.005590278655290604 0.005590278655290604 0.005590278655290604 0.005590278655290604 0.005590278655290604 0.005590278655290604 0.005590278655290604 0.005590278655290604 0.005590278655290604 0.005590278655290604 0.005590278655290604 0.005590280517935753 0.005590285640209913 0.005590242799371481 0.005589603446424007 0.005582774989306927 0.0055385613813996315 0.005407190881669521 0.005100177600979805 0.004084187559783459 0.003967339172959328
0.00559026375412941 0.005590094719082117 0.005588391795754433 0.00557699566707015 0.005539330653846264 0.0054802861995995045 0.0054425932466983795 0.005473241209983826 0.00553940050303936 0.005583159625530243 0.005590005312114954 0.0055902935564517975 0.0055902921594679356 0.005590283777564764 0.005590279586613178 0.005590278655290604 0.005590278655290604 0.005590278655290604 0.005590278655290604 0.005590278655290604 0.005590278655290604 0.005590278655290604 0.005590278655290604 0.005590278655290604 0.005590278655290604 0.005590278655290604 0.005590278655290604 0.005590278655290604 0.005590278655290604 0.005590278655290604 0.005590278655290604 0.005590279120951891 0.0055902814492583275 0.005590234417468309 0.00558952521532774 0.005582996644079685 0.005546021740883589 0.005417702253907919 0.005074260290712118 0.004545111209154129 0.0034835427068173885 0.0036358782090246677
0.005590081214904785 0.005588587839156389 0.00558152049779892 0.005554208066314459 0.005489663686603308 0.005408580880612135 0.005367476027458906 0.005422050133347511 0.005524103529751301 0.005580793600529432 0.005589949432760477 0.005590278189629316 0.005590280517935753 0.005590279120951891 0.005590278655290604 0.005590278655290604 0.005590278655290604 0.005590278655290604 0.005590278655290604 0.005590278655290604 0.005590278655290604 0.005590278655290604 0.005590278655290604 0.005590278655290604 0.005590278655290604 0.005590278655290604 0.005590278655290604 0.005590278655290604 0.005590278655290604 0.005590278655290604 0.005590278655290604 0.005590278655290604 0.005590242333710194 0.005589431617408991 0.005581022705882788 0.005539564415812492 0.0053823161870241165 0.00502968393266201 0.004544260445982218 0.003948953002691269 0.003304412355646491 0.0037719402462244034
0.0055884867906570435 0.005581204779446125 0.005566556006669998 0.005534342490136623 0.0054723783396184444 0.005400228314101696 0.005374802742153406 0.005437928717583418 0.0055326116271317005 0.005582742393016815 0.005590020213276148 0.005590277258306742 0.005590278655290604 0.005590278655290604 0.005590278655290604 0.005590278655290604 0.005590278655290604 0.005590278655290604 0.005590278655290604 0.005590278655290604 0.005590278655290604 0.005590278655290604 0.005590278655290604 0.005590278655290604 0.005590278655290604 0.005590278655290604 0.005590278655290604 0.005590278655290604 0.005590278655290604 0.005590278655290604 0.005590278655290604 0.00559026887640357 0.0055896989069879055 0.0055816806852817535 0.005522782448679209 0.005323662888258696 0.004816744476556778 0.0040672095492482185 0.0033966146875172853 0.003152609569951892 0.002741734031587839 0.0035730383824557066
