2D_landslide/Landslide/figures/8u.txt
ncols   200
nrows   200
xllcorner   0
yllcorner   0
cellsize   12.5
NODATA_value   -9999.00000
[rows 57 to 75 of 200, columns 126 to 167 of 200]
0.547346293926239 0.630622386932373 0.6683744192123413 0.6489130258560181 0.5661408305168152 0.4299376904964447 0.2547741234302521 0.08909860253334045 -0.008827158249914646 -0.03553308546543121 -0.033111702650785446 -0.02632908523082733 -0.021261703222990036 -0.01756223477423191 -0.013930857181549072 -0.009672117419540882 -0.00513085164129734 -0.0011944347061216831 0.0011638244614005089 0.0021237116307020187 0.0009876629337668419 -0.007106105796992779 -0.03787946701049805 -0.10403156280517578 -0.1752311885356903 -0.2072843462228775 -0.19707392156124115 -0.15148508548736572 -0.08680455386638641 -0.04408698156476021 -0.015502849593758583 0.0019090736750513315 0.00538795068860054 0.005586153361946344 0.0055902255699038506 0.005590276792645454 0.005590278189629316 0.005590278655290604 0.005590278655290604 0.005590278189629316 0.005590278189629316 0.005590277723968029
0.7006393074989319 0.8163792490959167 0.868008017539978 0.8501842021942139 0.7581945657730103 0.6010682582855225 0.3967750072479248 0.18008030951023102 0.02585904486477375 -0.029534202069044113 -0.03585377708077431 -0.031762540340423584 -0.028321895748376846 -0.02582167461514473 -0.02292301319539547 -0.01782122813165188 -0.011143987998366356 -0.004697606898844242 -0.0006700204685330391 0.0008828188292682171 -0.0012274272739887238 -0.014857297763228416 -0.06403669714927673 -0.15452513098716736 -0.21697020530700684 -0.20236679911613464 -0.1765945851802826 -0.16582612693309784 -0.11283628642559052 -0.05615692958235741 -0.021396176889538765 0.001074154395610094 0.005376939196139574 0.005586649291217327 0.005590235348790884 0.005590276792645454 0.005590278189629316 0.005590278655290604 0.005590278655290604 0.005590278189629316 0.005590278189629316 0.005590277723968029
0.841241180896759 0.9633064866065979 1.004974365234375 0.9862767457962036 0.9077615737915039 0.7514172196388245 0.5305731892585754 0.27880915999412537 0.07233278453350067 -0.017709432169795036 -0.03586820513010025 -0.034945204854011536 -0.032945066690444946 -0.031584952026605606 -0.02965039387345314 -0.024928521364927292 -0.017276259139180183 -0.008968797512352467 -0.003323630429804325 -0.0011926530860364437 -0.004440274089574814 -0.024707134813070297 -0.08984687924385071 -0.18919146060943604 -0.2097887545824051 -0.12288910150527954 -0.07867798209190369 -0.12935861945152283 -0.1288871318101883 -0.06566928327083588 -0.02439311146736145 0.0008716210722923279 0.005393681116402149 0.005587196908891201 0.005590240471065044 0.005590277258306742 0.005590278189629316 0.005590278655290604 0.005590278655290604 0.005590278189629316 0.005590278189629316 0.005590277723968029
0.9651365280151367 1.0517370700836182 1.0856809616088867 1.0650293827056885 0.9910672903060913 0.8698340058326721 0.6512143611907959 0.3810994327068329 0.1319793313741684 0.001542112324386835 -0.03266261890530586 -0.03616144880652428 -0.035323094576597214 -0.03469213843345642 -0.033910173922777176 -0.03052176907658577 -0.023714186623692513 -0.014408262446522713 -0.0072969794273376465 -0.0044426750391721725 -0.009399596601724625 -0.03680312633514404 -0.11420677602291107 -0.20729927718639374 -0.1809837967157364 -0.03745696693658829 0.024527810513973236 -0.07737104594707489 -0.13998450338840485 -0.07601794600486755 -0.025515645742416382 0.0009336415678262711 0.005401440896093845 0.005587151739746332 0.0055902330204844475 0.005590276792645454 0.005590278189629316 0.005590278655290604 0.005590278655290604 0.005590278655290604 0.005590278189629316 0.005590278189629316
1.052589774131775 1.156878113746643 1.3072357177734375 1.2748034000396729 1.0819674730300903 0.95127934217453 0.7586480379104614 0.4801120162010193 0.20192775130271912 0.027407526969909668 -0.026940666139125824 -0.035780854523181915 -0.03614412993192673 -0.03591692075133324 -0.03567802906036377 -0.03403397276997566 -0.028788506984710693 -0.02018919587135315 -0.012629251927137375 -0.00930456817150116 -0.016052991151809692 -0.04867645725607872 -0.1301295906305313 -0.21403658390045166 -0.16487617790699005 0.0008622459135949612 0.07181856036186218 -0.04967117682099342 -0.15135812759399414 -0.0872119814157486 -0.02621322125196457 0.0008139591664075851 0.005374461878091097 0.005585850216448307 0.005590192042291164 0.005590274930000305 0.005590278189629316 0.005590278189629316 0.005590278655290604 0.005590278655290604 0.005590278189629316 0.005590278655290604
1.142989158630371 1.4747856855392456 1.851556420326233 1.757307529449463 1.2976597547531128 1.0252257585525513 0.8638160228729248 0.5883055925369263 0.3005288541316986 0.08036458492279053 -0.009581111371517181 -0.03161708638072014 -0.03559324890375137 -0.03606829792261124 -0.036186426877975464 -0.03585628792643547 -0.033110182732343674 -0.026800300925970078 -0.019961174577474594 -0.017266511917114258 -0.026310689747333527 -0.06110747531056404 -0.14107215404510498 -0.21610286831855774 -0.1681167036294937 -0.008857371285557747 0.07094310224056244 -0.04594115912914276 -0.16351398825645447 -0.10292668640613556 -0.029016993939876556 -0.00010137958452105522 0.0052502951584756374 0.005580272991210222 0.005589988082647324 0.005590262822806835 0.005590276326984167 0.005590277723968029 0.005590278189629316 0.005590278189629316 0.005590278189629316 0.005590278655290604
1.2835838794708252 1.8404713869094849 2.280179738998413 2.109145402908325 1.4845926761627197 1.0951586961746216 0.939605712890625 0.6688866019248962 0.3711499869823456 0.12443940341472626 0.005959520116448402 -0.02876550331711769 -0.034937094897031784 -0.03601204976439476 -0.03613317012786865 -0.0361546166241169 -0.035004328936338425 -0.031464967876672745 -0.027105662971735 -0.025918051600456238 -0.035659853368997574 -0.06898871064186096 -0.1388070434331894 -0.2094569355249405 -0.19207359850406647 -0.07516308128833771 0.0031009360682219267 -0.0728994756937027 -0.175791934132576 -0.12024199962615967 -0.034609004855155945 -0.0021513360552489758 0.004916311241686344 0.005557670723646879 0.005588803440332413 0.005590167827904224 0.005590260028839111 0.005590271670371294 0.005590274464339018 0.00559027586132288 0.005590277258306742 0.005590278189629316
1.4286210536956787 2.0435683727264404 2.4340591430664062 2.2041807174682617 1.5441023111343384 1.1489633321762085 0.9973816275596619 0.7256761789321899 0.4295196533203125 0.16816945374011993 0.023607265204191208 -0.024906611070036888 -0.03447607904672623 -0.03604421392083168 -0.036147795617580414 -0.03620557859539986 -0.035950783640146255 -0.034801896661520004 -0.033497076481580734 -0.03506994619965553 -0.0442165844142437 -0.07149913907051086 -0.12803149223327637 -0.19111382961273193 -0.20542791485786438 -0.14115390181541443 -0.07425294816493988 -0.10896816849708557 -0.18572890758514404 -0.1431148499250412 -0.0476309172809124 -0.006360270082950592 0.003967417869716883 0.00545555679127574 0.005580247845500708 0.0055892588570714 0.005590085871517658 0.005590209737420082 0.005590240936726332 0.005590253975242376 0.005590265151113272 0.005590273533016443
1.4983694553375244 2.0258641242980957 2.3201751708984375 2.0735013484954834 1.496062994003296 1.1763412952423096 1.0309109687805176 0.7640730738639832 0.4769364297389984 0.21720369160175323 0.04826544225215912 -0.018340015783905983 -0.03347808122634888 -0.036025479435920715 -0.03616734594106674 -0.036195337772369385 -0.036250632256269455 -0.036451712250709534 -0.037669941782951355 -0.0411352775990963 -0.050329793244600296 -0.0706765204668045 -0.10956545174121857 -0.1618320196866989 -0.19530797004699707 -0.1783628761768341 -0.13634583353996277 -0.14135859906673431 -0.19164803624153137 -0.171193465590477 -0.0730261355638504 -0.015119971707463264 0.0013833208940923214 0.004994421731680632 0.005522445309907198 0.005581339821219444 0.005588502623140812 0.005589699372649193 0.0055899955332279205 0.005590115208178759 0.005590186920017004 0.0055902376770973206
1.505306363105774 1.8853334188461304 2.0789754390716553 1.864379644393921 1.440232515335083 1.182490348815918 1.0487505197525024 0.8131446838378906 0.545269250869751 0.28610455989837646 0.09302148222923279 -2.7507543563842773e-05 -0.02948911115527153 -0.03518131747841835 -0.03588360175490379 -0.03590123727917671 -0.035714417695999146 -0.035747651010751724 -0.037351273000240326 -0.04183109849691391 -0.0503230020403862 -0.06507818400859833 -0.09342025220394135 -0.1310998499393463 -0.1711454689502716 -0.1826360821723938 -0.1587561070919037 -0.14872679114341736 -0.18552035093307495 -0.20160718262195587 -0.1237228661775589 -0.03534689173102379 -0.005229580216109753 0.003202793886885047 0.005165861453860998 0.005522817838937044 0.005576792173087597 0.005586329381912947 0.005588768050074577 0.005589524749666452 0.005589859560132027 0.005590059794485569
1.4250400066375732 1.5944222211837769 1.6901777982711792 1.5641924142837524 1.3270423412322998 1.1617563962936401 1.0405941009521484 0.841313362121582 0.5998347401618958 0.3550800681114197 0.1480734795331955 0.022809594869613647 -0.02229766547679901 -0.03365404158830643 -0.03543274104595184 -0.03542383015155792 -0.034354519098997116 -0.032313186675310135 -0.029945537447929382 -0.030590951442718506 -0.03499111905694008 -0.04416671767830849 -0.06301656365394592 -0.09415073692798615 -0.13717803359031677 -0.17188972234725952 -0.17444013059139252 -0.1589992642402649 -0.17354439198970795 -0.21071764826774597 -0.17919205129146576 -0.07452116906642914 -0.017487522214651108 -0.0009767166338860989 0.004052449949085712 0.005281141027808189 0.005530248396098614 0.005576286930590868 0.005586087238043547 0.005588552914559841 0.005589371081441641 0.005589742679148912
1.3648544549942017 1.4119755029678345 1.4256905317306519 1.3640995025634766 1.2416499853134155 1.120617151260376 1.0116180181503296 0.8585591316223145 0.6595380306243896 0.4359312057495117 0.2189352959394455 0.06573744118213654 -0.006639582104980946 -0.029289033263921738 -0.0338648296892643 -0.034024808555841446 -0.031259797513484955 -0.02452658675611019 -0.013201240450143814 -0.0039025386795401573 0.00017132237553596497 -0.0049887001514434814 -0.02178880386054516 -0.05350214242935181 -0.10011909902095795 -0.1525513082742691 -0.18028052151203156 -0.166947141289711 -0.15546098351478577 -0.1901148110628128 -0.21589243412017822 -0.13882969319820404 -0.043397899717092514 -0.008464863523840904 0.0014890390448272228 0.004694800823926926 0.005426336545497179 0.005559353157877922 0.00558328116312623 0.005587891209870577 0.0055891405791044235 0.005589569918811321
1.3471697568893433 1.3330262899398804 1.3063501119613647 1.2563868761062622 1.1791480779647827 1.0732625722885132 0.9655942320823669 0.8554693460464478 0.7110135555267334 0.5271444916725159 0.31715333461761475 0.13514144718647003 0.02538277581334114 -0.017827099189162254 -0.02945687621831894 -0.029784608632326126 -0.023796170949935913 -0.008447740226984024 0.017268717288970947 0.04448290169239044 0.06122956424951553 0.05889459326863289 0.036988381296396255 -0.005960049107670784 -0.06613902747631073 -0.134685680270195 -0.1801241636276245 -0.16579823195934296 -0.12137077748775482 -0.1359102725982666 -0.19799864292144775 -0.20485980808734894 -0.09763121604919434 -0.022420043125748634 -0.002445455640554428 0.00365199102088809 0.005274984985589981 0.005543078761547804 0.0055824932642281055 0.0055883703753352165 0.005589487962424755 0.005589725915342569
1.329270362854004 1.2940772771835327 1.242751121520996 1.1952608823776245 1.1536811590194702 1.0922433137893677 0.9728940725326538 0.8274556398391724 0.702812910079956 0.5852737426757812 0.4250536262989044 0.23816439509391785 0.08540356159210205 0.010073252022266388 -0.014039957895874977 -0.01691739819943905 -0.003445817157626152 0.02893603779375553 0.07773314416408539 0.12453636527061462 0.15288038551807404 0.14859941601753235 0.11137025058269501 0.04530281573534012 -0.03963661938905716 -0.1275629699230194 -0.16990014910697937 -0.12067456543445587 -0.00821144599467516 0.0709981620311737 -0.001935283187776804 -0.18635524809360504 -0.19461369514465332 -0.06741303205490112 -0.012354129925370216 0.0016567567363381386 0.004994337912648916 0.005517732352018356 0.005582309793680906 0.005588964559137821 0.0055898576974868774 0.005589996464550495
1.2966995239257812 1.2520238161087036 1.1855369806289673 1.13859224319458 1.1644892692565918 1.2661011219024658 1.2526119947433472 1.0750170946121216 0.7961924076080322 0.5739127993583679 0.4445778727531433 0.3043225109577179 0.14820991456508636 0.04811882600188255 0.010267170146107674 0.005972763989120722 0.02975376881659031 0.08041825890541077 0.15518470108509064 0.2204829305410385 0.25286543369293213 0.24328020215034485 0.18949280679225922 0.09933201968669891 -0.014424310997128487 -0.12017029523849487 -0.16470877826213837 -0.08827471733093262 0.12023372948169708 0.2711930572986603 0.26835203170776367 0.020131003111600876 -0.210191011428833 -0.14643903076648712 -0.031355757266283035 -0.00025479821488261223 0.004857978783547878 0.005526102147996426 0.005585768260061741 0.005589755717664957 0.005590144079178572 0.00559019111096859
1.2574714422225952 1.207383155822754 1.1342809200286865 1.134272575378418 1.346482276916504 1.7018258571624756 1.9377894401550293 1.8713414669036865 1.381778597831726 0.8265572786331177 0.463509202003479 0.3151576817035675 0.19635280966758728 0.093862384557724 0.04832470417022705 0.04638398066163063 0.08530007302761078 0.15776462852954865 0.24853366613388062 0.31695014238357544 0.34509187936782837 0.3242301046848297 0.25406691431999207 0.14031054079532623 0.003579153912141919 -0.11768341064453125 -0.15044310688972473 -0.002042636275291443 0.27958327531814575 0.5882731676101685 0.6424880623817444 0.3975130021572113 -0.050950512290000916 -0.21259573101997375 -0.07852979004383087 -0.0038817189633846283 0.0047766719944775105 0.005536157637834549 0.005587608553469181 0.005590059794485569 0.0055902376770973206 0.005590253509581089
1.2200781106948853 1.1620099544525146 1.101868748664856 1.2602202892303467 1.8266147375106812 2.4465408325195312 2.8613290786743164 2.7655205726623535 2.1963489055633545 1.39412260055542 0.662990391254425 0.33337685465812683 0.21424627304077148 0.1352032870054245 0.0963921844959259 0.10497789084911346 0.15913386642932892 0.2474672645330429 0.3347547948360443 0.394292414188385 0.41027894616127014 0.3781275749206543 0.2953909635543823 0.16608880460262299 0.012000275775790215 -0.11450538039207458 -0.11379687488079071 0.1207953691482544 0.5165760517120361 0.9557255506515503 1.1163396835327148 0.9346566200256348 0.3590211868286133 -0.15927258133888245 -0.15091201663017273 -0.015147829428315163 0.004488140810281038 0.005538612604141235 0.0055885701440274715 0.005590173415839672 0.005590261425822973 0.005590269807726145
1.1805596351623535 1.1052674055099487 1.2443656921386719 1.9315024614334106 2.8231873512268066 3.5583202838897705 3.8665876388549805 3.707104206085205 3.0735599994659424 2.15346097946167 1.1250014305114746 0.47680583596229553 0.22892193496227264 0.15676499903202057 0.13629184663295746 0.1623426377773285 0.22606182098388672 0.3082439601421356 0.38030245900154114 0.43658551573753357 0.4529931843280792 0.4176340401172638 0.3335305452346802 0.1947106570005417 0.05035009607672691 -0.037910521030426025 0.0976906418800354 0.5466117858886719 1.122232437133789 1.6319832801818848 1.9785839319229126 1.8184982538223267 1.3270564079284668 0.40744587779045105 -0.19891375303268433 -0.07545611262321472 0.0010851072147488594 0.00546742370352149 0.005587518680840731 0.005590156652033329 0.005590264219790697 0.005590272601693869
1.1223050355911255 1.1362985372543335 1.7650021314620972 2.8219246864318848 3.7519588470458984 4.286853790283203 4.376035690307617 4.059181213378906 3.3651301860809326 2.3670713901519775 1.2307885885238647 0.5548474788665771 0.2655506730079651 0.18099969625473022 0.16589508950710297 0.20070776343345642 0.27369260787963867 0.3766627609729767 0.5089866518974304 0.6014273166656494 0.5916352868080139 0.5232910513877869 0.4175819456577301 0.2647213637828827 0.10635918378829956 0.08966852724552155 0.2998879551887512 0.8219923973083496 1.4998321533203125 2.1663424968719482 2.510467052459717 2.5148708820343018 2.017620325088501 1.073988676071167 0.03262870013713837 -0.1555972695350647 -0.010028540156781673 0.0052289231680333614 0.005585297476500273 0.005590089131146669 0.005590258631855249 0.005590270739048719
