2D_landslide/Landslide/figures/8u.txt
ncols   200
nrows   200
xllcorner   0
yllcorner   0
cellsize   12.5
NODATA_value   -9999.00000
[rows 171 to 189 of 200, columns 126 to 167 of 200]
-0.013500934466719627 -0.014740081503987312 -0.015482580289244652 -0.01616101898252964 -0.016277913004159927 -0.015871014446020126 -0.012854507192969322 -0.0064874738454818726 0.0010588695295155048 0.004828084260225296 0.0055503542535007 0.005589345935732126 0.005590214394032955 0.005590260960161686 0.005590273533016443 0.005590276326984167 0.005590276792645454 0.005590276792645454 0.005590274464339018 0.0055902693420648575 0.005590259097516537 0.00559025164693594 0.0055902572348713875 0.005590276326984167 0.005590485408902168 0.00559280114248395 0.005603195633739233 0.005622804630547762 0.005633996799588203 0.005622324533760548 0.005602354183793068 0.00559230986982584 0.005590409506112337 0.0055902814492583275 0.005590279120951891 0.005590279586613178 0.005590279120951891 0.005590278655290604 0.005590278655290604 0.005590278655290604 0.005590278189629316 0.005590278655290604
-0.002833208069205284 -0.005891222506761551 -0.00892764050513506 -0.012397266924381256 -0.014370463788509369 -0.014834417030215263 -0.012298570945858955 -0.006926349364221096 0.0002676011063158512 0.004573498852550983 0.005524095613509417 0.005588516127318144 0.00559020834043622 0.005590260028839111 0.005590271670371294 0.005590274930000305 0.0055902753956615925 0.005590274464339018 0.005590269807726145 0.005590258166193962 0.005590236280113459 0.00559021532535553 0.005590221844613552 0.0055902739986777306 0.005590645596385002 0.005593620240688324 0.005606082733720541 0.005630320869386196 0.005646148696541786 0.005633758846670389 0.005608037114143372 0.005593634210526943 0.0055905296467244625 0.005590285174548626 0.005590278655290604 0.005590278655290604 0.005590278655290604 0.005590278655290604 0.005590278655290604 0.005590278655290604 0.005590278655290604 0.005590278655290604
0.003482718486338854 0.001429468858987093 -0.0018887287005782127 -0.007219267077744007 -0.0116493571549654 -0.01388525776565075 -0.012753944844007492 -0.008664203807711601 -0.0014708396047353745 0.003862198907881975 0.005438386462628841 0.005584810860455036 0.005590148735791445 0.005590260494500399 0.005590271670371294 0.005590274464339018 0.005590274464339018 0.005590272601693869 0.005590265616774559 0.005590246059000492 0.005590203683823347 0.005590149667114019 0.005590150598436594 0.005590507760643959 0.005593112204223871 0.00560179864987731 0.005617518909275532 0.005638344679027796 0.005654159002006054 0.005644753109663725 0.005616317968815565 0.005596368573606014 0.005590879824012518 0.005590301007032394 0.005590279120951891 0.005590278655290604 0.005590278655290604 0.005590278655290604 0.005590278655290604 0.005590278655290604 0.005590278655290604 0.005590278655290604
0.005299581680446863 0.0046368613839149475 0.0025932707358151674 -0.0020665577612817287 -0.008509598672389984 -0.012865075841546059 -0.01338132843375206 -0.01082601584494114 -0.00436797458678484 0.002397130709141493 0.005177410785108805 0.005568365566432476 0.005589666776359081 0.005590252112597227 0.005590272601693869 0.005590274930000305 0.005590274930000305 0.005590272601693869 0.005590264685451984 0.00559023953974247 0.005590173415839672 0.0055900635197758675 0.005590161774307489 0.005594038404524326 0.005621475167572498 0.005692961160093546 0.00575747387483716 0.005748127121478319 0.0056994897313416 0.0056623597629368305 0.005628752987831831 0.005602147430181503 0.005591959226876497 0.005590374581515789 0.005590282380580902 0.005590279586613178 0.005590279120951891 0.005590278655290604 0.005590278655290604 0.005590278655290604 0.005590278655290604 0.005590278655290604
0.005558614619076252 0.005410271696746349 0.004596263635903597 0.0013902988284826279 -0.005237653851509094 -0.011525889858603477 -0.013774987310171127 -0.0127759650349617 -0.007745434530079365 -0.00019860407337546349 0.004432941786944866 0.005487601738423109 0.005585326813161373 0.005590070504695177 0.00559026375412941 0.005590274464339018 0.0055902753956615925 0.005590273533016443 0.005590266548097134 0.005590240471065044 0.00559015991166234 0.0055900258012115955 0.0055919853039085865 0.005625021643936634 0.005802441388368607 0.0061769429594278336 0.006475275848060846 0.006402132101356983 0.006062254309654236 0.005781876854598522 0.005662658251821995 0.005615057423710823 0.0055953143164515495 0.005590725224465132 0.005590302869677544 0.005590283777564764 0.0055902800522744656 0.005590279120951891 0.005590278655290604 0.005590278655290604 0.005590278655290604 0.005590278655290604
0.005587480496615171 0.005563278682529926 0.005318355746567249 0.003686023410409689 -0.001631793100386858 -0.008999794721603394 -0.01306481845676899 -0.013606367632746696 -0.01038750633597374 -0.003460891544818878 0.0028715073131024837 0.005171381868422031 0.00555336894467473 0.00558756198734045 0.0055900379084050655 0.005590234883129597 0.005590260494500399 0.005590262357145548 0.005590252112597227 0.00559022044762969 0.0055901422165334225 0.005590679589658976 0.005609748885035515 0.005789098329842091 0.0064430199563503265 0.007484783418476582 0.008206011727452278 0.008081601932644844 0.0072483220137655735 0.006335286423563957 0.00582829350605607 0.005656526889652014 0.005605424288660288 0.005592194385826588 0.005590415559709072 0.005590303801000118 0.005590285174548626 0.005590279586613178 0.005590278655290604 0.005590278655290604 0.005590278655290604 0.005590278655290604
0.0055900332517921925 0.00558670237660408 0.005531678907573223 0.004926098510622978 0.0017802559304982424 -0.004751220345497131 -0.01041393168270588 -0.012714626267552376 -0.01115509495139122 -0.006041151471436024 0.0007073497399687767 0.004346316214650869 0.0053864736109972 0.005562897305935621 0.0055863093584775925 0.005589338485151529 0.0055898805148899555 0.0055899894796311855 0.0055899666622281075 0.00558987632393837 0.0055900393053889275 0.005598716903477907 0.005712747573852539 0.006325781811028719 0.007774047553539276 0.009463408030569553 0.010420884937047958 0.010254191234707832 0.009090187028050423 0.007517693098634481 0.006336049642413855 0.005802118685096502 0.005637519061565399 0.005597141105681658 0.005590853281319141 0.005590373184531927 0.005590302404016256 0.005590282380580902 0.005590279120951891 0.005590278655290604 0.005590278655290604 0.005590278655290604
0.005590259097516537 0.005589914973825216 0.005581673700362444 0.005444652400910854 0.004298944491893053 0.00037387851625680923 -0.005208809860050678 -0.00899503380060196 -0.009287791326642036 -0.006144694052636623 -0.0008567636832594872 0.0031110658310353756 0.004896407946944237 0.005426038056612015 0.005551024805754423 0.005577606614679098 0.005584399681538343 0.005586402025073767 0.005586955696344376 0.0055872113443911076 0.005591895431280136 0.0056554898619651794 0.006065043155103922 0.007355299778282642 0.009401317685842514 0.011187435127794743 0.012020031921565533 0.011798739433288574 0.010582748800516129 0.00876647885888815 0.007082538213580847 0.006088791415095329 0.005707160569727421 0.005607804283499718 0.005591826979070902 0.005590524990111589 0.005590343382209539 0.005590288899838924 0.005590279586613178 0.005590278655290604 0.005590278655290604 0.005590278655290604
0.005590276792645454 0.005590240005403757 0.0055892253294587135 0.005566505249589682 0.005293297581374645 0.0038515878841280937 0.0005182549357414246 -0.003213810734450817 -0.005039636977016926 -0.004110292531549931 -0.0010286765173077583 0.002016533399000764 0.004046949557960033 0.00499662384390831 0.0053702462464571 0.005494692362844944 0.0055390046909451485 0.005556848365813494 0.005565708968788385 0.0055739060044288635 0.005620814394205809 0.005907952785491943 0.006873172242194414 0.008732927963137627 0.010803837329149246 0.01221252791583538 0.012732267379760742 0.012377973645925522 0.011179541237652302 0.009389994665980339 0.007586014457046986 0.0063472287729382515 0.00578229408711195 0.005619374103844166 0.005592762492597103 0.005590674467384815 0.005590395536273718 0.005590299144387245 0.005590280517935753 0.005590278655290604 0.005590278655290604 0.005590278655290604
0.005590278189629316 0.005590274464339018 0.005590167362242937 0.00558760529384017 0.005548915360122919 0.005251735914498568 0.004189131781458855 0.0022128394339233637 0.00036674225702881813 -0.0002907728776335716 0.0005728136748075485 0.0019673737697303295 0.0033443309366703033 0.004315721802413464 0.0049043577164411545 0.00518950168043375 0.005339016206562519 0.005418453365564346 0.005473922472447157 0.005544859450310469 0.005792825482785702 0.006556191947311163 0.008059635758399963 0.009972394444048405 0.01154118962585926 0.012432411313056946 0.012584024108946323 0.01204594410955906 0.010853616520762444 0.00919411052018404 0.007535889744758606 0.006350023206323385 0.0057822177186608315 0.005617312155663967 0.005592371337115765 0.0055906400084495544 0.005590405780822039 0.0055903042666614056 0.0055902814492583275 0.005590278655290604 0.005590278655290604 0.005590278655290604
0.005590278655290604 0.005590278189629316 0.005590267479419708 0.005590044427663088 0.0055864593014121056 0.0055520739406347275 0.005372747778892517 0.004858588334172964 0.004016399383544922 0.003201441140845418 0.002866139868274331 0.00293067772872746 0.0033247238025069237 0.003806875552982092 0.004270890727639198 0.004610603209584951 0.004857040010392666 0.005051246844232082 0.005256084259599447 0.0055761560797691345 0.006292716600000858 0.007572771981358528 0.009182047098875046 0.010658636689186096 0.011576555669307709 0.01192502211779356 0.011708619073033333 0.010972607880830765 0.009784111753106117 0.008338196203112602 0.007003948092460632 0.006103395950049162 0.005704734940081835 0.005603685509413481 0.005591144785284996 0.005590456537902355 0.005590355955064297 0.005590297747403383 0.0055902814492583275 0.005590278655290604 0.005590278655290604 0.005590278189629316
0.005590278655290604 0.005590278655290604 0.005590277723968029 0.005590260960161686 0.0055900258012115955 0.005587562453001738 0.005571219604462385 0.00550104072317481 0.005313280504196882 0.004980091005563736 0.004581171087920666 0.004217436537146568 0.0039688898250460625 0.003860064083710313 0.003911931999027729 0.004037221893668175 0.0042564114555716515 0.0045664310455322266 0.005058855749666691 0.005843492690473795 0.00703452667221427 0.008446574211120605 0.009646017104387283 0.0104879941791296 0.010823732241988182 0.010697826743125916 0.010184956714510918 0.009356794878840446 0.008308475837111473 0.007228276692330837 0.006343765649944544 0.005819739308208227 0.005629833787679672 0.005593598820269108 0.005590439308434725 0.0055903238244354725 0.005590303335338831 0.005590286571532488 0.0055902800522744656 0.005590278655290604 0.005590278189629316 0.005590277723968029
0.005590278655290604 0.005590278655290604 0.005590279120951891 0.005590278189629316 0.00559026375412941 0.005590112414211035 0.005588950123637915 0.005582075100392103 0.005552535876631737 0.005465671420097351 0.005295571405440569 0.005034425761550665 0.0047020940110087395 0.004333361051976681 0.004044798202812672 0.003861011005938053 0.003930491395294666 0.004344317130744457 0.005208516493439674 0.006443639285862446 0.007843807339668274 0.008966490626335144 0.009607918560504913 0.009842979721724987 0.009672025218605995 0.009175132028758526 0.008534375578165054 0.007809030823409557 0.0070269485004246235 0.006345079280436039 0.005877429619431496 0.005656518507748842 0.005598003976047039 0.005590677727013826 0.0055902921594679356 0.005590284243226051 0.005590282846242189 0.005590280517935753 0.005590278655290604 0.005590277723968029 0.005590276792645454 0.005590276326984167
0.005590278655290604 0.005590279120951891 0.0055902800522744656 0.00559028098359704 0.0055902800522744656 0.005590250249952078 0.005589846521615982 0.005585647653788328 0.005559767130762339 0.00548202358186245 0.005379313137382269 0.005299129523336887 0.005166268441826105 0.00488271564245224 0.004517448600381613 0.00420302664861083 0.0042108893394470215 0.004776901565492153 0.005870603024959564 0.007202839478850365 0.008349031209945679 0.008951551280915737 0.009017040953040123 0.008769513107836246 0.008257882669568062 0.0076988814398646355 0.007136804983019829 0.006612967699766159 0.006170346401631832 0.005842029117047787 0.00566362077370286 0.005601830314844847 0.005591089837253094 0.005590299144387245 0.005590277723968029 0.005590278189629316 0.005590278655290604 0.005590278655290604 0.005590278655290604 0.005590277723968029 0.005590276326984167 0.005590274930000305
0.005590279120951891 0.0055902800522744656 0.0055902800522744656 0.005590277723968029 0.0055902511812746525 0.0055899485014379025 0.005586558487266302 0.005557908210903406 0.005417416803538799 0.005086021032184362 0.004797144327312708 0.0048862239345908165 0.005171355791389942 0.005230378359556198 0.005024300888180733 0.004800446797162294 0.004958938341587782 0.00570800993591547 0.006779658142477274 0.007813820615410805 0.008441734127700329 0.008482767269015312 0.008098192512989044 0.007585572078824043 0.007026348728686571 0.006556784734129906 0.0062051257118582726 0.005938768852502108 0.005754463374614716 0.005646647419780493 0.005601916927844286 0.0055914330296218395 0.005590318236500025 0.005590276326984167 0.00559027586132288 0.005590276792645454 0.005590277723968029 0.005590278189629316 0.005590279120951891 0.0055902800522744656 0.005590278655290604 0.005590274930000305
0.005590276792645454 0.005590273067355156 0.005590258631855249 0.005590189713984728 0.005589732434600592 0.005585952196270227 0.005554832983762026 0.005362170282751322 0.0046495310962200165 0.003301154589280486 0.0022869857493788004 0.002700650133192539 0.0040770359337329865 0.005071272607892752 0.005310170818120241 0.005356712732464075 0.005758165381848812 0.006579698994755745 0.007358865346759558 0.007881379686295986 0.00792742520570755 0.007609521504491568 0.007022528909146786 0.006535796914249659 0.006147697102278471 0.005898528732359409 0.005749241914600134 0.00566575862467289 0.005617804359644651 0.005597115494310856 0.005591230466961861 0.005590331275016069 0.005590276326984167 0.0055902753956615925 0.005590274930000305 0.005590274930000305 0.005590276326984167 0.005590277723968029 0.005590280517935753 0.005590284708887339 0.0055902875028550625 0.005590282846242189
0.005590238608419895 0.005590157583355904 0.0055899047292768955 0.005588853731751442 0.005583109334111214 0.005546534433960915 0.005327347666025162 0.0043510193936526775 0.0016818922013044357 -0.002284643240272999 -0.004876721650362015 -0.003907675854861736 -0.00018041767179965973 0.003333442145958543 0.005001645069569349 0.005626784637570381 0.006270978599786758 0.007039821706712246 0.00748052541166544 0.00753858732059598 0.0072583830915391445 0.0068243518471717834 0.006327838636934757 0.005990874022245407 0.005773908458650112 0.005666858050972223 0.005620065610855818 0.005601059179753065 0.005593169014900923 0.005590770393610001 0.00559031730517745 0.005590276326984167 0.0055902753956615925 0.005590274930000305 0.0055902739986777306 0.005590273533016443 0.005590274464339018 0.005590277258306742 0.0055902814492583275 0.0055902921594679356 0.00559030519798398 0.00559030519798398
0.0055899242870509624 0.0055890632793307304 0.005586306098848581 0.005575673654675484 0.00552673963829875 0.0052853054367005825 0.004228012636303902 0.000849445816129446 -0.005884121172130108 -0.013553690165281296 -0.0177823044359684 -0.016429057344794273 -0.01012028381228447 -0.0022949427366256714 0.0029902521055191755 0.005248332861810923 0.006272267084568739 0.006912951357662678 0.007055262569338083 0.006903639063239098 0.006567081902176142 0.006237069610506296 0.0059618717059493065 0.00576457055285573 0.005650830455124378 0.005606209393590689 0.005593828856945038 0.005591019056737423 0.005590395536273718 0.00559028098359704 0.005590272601693869 0.005590274464339018 0.005590274930000305 0.005590274464339018 0.005590273067355156 0.005590271670371294 0.005590272601693869 0.00559027586132288 0.005590282380580902 0.00559030007570982 0.005590333603322506 0.005590356886386871
0.005588332191109657 0.005582747049629688 0.005563931539654732 0.0054954057559370995 0.005226115230470896 0.004189689643681049 0.0008436148054897785 -0.006849539466202259 -0.01787724532186985 -0.027009867131710052 -0.03085663914680481 -0.029850617051124573 -0.02373175509274006 -0.01300949975848198 -0.0025659631937742233 0.0032941740937530994 0.005558821838349104 0.006315949838608503 0.006397815886884928 0.006237395573407412 0.006049334071576595 0.005929150152951479 0.005818468052893877 0.005696129985153675 0.005620004143565893 0.005594454240053892 0.005590306129306555 0.005590131506323814 0.005590217653661966 0.005590256303548813 0.005590268410742283 0.005590272601693869 0.005590273067355156 0.005590272601693869 0.005590270739048719 0.0055902693420648575 0.005590270273387432 0.005590274464339018 0.005590282846242189 0.005590307060629129 0.005590371321886778 0.005590453278273344
