2D_landslide/Landslide/figures/8u.txt
ncols   200
nrows   200
xllcorner   0
yllcorner   0
cellsize   12.5
NODATA_value   -9999.00000
[rows 133 to 151 of 200, columns 126 to 167 of 200]
1.344177007675171 1.6298394203186035 1.761595606803894 1.8377902507781982 1.8360347747802734 1.7980141639709473 1.610161542892456 1.4605070352554321 1.3342188596725464 1.4474077224731445 1.6710057258605957 1.912155270576477 2.078723192214966 2.1625423431396484 2.2139768600463867 2.21317720413208 2.19964599609375 2.165935754776001 2.160282611846924 2.1304848194122314 2.0673367977142334 2.0327746868133545 2.0116593837738037 2.0167229175567627 2.0341925621032715 2.0490052700042725 2.071408748626709 2.0657010078430176 1.9940117597579956 1.873895287513733 1.7891472578048706 1.6223500967025757 1.467664122581482 1.3801554441452026 1.310878038406372 1.2087751626968384 1.1635057926177979 1.0898878574371338 1.081673264503479 1.017884373664856 0.9364874362945557 0.8560885190963745
1.6303361654281616 1.7243765592575073 1.7859143018722534 1.7817116975784302 1.663495421409607 1.4697158336639404 1.248874545097351 1.2228033542633057 1.3462806940078735 1.5952149629592896 1.8697658777236938 1.9750492572784424 1.996139407157898 2.0030977725982666 2.004631519317627 1.9996905326843262 1.9903059005737305 1.9994933605194092 1.9410676956176758 1.8544681072235107 1.7787431478500366 1.7519103288650513 1.7089651823043823 1.727030873298645 1.7473269701004028 1.7383147478103638 1.7493000030517578 1.6885877847671509 1.5966120958328247 1.4415286779403687 1.4168953895568848 1.2567682266235352 1.1168203353881836 1.0076842308044434 0.9261620044708252 0.8576526045799255 0.7976958751678467 0.7451009750366211 0.7217757105827332 0.6983309388160706 0.646405041217804 0.5861491560935974
1.604931116104126 1.6510870456695557 1.6233196258544922 1.5332752466201782 1.416664481163025 1.2722877264022827 1.2363659143447876 1.3529855012893677 1.584898591041565 1.8703633546829224 1.977394938468933 1.9694103002548218 1.954533338546753 1.9034833908081055 1.825245976448059 1.7689826488494873 1.7377699613571167 1.710711121559143 1.6665318012237549 1.6083673238754272 1.5529441833496094 1.5058457851409912 1.4735620021820068 1.4511322975158691 1.440962791442871 1.3821316957473755 1.3694422245025635 1.2775593996047974 1.1902803182601929 1.0996628999710083 1.0782690048217773 1.0002540349960327 0.917208194732666 0.8388318419456482 0.8204732537269592 0.7948530316352844 0.7619900107383728 0.6930818557739258 0.6387689709663391 0.5596742630004883 0.49397704005241394 0.4115666449069977
1.5078309774398804 1.4632108211517334 1.4376602172851562 1.3731378316879272 1.274429440498352 1.2501591444015503 1.360239863395691 1.5767219066619873 1.828380823135376 1.946219801902771 1.8590413331985474 1.7756019830703735 1.7033488750457764 1.6397125720977783 1.5618523359298706 1.5184850692749023 1.4954485893249512 1.442144513130188 1.356184482574463 1.291318416595459 1.2389978170394897 1.2053197622299194 1.1888819932937622 1.1867598295211792 1.164047360420227 1.164188265800476 1.15123450756073 1.1131870746612549 1.0470733642578125 0.9664551019668579 0.9130010008811951 0.8619451522827148 0.814636766910553 0.7801046371459961 0.7639824151992798 0.7228471636772156 0.6416168212890625 0.5643670558929443 0.49589803814888 0.37129703164100647 0.26070868968963623 0.14846017956733704
1.3785138130187988 1.3578473329544067 1.3700776100158691 1.2934467792510986 1.2402174472808838 1.355086088180542 1.5288004875183105 1.7354427576065063 1.824804663658142 1.7362473011016846 1.574618935585022 1.4835667610168457 1.3929879665374756 1.3258955478668213 1.2636399269104004 1.236574411392212 1.2097235918045044 1.1634258031845093 1.0827330350875854 1.0331164598464966 0.9865465760231018 0.9774414300918579 0.9914824366569519 1.0137040615081787 1.054275393486023 1.0813668966293335 1.0644638538360596 1.0101263523101807 0.9458361864089966 0.8665860891342163 0.8000748157501221 0.7198435664176941 0.6476471424102783 0.5992289185523987 0.5696344971656799 0.4935009181499481 0.3825005888938904 0.2859095335006714 0.1778700202703476 0.06065685302019119 -0.08444878458976746 -0.18830394744873047
1.308902382850647 1.3346118927001953 1.3121509552001953 1.2335940599441528 1.3359606266021729 1.429494023323059 1.5148684978485107 1.596531867980957 1.5713881254196167 1.4074962139129639 1.2422575950622559 1.1311949491500854 1.020688533782959 0.9485216736793518 0.8950878977775574 0.8746901750564575 0.8577641248703003 0.8110843300819397 0.7768235802650452 0.7790337800979614 0.8061076402664185 0.847682774066925 0.8840215802192688 0.9171319007873535 0.9059441089630127 0.8398873209953308 0.7939497828483582 0.7344818711280823 0.6640354990959167 0.6008514165878296 0.5530771017074585 0.48601192235946655 0.39249730110168457 0.28435468673706055 0.18356777727603912 0.08068686723709106 -0.01802845671772957 -0.08685889840126038 -0.16832618415355682 -0.2514779567718506 -0.3247031271457672 -0.3797164857387543
1.296357274055481 1.3244097232818604 1.17319917678833 1.1210981607437134 1.2229125499725342 1.270789384841919 1.3386802673339844 1.3988306522369385 1.2851332426071167 1.1176378726959229 0.9360924363136292 0.7932396531105042 0.68684321641922 0.6168374419212341 0.5749577879905701 0.5579997301101685 0.5523871183395386 0.5453588366508484 0.569385290145874 0.6272968649864197 0.6864471435546875 0.7168968915939331 0.7190486192703247 0.66220623254776 0.6010889410972595 0.536918580532074 0.4811461269855499 0.41320285201072693 0.37042391300201416 0.3351041376590729 0.30049529671669006 0.2351631075143814 0.16184663772583008 0.07765530049800873 0.011069122701883316 -0.06365959346294403 -0.1337815225124359 -0.17045027017593384 -0.18158753216266632 -0.1913170963525772 -0.2151125967502594 -0.2652190923690796
1.2551220655441284 1.1919729709625244 0.9663395285606384 0.9605690240859985 1.0190675258636475 1.0645462274551392 1.1349337100982666 1.1570608615875244 1.003944754600525 0.8202731609344482 0.6468110680580139 0.5058330297470093 0.40337735414505005 0.3313528001308441 0.2805367708206177 0.2678740918636322 0.2751605808734894 0.3082379996776581 0.37300944328308105 0.44814571738243103 0.4833410680294037 0.43611589074134827 0.3689015209674835 0.31004589796066284 0.2533571422100067 0.17921724915504456 0.12811793386936188 0.10477621853351593 0.09025970101356506 0.06482869386672974 0.04812765493988991 0.018835991621017456 -0.005972796119749546 -0.022131934762001038 -0.03035171702504158 -0.027882065623998642 -0.01912100240588188 -0.020567012950778008 -0.035791777074337006 -0.04044211655855179 -0.05295289307832718 -0.09467783570289612
1.1090784072875977 0.9611260890960693 0.7428011298179626 0.7299016714096069 0.7843260169029236 0.8397765159606934 0.9089460968971252 0.8978455066680908 0.738856315612793 0.5749101042747498 0.42707037925720215 0.29756054282188416 0.18720830976963043 0.09807425737380981 0.027003785595297813 0.012985938228666782 0.03420117497444153 0.08742740750312805 0.1514655351638794 0.16553537547588348 0.12902981042861938 0.0773419588804245 0.05154382809996605 0.027791591361165047 -0.016620922833681107 -0.04745527729392052 -0.03467688336968422 -0.02284225821495056 -0.02351202629506588 -0.0249889325350523 -0.024749118834733963 -0.0240371935069561 -0.021565020084381104 -0.018214283511042595 -0.014276513829827309 -0.007029593922197819 0.00338580459356308 0.012250186875462532 0.00015003560110926628 -0.031094111502170563 -0.05384112522006035 -0.06048407033085823
0.8668414950370789 0.6729717254638672 0.46010076999664307 0.4922132194042206 0.5650290846824646 0.6181557774543762 0.6810046434402466 0.6664720177650452 0.5497594475746155 0.4207686185836792 0.28120139241218567 0.1477065086364746 0.01910431869328022 -0.0902017205953598 -0.1675974279642105 -0.19619770348072052 -0.18530815839767456 -0.1608847826719284 -0.15504497289657593 -0.16471971571445465 -0.14468036592006683 -0.1100073754787445 -0.09532353281974792 -0.09670241177082062 -0.0783471167087555 -0.031601693481206894 -0.012962212786078453 -0.00906952004879713 -0.005960678681731224 -0.00297500379383564 -0.002105428371578455 -0.0012296885251998901 0.0001578526571393013 0.0016841981559991837 0.002538733184337616 0.0037836607079952955 0.004865600727498531 0.005570825655013323 0.00849630031734705 0.01288042962551117 0.00375289935618639 -0.02828267589211464
0.627203643321991 0.4244895279407501 0.19927628338336945 0.2603102922439575 0.3274383246898651 0.3810693025588989 0.5213761329650879 0.530911922454834 0.4324161112308502 0.3171996474266052 0.19200681149959564 0.07044419646263123 -0.05446246638894081 -0.1826637238264084 -0.2952159345149994 -0.3456243574619293 -0.3508721888065338 -0.3364228308200836 -0.3105059862136841 -0.259297251701355 -0.20295509696006775 -0.16132842004299164 -0.13360773026943207 -0.083901047706604 -0.018211014568805695 0.0020589332561939955 0.001786598702892661 0.0027770528104156256 0.003935768269002438 0.004659255035221577 0.004813984036445618 0.004834284540265799 0.00492937071248889 0.005037004593759775 0.005160653963685036 0.005395361687988043 0.005512500647455454 0.005571717396378517 0.005594220943748951 0.005810203962028027 0.007529394701123238 0.011594301089644432
0.38427621126174927 0.10414639115333557 -0.049706630408763885 0.015026034787297249 0.08447045087814331 0.1952141970396042 0.39744263887405396 0.41998186707496643 0.34861427545547485 0.2646893560886383 0.1695946455001831 0.05492538586258888 -0.09591236710548401 -0.25983723998069763 -0.38390830159187317 -0.4244281053543091 -0.41623830795288086 -0.3817460238933563 -0.33345043659210205 -0.27730506658554077 -0.22578702867031097 -0.17471958696842194 -0.09643034636974335 -0.014381758868694305 0.00705428421497345 0.004887663759291172 0.004712678957730532 0.005176468752324581 0.005448481068015099 0.005590717773884535 0.005623872857540846 0.005580786149948835 0.005533307790756226 0.005524264648556709 0.005534498021006584 0.00556529825553298 0.005581531208008528 0.005588560830801725 0.005590052343904972 0.005590367130935192 0.0055955927819013596 0.005665202625095844
0.07294569909572601 -0.1869674026966095 -0.29061710834503174 -0.21338054537773132 -0.1130722165107727 0.09055835008621216 0.2958398461341858 0.34329766035079956 0.30922797322273254 0.25463977456092834 0.15544046461582184 0.025222867727279663 -0.1472793072462082 -0.3186010420322418 -0.41955339908599854 -0.4325333833694458 -0.407766193151474 -0.3722968101501465 -0.3296176493167877 -0.27442100644111633 -0.20308475196361542 -0.10493290424346924 -0.01054411381483078 0.009551596827805042 0.005546897184103727 0.005198514088988304 0.005409645847976208 0.005530838388949633 0.005597447976469994 0.005637607537209988 0.005654509179294109 0.0056303334422409534 0.005597290117293596 0.005584292113780975 0.005581580102443695 0.005585778970271349 0.00558861019089818 0.005589955020695925 0.005590229295194149 0.00559027586132288 0.005590280517935753 0.005590355489403009
-0.34251272678375244 -0.5035229325294495 -0.5035446286201477 -0.4035860002040863 -0.20120762288570404 0.02055736631155014 0.2367609143257141 0.2975347638130188 0.27103209495544434 0.2077595293521881 0.1130194365978241 -0.011796308681368828 -0.19700436294078827 -0.34978392720222473 -0.40068840980529785 -0.38873299956321716 -0.359153687953949 -0.3175848126411438 -0.25734663009643555 -0.1749660074710846 -0.07203111052513123 0.0027740532532334328 0.012143919244408607 0.005821315571665764 0.005327214952558279 0.005480864085257053 0.00555344857275486 0.005582947283983231 0.005600178148597479 0.005616634618490934 0.0056284349411726 0.005618195049464703 0.005600756499916315 0.005591402295976877 0.005589424632489681 0.005589444190263748 0.00558990566059947 0.005590195767581463 0.0055902679450809956 0.005590277723968029 0.005590278655290604 0.0055902800522744656
-0.6292114853858948 -0.7316227555274963 -0.6941578388214111 -0.5268422961235046 -0.2900616526603699 -0.039675284177064896 0.19655528664588928 0.25126421451568604 0.21556533873081207 0.17136195302009583 0.09940232336521149 -0.03348785638809204 -0.21792751550674438 -0.3297475278377533 -0.34250757098197937 -0.3114624619483948 -0.2651020884513855 -0.20311285555362701 -0.12230134010314941 -0.037300944328308105 0.01341615803539753 0.014084165915846825 0.0063146911561489105 0.005388957913964987 0.005486614070832729 0.00555187975987792 0.0055789039470255375 0.005589131731539965 0.005595225840806961 0.005603862926363945 0.005613784305751324 0.005612116772681475 0.005600825417786837 0.005592789500951767 0.005590416956692934 0.0055900439620018005 0.005590123124420643 0.005590232089161873 0.005590269807726145 0.005590278189629316 0.005590278655290604 0.005590279586613178
-0.8634815216064453 -0.9064887166023254 -0.834038496017456 -0.6138031482696533 -0.3515397012233734 -0.07579906284809113 0.16294167935848236 0.19053786993026733 0.16905373334884644 0.1418454796075821 0.07481907308101654 -0.06563927233219147 -0.22388607263565063 -0.28742316365242004 -0.2631570100784302 -0.2087492048740387 -0.14483337104320526 -0.07296301424503326 -0.008308346383273602 0.019846556708216667 0.014685286208987236 0.006717618089169264 0.00548924133181572 0.005498645827174187 0.005545586813241243 0.00557507062330842 0.005586684215813875 0.0055900984443724155 0.005592037923634052 0.0055958982557058334 0.005602214485406876 0.005604998208582401 0.005600454285740852 0.005593936890363693 0.005590996704995632 0.005590273067355156 0.005590202286839485 0.005590240005403757 0.005590269807726145 0.005590277723968029 0.005590278655290604 0.005590279586613178
-1.0105656385421753 -1.0360007286071777 -0.9178653955459595 -0.6585390567779541 -0.3686649203300476 -0.07706908881664276 0.12155139446258545 0.13216419517993927 0.11435715854167938 0.09352287650108337 0.026019377633929253 -0.1086743026971817 -0.2196185290813446 -0.22532083094120026 -0.16579219698905945 -0.0969323068857193 -0.03503578528761864 0.009710567072033882 0.02298440970480442 0.014279760420322418 0.006961402483284473 0.005581611767411232 0.005525036249309778 0.005543761420994997 0.005569640081375837 0.00558462692424655 0.00558932451531291 0.005590247921645641 0.005590683314949274 0.005591858644038439 0.00559471407905221 0.005598073825240135 0.005597944371402264 0.005594523157924414 0.005591681692749262 0.005590515211224556 0.005590265616774559 0.005590248852968216 0.0055902679450809956 0.005590277258306742 0.005590279120951891 0.0055902800522744656
-1.1097418069839478 -1.1161624193191528 -0.9327234625816345 -0.6379749178886414 -0.3509446978569031 -0.07970733940601349 0.044230543076992035 0.03972484916448593 0.028137704357504845 0.00926997046917677 -0.05798599496483803 -0.155588299036026 -0.18511755764484406 -0.13503214716911316 -0.06096215918660164 -0.007249439135193825 0.022628415375947952 0.026169804856181145 0.014878744259476662 0.007270305883139372 0.005660692695528269 0.005554627161473036 0.00555493263527751 0.005567705724388361 0.005581927020102739 0.005588592495769262 0.005590090062469244 0.005590273533016443 0.005590335000306368 0.005590557120740414 0.005591352470219135 0.005592984613031149 0.005594396498054266 0.005593966692686081 0.005592305678874254 0.005590938497334719 0.005590407177805901 0.0055902814492583275 0.005590273067355156 0.005590279120951891 0.00559028098359704 0.0055902814492583275
-1.106217622756958 -1.1215232610702515 -0.9187036752700806 -0.6156080365180969 -0.34651103615760803 -0.10056306421756744 -0.01553983986377716 -0.03935249522328377 -0.043188754469156265 -0.0634671002626419 -0.11559703946113586 -0.14742134511470795 -0.11571374535560608 -0.047036442905664444 0.0067241862416267395 0.03063541278243065 0.030776120722293854 0.018677134066820145 0.008774674497544765 0.005890947766602039 0.005581720266491175 0.00556666636839509 0.005570138804614544 0.005579728167504072 0.005587418098002672 0.005589878652244806 0.005590247921645641 0.005590277723968029 0.005590283777564764 0.005590310785919428 0.005590448155999184 0.0055909412913024426 0.005591916386038065 0.005592741072177887 0.005592643283307552 0.005591666325926781 0.005590822547674179 0.005590428598225117 0.005590320099145174 0.005590297747403383 0.005590290762484074 0.005590287037193775
